   0.00000000       9.99967861    
   42.4440269       8.98193741    
   132.787796       6.90332842    
   250.000000       4.48817348    
   367.212189       2.47545767    
   457.555969       1.24011326    
   500.000000      0.777205229    
   542.444031      0.569944918    
   632.787781      0.301487863    
   750.000000      0.125411943    
   867.212219       4.35276926E-02
   957.555969       1.35103865E-02
   1000.00000       5.23621310E-03
   1042.44397       3.00466083E-03
   1132.78784       1.02203456E-03
   1250.00000       2.60309229E-04
   1367.21216       5.32362974E-05
   1457.55603       1.14220284E-05
   1500.00000       3.16034743E-06
   1514.14795       2.46857303E-06
   1544.26257       1.52611233E-06
   1583.33337       8.15122178E-07
   1622.40405       3.94442765E-07
   1652.51868       1.87951045E-07
   1666.66663       1.17680948E-07
   1680.81470       8.85269884E-08
   1710.92932       5.10366363E-08
   1750.00000       2.49786769E-08
   1789.07080       1.08782512E-08
   1819.18530       4.51155868E-09
   1833.33337       2.45412890E-09
   1847.48132       1.69665804E-09
   1877.59595       8.15721601E-10
   1916.66663       2.97016245E-10
   1955.73743       7.31517208E-11
   1985.85205      -2.80369326E-12
   2000.00000      -2.21681614E-11
   2014.14807      -2.47383208E-11
   2044.26257      -2.28747767E-11
   2083.33325      -1.65019248E-11
   2122.40405      -1.00496816E-11
   2152.51880      -5.83083885E-12
   2166.66675      -4.20239754E-12
   2180.81470      -3.37362863E-12
   2210.92920      -2.16763825E-12
   2250.00000      -1.19560579E-12
   2289.07080      -5.92876551E-13
   2319.18530      -2.87934986E-13
   2333.33325      -1.82803737E-13
   2347.48145      -1.38387254E-13
   2377.59595      -8.06663154E-14
   2416.66675      -4.00529795E-14
   2455.73755      -1.78234706E-14
   2485.85205      -7.67469194E-15
   2500.00000      -4.36970703E-15
   2514.14795      -3.12164104E-15
   2544.26270      -1.63080598E-15
   2583.33325      -7.02696468E-16
   2622.40405      -2.60691515E-16
   2652.51880      -8.57140300E-17
   2666.66675      -3.37973227E-17
   2680.81470      -1.80906981E-17
   2710.92920      -3.07673179E-18
   2750.00000       2.60904615E-18
   2789.07080       3.12345819E-18
   2819.18530       2.32151796E-18
   2833.33350       1.86784165E-18
   2847.48145       1.55076750E-18
   2877.59595       1.03209920E-18
   2916.66675       5.69214929E-19
   2955.73755       2.55596974E-19
   2985.85205       7.49282042E-20
   3000.00000       2.08844563E-22
