   0.00000000       9.99981689    
   42.4440269       9.41807461    
   132.787796       8.19137573    
   250.000000       6.64239597    
   367.212189       5.16796637    
   457.555969       4.11055088    
   500.000000       3.65304351    
   542.444031       3.30291390    
   632.787781       2.64637351    
   750.000000       1.91600645    
   867.212219       1.29525828    
   957.555969      0.889893770    
   1000.00000      0.726613522    
   1042.44397      0.626176536    
   1132.78784      0.459137112    
   1250.00000      0.298024565    
   1367.21216      0.178401798    
   1457.55603      0.108644418    
   1500.00000       8.27769339E-02
   1514.14795       7.72891715E-02
   1544.26257       6.68053031E-02
   1583.33337       5.47420494E-02
   1622.40405       4.39971201E-02
   1652.51868       3.65788788E-02
   1666.66663       3.34168114E-02
   1680.81470       3.10144387E-02
   1710.92932       2.64840629E-02
   1750.00000       2.13456806E-02
   1789.07080       1.68282818E-02
   1819.18530       1.37441661E-02
   1833.33337       1.24411918E-02
   1847.48132       1.14769945E-02
   1877.59595       9.68235452E-03
   1916.66663       7.67639885E-03
   1955.73743       5.93607360E-03
   1985.85205       4.76112962E-03
   2000.00000       4.26905416E-03
   2014.14807       3.91422817E-03
   2044.26257       3.26243625E-03
   2083.33325       2.54461146E-03
   2122.40405       1.93013763E-03
   2152.51880       1.51990412E-03
   2166.66675       1.34956010E-03
   2180.81470       1.22981088E-03
   2210.92920       1.01272739E-03
   2250.00000       7.77207955E-04
   2289.07080       5.78314997E-04
   2319.18530       4.47009923E-04
   2333.33325       3.92943562E-04
   2347.48145       3.55870725E-04
   2377.59595       2.89548130E-04
   2416.66675       2.18673886E-04
   2455.73755       1.59636562E-04
   2485.85205       1.21095916E-04
   2500.00000       1.05356616E-04
   2514.14795       9.48234665E-05
   2544.26270       7.62264972E-05
   2583.33325       5.66521085E-05
   2622.40405       4.05682986E-05
   2652.51880       3.01828768E-05
   2666.66675       2.59742737E-05
   2680.81470       2.32189013E-05
   2710.92920       1.84110140E-05
   2750.00000       1.34147240E-05
   2789.07080       9.34931813E-06
   2819.18530       6.73653858E-06
   2833.33350       5.67706320E-06
   2847.48145       4.97153860E-06
   2877.59595       3.71969418E-06
   2916.66675       2.37169183E-06
   2955.73755       1.20350694E-06
   2985.85205       3.76497098E-07
   3000.00000       1.06075171E-09
