   0.00000000       9.99617767    
   42.4440269       4.24883049E-03
   132.787796      -5.42121415E-04
   250.000000       1.62539684E-04
   367.212189      -7.08889856E-05
   457.555969       3.65606684E-05
   500.000000      -6.34920616E-06
   542.444031       0.00000000    
   632.787781       0.00000000    
   750.000000       0.00000000    
   867.212219       0.00000000    
   957.555969       0.00000000    
   1000.00000       0.00000000    
   1042.44397       0.00000000    
   1132.78784       0.00000000    
   1250.00000       0.00000000    
   1367.21216       0.00000000    
   1457.55603       0.00000000    
   1500.00000       0.00000000    
   1514.14795       0.00000000    
   1544.26257       0.00000000    
   1583.33337       0.00000000    
   1622.40405       0.00000000    
   1652.51868       0.00000000    
   1666.66663       0.00000000    
   1680.81470       0.00000000    
   1710.92932       0.00000000    
   1750.00000       0.00000000    
   1789.07080       0.00000000    
   1819.18530       0.00000000    
   1833.33337       0.00000000    
   1847.48132       0.00000000    
   1877.59595       0.00000000    
   1916.66663       0.00000000    
   1955.73743       0.00000000    
   1985.85205       0.00000000    
   2000.00000       0.00000000    
   2014.14807       0.00000000    
   2044.26257       0.00000000    
   2083.33325       0.00000000    
   2122.40405       0.00000000    
   2152.51880       0.00000000    
   2166.66675       0.00000000    
   2180.81470       0.00000000    
   2210.92920       0.00000000    
   2250.00000       0.00000000    
   2289.07080       0.00000000    
   2319.18530       0.00000000    
   2333.33325       0.00000000    
   2347.48145       0.00000000    
   2377.59595       0.00000000    
   2416.66675       0.00000000    
   2455.73755       0.00000000    
   2485.85205       0.00000000    
   2500.00000       0.00000000    
   2514.14795       0.00000000    
   2544.26270       0.00000000    
   2583.33325       0.00000000    
   2622.40405       0.00000000    
   2652.51880       0.00000000    
   2666.66675       0.00000000    
   2680.81470       0.00000000    
   2710.92920       0.00000000    
   2750.00000       0.00000000    
   2789.07080       0.00000000    
   2819.18530       0.00000000    
   2833.33350       0.00000000    
   2847.48145       0.00000000    
   2877.59595       0.00000000    
   2916.66675       0.00000000    
   2955.73755       0.00000000    
   2985.85205       0.00000000    
   3000.00000       0.00000000    
