   0.00000000       9.99975872    
   42.4440269       9.23289394    
   132.787796       7.62741327    
   250.000000       5.63925028    
   367.212189       3.80995607    
   457.555969       2.55868912    
   500.000000       2.04575419    
   542.444031       1.72963452    
   632.787781       1.21024466    
   750.000000      0.725460351    
   867.212219      0.383152843    
   957.555969      0.193115562    
   1000.00000      0.124655694    
   1042.44397       9.42562297E-02
   1132.78784       5.40043674E-02
   1250.00000       2.56839748E-02
   1367.21216       1.07326517E-02
   1457.55603       4.35405178E-03
   1500.00000       2.43853498E-03
   1514.14795       2.15169974E-03
   1544.26257       1.66302710E-03
   1583.33337       1.17068202E-03
   1622.40405       7.82861141E-04
   1652.51868       5.41304646E-04
   1666.66663       4.46013466E-04
   1680.81470       3.88646557E-04
   1710.92932       2.93458783E-04
   1750.00000       2.00542476E-04
   1789.07080       1.29460343E-04
   1819.18530       8.62030720E-05
   1833.33337       6.93987822E-05
   1847.48132       5.97078142E-05
   1877.59595       4.40419899E-05
   1916.66663       2.92288205E-05
   1955.73743       1.82281947E-05
   1985.85205       1.16898436E-05
   2000.00000       9.18809201E-06
   2014.14807       7.80357368E-06
   2044.26257       5.62237801E-06
   2083.33325       3.62470792E-06
   2122.40405       2.18524224E-06
   2152.51880       1.34998584E-06
   2166.66675       1.03516993E-06
   2180.81470       8.67715869E-07
   2210.92920       6.10535892E-07
   2250.00000       3.82418989E-07
   2289.07080       2.22996775E-07
   2319.18530       1.32732154E-07
   2333.33325       9.92188873E-08
   2347.48145       8.20632664E-08
   2377.59595       5.63711176E-08
   2416.66675       3.43040760E-08
   2455.73755       1.93545500E-08
   2485.85205       1.11003313E-08
   2500.00000       8.08187117E-09
   2514.14795       6.59337385E-09
   2544.26270       4.41947767E-09
   2583.33325       2.61203059E-09
   2622.40405       1.42587786E-09
   2652.51880       7.87757193E-10
   2666.66675       5.57987656E-10
   2680.81470       4.48781567E-10
   2710.92920       2.93269742E-10
   2750.00000       1.68189865E-10
   2789.07080       8.87525262E-11
   2819.18530       4.71546344E-11
   2833.33350       3.24074864E-11
   2847.48145       2.56260083E-11
   2877.59595       1.61634161E-11
   2916.66675       8.68421394E-12
   2955.73755       3.87349094E-12
   2985.85205       1.13725229E-12
   3000.00000       3.16984865E-15
