   0.00000000       9.99979401    
   42.4440269       9.34392738    
   132.787796       7.96416759    
   250.000000       6.23324060    
   367.212189       4.60501528    
   457.555969       3.45742655    
   500.000000       2.97098351    
   542.444031       2.62705302    
   632.787781       2.01033282    
   750.000000       1.36198843    
   867.212219      0.841685295    
   957.555969      0.518524170    
   1000.00000      0.393118769    
   1042.44397      0.324722528    
   1132.78784      0.219640493    
   1250.00000      0.128472537    
   1367.21216       6.78876713E-02
   1457.55603       3.58602703E-02
   1500.00000       2.47757360E-02
   1514.14795       2.26999894E-02
   1544.26257       1.88810527E-02
   1583.33337       1.46702705E-02
   1622.40405       1.10645546E-02
   1652.51868       8.65846593E-03
   1666.66663       7.66037451E-03
   1680.81470       6.96202368E-03
   1710.92932       5.69970906E-03
   1750.00000       4.33551148E-03
   1789.07080       3.18835373E-03
   1819.18530       2.43420945E-03
   1833.33337       2.12484365E-03
   1847.48132       1.91542134E-03
   1877.59595       1.54352211E-03
   1916.66663       1.14969409E-03
   1955.73743       8.24570539E-04
   1985.85205       6.14015793E-04
   2000.00000       5.28578239E-04
   2014.14807       4.72570420E-04
   2044.26257       3.74854339E-04
   2083.33325       2.73480953E-04
   2122.40405       1.91342304E-04
   2152.51880       1.38944262E-04
   2166.66675       1.17908487E-04
   2180.81470       1.04542160E-04
   2210.92920       8.16298561E-05
   2250.00000       5.83474794E-05
   2289.07080       3.98366756E-05
   2319.18530       2.82061301E-05
   2333.33325       2.35856714E-05
   2347.48145       2.07373596E-05
   2377.59595       1.59397769E-05
   2416.66675       1.11653453E-05
   2455.73755       7.44149111E-06
   2485.85205       5.13727218E-06
   2500.00000       4.23129404E-06
   2514.14795       3.68897622E-06
   2544.26270       2.79130336E-06
   2583.33325       1.91648837E-06
   2622.40405       1.24725977E-06
   2652.51880       8.39485381E-07
   2666.66675       6.80775031E-07
   2680.81470       5.88413229E-07
   2710.92920       4.38104479E-07
   2750.00000       2.94572374E-07
   2789.07080       1.86753439E-07
   2819.18530       1.21909395E-07
   2833.33350       9.68326148E-08
   2847.48145       8.23407120E-08
   2877.59595       5.87091513E-08
   2916.66675       3.57230086E-08
   2955.73755       1.75244583E-08
   2985.85205       5.39372591E-09
   3000.00000       1.51556857E-11
