   0.00000000       9.99986649    
   42.4440269       9.57604885    
   132.787796       8.67845249    
   250.000000       7.53115511    
   367.212189       6.41456795    
   457.555969       5.58727646    
   500.000000       5.21556425    
   542.444031       4.89121628    
   632.787781       4.24173403    
   750.000000       3.45977521    
   867.212219       2.73992753    
   957.555969       2.23307991    
   1000.00000       2.01515603    
   1042.44397       1.84813094    
   1132.78784       1.53315938    
   1250.00000       1.17815876    
   1367.21216      0.870381653    
   1457.55603      0.664519727    
   1500.00000      0.579564333    
   1514.14795      0.557396531    
   1544.26257      0.512670815    
   1583.33337      0.457988799    
   1622.40405      0.406421244    
   1652.51868      0.368911624    
   1666.66663      0.352191985    
   1680.81470      0.337705284    
   1710.92932      0.308655113    
   1750.00000      0.273373872    
   1789.07080      0.240308851    
   1819.18530      0.216395587    
   1833.33337      0.205789283    
   1847.48132      0.196727514    
   1877.59595      0.178667724    
   1916.66663      0.156881109    
   1955.73743      0.136590466    
   1985.85205      0.121999659    
   2000.00000      0.115559869    
   2014.14807      0.110134140    
   2044.26257       9.93877351E-02
   2083.33325       8.65111575E-02
   2122.40405       7.45937228E-02
   2152.51880       6.60725459E-02
   2166.66675       6.23297505E-02
   2180.81470       5.92194796E-02
   2210.92920       5.30971996E-02
   2250.00000       4.58106585E-02
   2289.07080       3.91085148E-02
   2319.18530       3.43427248E-02
   2333.33325       3.22590619E-02
   2347.48145       3.05501297E-02
   2377.59595       2.72061471E-02
   2416.66675       2.32515372E-02
   2455.73755       1.96346883E-02
   2485.85205       1.70751195E-02
   2500.00000       1.59602631E-02
   2514.14795       1.50552662E-02
   2544.26270       1.32922912E-02
   2583.33325       1.12164486E-02
   2622.40405       9.32372641E-03
   2652.51880       7.98625778E-03
   2666.66675       7.40374532E-03
   2680.81470       6.92963647E-03
   2710.92920       6.00381708E-03
   2750.00000       4.90823109E-03
   2789.07080       3.90076032E-03
   2819.18530       3.17978347E-03
   2833.33350       2.86101620E-03
   2847.48145       2.58754310E-03
   2877.59595       2.03861808E-03
   2916.66675       1.36457372E-03
   2955.73755       7.16439448E-04
   2985.85205       2.27765180E-04
   3000.00000       6.43390138E-07
