   0.00000000       9.99984741    
   42.4440269       9.51478863    
   132.787796       8.48911953    
   250.000000       7.18390989    
   367.212189       5.92382288    
   457.555969       5.00112867    
   500.000000       4.59210873    
   542.444031       4.25088167    
   632.787781       3.58212590    
   750.000000       2.79733515    
   867.212219       2.09364057    
   957.555969       1.61089694    
   1000.00000       1.40823686    
   1042.44397       1.26482713    
   1132.78784       1.00566614    
   1250.00000      0.728114188    
   1367.21216      0.499221772    
   1457.55603      0.352847576    
   1500.00000      0.294626147    
   1514.14795      0.280491889    
   1544.26257      0.252482444    
   1583.33337      0.218911782    
   1622.40405      0.187846527    
   1652.51868      0.165647179    
   1666.66663      0.155904606    
   1680.81470      0.147833571    
   1710.92932      0.131972030    
   1750.00000      0.113133304    
   1789.07080       9.58463550E-02
   1819.18530       8.35858881E-02
   1833.33337       7.82393068E-02
   1847.48132       7.38906413E-02
   1877.59595       6.54160380E-02
   1916.66663       5.54431193E-02
   1955.73743       4.63689119E-02
   1985.85205       3.99814546E-02
   2000.00000       3.72134410E-02
   2014.14807       3.50027569E-02
   2044.26257       3.07310540E-02
   2083.33325       2.57508010E-02
   2122.40405       2.12579034E-02
   2152.51880       1.81189608E-02
   2166.66675       1.67670958E-02
   2180.81470       1.57067738E-02
   2210.92920       1.36753665E-02
   2250.00000       1.13292374E-02
   2289.07080       9.23081581E-03
   2319.18530       7.77567877E-03
   2333.33325       7.15278508E-03
   2347.48145       6.67284615E-03
   2377.59595       5.76118240E-03
   2416.66675       4.71815187E-03
   2455.73755       3.79315810E-03
   2485.85205       3.15636257E-03
   2500.00000       2.88533443E-03
   2514.14795       2.67995638E-03
   2544.26270       2.29294295E-03
   2583.33325       1.85396860E-03
   2622.40405       1.46752479E-03
   2652.51880       1.20296201E-03
   2666.66675       1.09077536E-03
   2680.81470       1.00650161E-03
   2710.92920       8.48226016E-04
   2750.00000       6.69004861E-04
   2789.07080       5.10896731E-04
   2819.18530       4.01883677E-04
   2833.33350       3.55148630E-04
   2847.48145       3.18382779E-04
   2877.59595       2.47356365E-04
   2916.66675       1.63433258E-04
   2955.73755       8.50389115E-05
   2985.85205       2.69210086E-05
   3000.00000       7.59945493E-08
