   0.00000000       9.99983406    
   42.4440269       9.47266388    
   132.787796       8.35925865    
   250.000000       6.94704151    
   367.212189       5.59177685    
   457.555969       4.60805988    
   500.000000       4.17640018    
   542.444031       3.82875085    
   632.787781       3.15924907    
   750.000000       2.38990378    
   867.212219       1.71447456    
   957.555969       1.26025963    
   1000.00000       1.07285643    
   1042.44397      0.947833598    
   1132.78784      0.729375422    
   1250.00000      0.504943490    
   1367.21216      0.327328652    
   1457.55603      0.217798218    
   1500.00000      0.175451905    
   1514.14795      0.165724397    
   1544.26257      0.146725535    
   1583.33337      0.124318384    
   1622.40405      0.103895560    
   1652.51868       8.95026997E-02
   1666.66663       8.32610801E-02
   1680.81470       7.82686770E-02
   1710.92932       6.86165020E-02
   1750.00000       5.73590286E-02
   1789.07080       4.72027734E-02
   1819.18530       4.01092544E-02
   1833.33337       3.70558128E-02
   1847.48132       3.46658863E-02
   1877.59595       3.00924536E-02
   1916.66663       2.48184390E-02
   1955.73743       2.01092232E-02
   1985.85205       1.68495197E-02
   2000.00000       1.54565740E-02
   2014.14807       1.43894674E-02
   2044.26257       1.23684639E-02
   2083.33325       1.00644659E-02
   2122.40405       8.02856404E-03
   2152.51880       6.63189963E-03
   2166.66675       6.03934657E-03
   2180.81470       5.59493061E-03
   2210.92920       4.76198085E-03
   2250.00000       3.82336113E-03
   2289.07080       3.00265430E-03
   2319.18530       2.44465470E-03
   2333.33325       2.20958260E-03
   2347.48145       2.03692447E-03
   2377.59595       1.71668816E-03
   2416.66675       1.36002793E-03
   2455.73755       1.05145760E-03
   2485.85205       8.43515096E-04
   2500.00000       7.56512978E-04
   2514.14795       6.93890033E-04
   2544.26270       5.78926236E-04
   2583.33325       4.52341104E-04
   2622.40405       3.43923602E-04
   2652.51880       2.71445460E-04
   2666.66675       2.41292815E-04
   2680.81470       2.19920315E-04
   2710.92920       1.80968404E-04
   2750.00000       1.38364718E-04
   2789.07080       1.01988553E-04
   2819.18530       7.76213055E-05
   2833.33350       6.74167677E-05
   2847.48145       5.99248342E-05
   2877.59595       4.59266048E-05
   2916.66675       2.99593139E-05
   2955.73755       1.54501704E-05
   2985.85205       4.87054376E-06
   3000.00000       1.37395419E-08
