   0.00000000       9.99985790    
   42.4440269       9.54843235    
   132.787796       8.59303188    
   250.000000       7.37421274    
   367.212189       6.19219017    
   457.555969       5.32090807    
   500.000000       4.93172741    
   542.444031       4.59863901    
   632.787781       3.93772674    
   750.000000       3.15064168    
   867.212219       2.43421602    
   957.555969       1.93547487    
   1000.00000       1.72329354    
   1042.44397       1.56627297    
   1132.78784       1.27553666    
   1250.00000      0.954898477    
   1367.21216      0.682754457    
   1457.55603      0.504193068    
   1500.00000      0.431674957    
   1514.14795      0.413337320    
   1544.26257      0.376622498    
   1583.33337      0.332114249    
   1622.40405      0.290480345    
   1652.51868      0.260427505    
   1666.66663      0.247121900    
   1680.81470      0.235814542    
   1710.92932      0.213334456    
   1750.00000      0.186291143    
   1789.07080      0.161174491    
   1819.18530      0.143162176    
   1833.33337      0.135231763    
   1847.48132      0.128598735    
   1877.59595      0.115505189    
   1916.66663       9.98757258E-02
   1955.73743       8.54638591E-02
   1985.85205       7.51953945E-02
   2000.00000       7.06992820E-02
   2014.14807       6.69977665E-02
   2044.26257       5.97432889E-02
   2083.33325       5.11515215E-02
   2122.40405       4.32862155E-02
   2152.51880       3.77183333E-02
   2166.66675       3.52936201E-02
   2180.81470       3.33285034E-02
   2210.92920       2.95048114E-02
   2250.00000       2.50118840E-02
   2289.07080       2.09284965E-02
   2319.18530       1.80562511E-02
   2333.33325       1.68120395E-02
   2347.48145       1.58189628E-02
   2377.59595       1.39003219E-02
   2416.66675       1.16632385E-02
   2455.73755       9.64417029E-03
   2485.85205       8.23238026E-03
   2500.00000       7.62370229E-03
   2514.14795       7.14433240E-03
   2544.26270       6.22382388E-03
   2583.33325       5.15730586E-03
   2622.40405       4.19957796E-03
   2652.51880       3.53217404E-03
   2666.66675       3.24494275E-03
   2680.81470       3.01931589E-03
   2710.92920       2.58610072E-03
   2750.00000       2.08307779E-03
   2789.07080       1.62868132E-03
   2819.18530       1.30867190E-03
   2833.33350       1.16905698E-03
   2847.48145       1.05360418E-03
   2877.59595       8.25487659E-04
   2916.66675       5.49711403E-04
   2955.73755       2.87590025E-04
   2985.85205       9.12762625E-05
   3000.00000       2.57767567E-07
