   0.00000000       9.99987411    
   42.4440269       9.59921932    
   132.787796       8.75021172    
   250.000000       7.66334200    
   367.212189       6.60258865    
   457.555969       5.81343937    
   500.000000       5.45720434    
   542.444031       5.14163160    
   632.787781       4.50525379    
   750.000000       3.73258853    
   867.212219       3.01497245    
   957.555969       2.50508118    
   1000.00000       2.28395128    
   1042.44397       2.10963368    
   1132.78784       1.77620089    
   1250.00000       1.39405811    
   1367.21216       1.05729580    
   1457.55603      0.828644753    
   1500.00000      0.733072996    
   1514.14795      0.707504749    
   1544.26257      0.655609548    
   1583.33337      0.591742516    
   1622.40405      0.531130195    
   1652.51868      0.486774206    
   1666.66663      0.466896474    
   1680.81470      0.449408799    
   1710.92932      0.414105713    
   1750.00000      0.370913088    
   1789.07080      0.330147654    
   1819.18530      0.300468773    
   1833.33337      0.287227899    
   1847.48132      0.275724322    
   1877.59595      0.252627552    
   1916.66663      0.224535823    
   1955.73743      0.198169187    
   1985.85205      0.179071143    
   2000.00000      0.170588389    
   2014.14807      0.163309827    
   2044.26257      0.148775458    
   2083.33325      0.131202370    
   2122.40405      0.114799179    
   2152.51880      0.102977619    
   2166.66675       9.77494568E-02
   2180.81470       9.33177918E-02
   2210.92920       8.45157653E-02
   2250.00000       7.39352778E-02
   2289.07080       6.41117916E-02
   2319.18530       5.70658743E-02
   2333.33325       5.39622121E-02
   2347.48145       5.13607338E-02
   2377.59595       4.62191924E-02
   2416.66675       4.00709920E-02
   2455.73755       3.43886763E-02
   2485.85205       3.03283297E-02
   2500.00000       2.85449177E-02
   2514.14795       2.70611644E-02
   2544.26270       2.41375677E-02
   2583.33325       2.06508655E-02
   2622.40405       1.74328368E-02
   2652.51880       1.51330112E-02
   2666.66675       1.41214738E-02
   2680.81470       1.32741509E-02
   2710.92920       1.15974508E-02
   2750.00000       9.58388578E-03
   2789.07080       7.70661654E-03
   2819.18530       6.34645578E-03
   2833.33350       5.73887024E-03
   2847.48145       5.20301005E-03
   2877.59595       4.11507860E-03
   2916.66675       2.76430137E-03
   2955.73755       1.45489338E-03
   2985.85205       4.63059463E-04
   3000.00000       1.30828971E-06
