   0.00000000       9.99989414    
   42.4440269       9.66455936    
   132.787796       8.95296478    
   250.000000       8.03840828    
   367.212189       7.13941336    
   457.555969       6.46358776    
   500.000000       6.15487194    
   542.444031       5.87097597    
   632.787781       5.28859997    
   750.000000       4.56676292    
   867.212219       3.88132262    
   957.555969       3.38271666    
   1000.00000       3.16151023    
   1042.44397       2.97412205    
   1132.78784       2.60304546    
   1250.00000       2.16030979    
   1367.21216       1.75441682    
   1457.55603       1.46834528    
   1500.00000       1.34477961    
   1514.14795       1.30954444    
   1544.26257       1.23696971    
   1583.33337       1.14618981    
   1622.40405       1.05866516    
   1652.51868      0.993628442    
   1666.66663      0.964080095    
   1680.81470      0.937067509    
   1710.92932      0.881632268    
   1750.00000      0.812566340    
   1789.07080      0.746228814    
   1819.18530      0.697112501    
   1833.33337      0.674867988    
   1847.48132      0.654707789    
   1877.59595      0.613484383    
   1916.66663      0.562325776    
   1955.73743      0.513369918    
   1985.85205      0.477248728    
   2000.00000      0.460939318    
   2014.14807      0.446280301    
   2044.26257      0.416409820    
   2083.33325      0.379478633    
   2122.40405      0.344260126    
   2152.51880      0.318357497    
   2166.66675      0.306693822    
   2180.81470      0.296287596    
   2210.92920      0.275148034    
   2250.00000      0.249095559    
   2289.07080      0.224322066    
   2319.18530      0.206146091    
   2333.33325      0.197977602    
   2347.48145      0.190726191    
   2377.59595      0.176024482    
   2416.66675      0.157939211    
   2455.73755      0.140763059    
   2485.85205      0.128168270    
   2500.00000      0.122508101    
   2514.14795      0.117478631    
   2544.26270      0.107273430    
   2583.33325       9.46989208E-02
   2622.40405       8.27240720E-02
   2652.51880       7.39088058E-02
   2666.66675       6.99292868E-02
   2680.81470       6.63412064E-02
   2710.92920       5.90092354E-02
   2750.00000       4.98915315E-02
   2789.07080       4.11126763E-02
   2819.18530       3.45662199E-02
   2833.33350       3.15716080E-02
   2847.48145       2.87636686E-02
   2877.59595       2.29246002E-02
   2916.66675       1.55085828E-02
   2955.73755       8.20192415E-03
   2985.85205       2.61638244E-03
   3000.00000       7.39479037E-06
