   0.00000000       9.99989796    
   42.4440269       9.67648888    
   132.787796       8.99003983    
   250.000000       8.10722828    
   367.212189       7.23840714    
   457.555969       6.58413696    
   500.000000       6.28468323    
   542.444031       6.00763607    
   632.787781       5.43775988    
   750.000000       4.72907352    
   867.212219       4.05367565    
   957.555969       3.56044006    
   1000.00000       3.34077215    
   1042.44397       3.15247107    
   1132.78784       2.77753592    
   1250.00000       2.32736254    
   1367.21216       1.91204906    
   1457.55603       1.61754620    
   1500.00000       1.48963439    
   1514.14795       1.45277035    
   1544.26257       1.37665987    
   1583.33337       1.28120673    
   1622.40405       1.18893874    
   1652.51868       1.12020361    
   1666.66663       1.08890319    
   1680.81470       1.06010735    
   1710.92932       1.00085485    
   1750.00000      0.926815391    
   1789.07080      0.855495989    
   1819.18530      0.802542627    
   1833.33337      0.778499544    
   1847.48132      0.756555676    
   1877.59595      0.711551428    
   1916.66663      0.655516624    
   1955.73743      0.601722479    
   1985.85205      0.561907709    
   2000.00000      0.543880105    
   2014.14807      0.527549684    
   2044.26257      0.494162291    
   2083.33325      0.452730209    
   2122.40405      0.413077474    
   2152.51880      0.383811861    
   2166.66675      0.370592535    
   2180.81470      0.358694404    
   2210.92920      0.334432751    
   2250.00000      0.304407299    
   2289.07080      0.275739372    
   2319.18530      0.254622877    
   2333.33325      0.245099127    
   2347.48145      0.236559689    
   2377.59595      0.219171688    
   2416.66675      0.197679177    
   2455.73755      0.177171692    
   2485.85205      0.162066147    
   2500.00000      0.155250117    
   2514.14795      0.149124503    
   2544.26270      0.136634454    
   2583.33325      0.121161766    
   2622.40405      0.106350705    
   2652.51880       9.53939334E-02
   2666.66675       9.04262364E-02
   2680.81470       8.58941153E-02
   2710.92920       7.65875503E-02
   2750.00000       6.49538189E-02
   2789.07080       5.36991395E-02
   2819.18530       4.52710912E-02
   2833.33350       4.14025001E-02
   2847.48145       3.77439000E-02
   2877.59595       3.01114712E-02
   2916.66675       2.03889012E-02
   2955.73755       1.07895844E-02
   2985.85205       3.44282412E-03
   3000.00000       9.73104579E-06
