   0.00000000       9.99988556    
   42.4440269       9.63616657    
   132.787796       8.86479187    
   250.000000       7.87502575    
   367.212189       6.90498781    
   457.555969       6.17890739    
   500.000000       5.84885979    
   542.444031       5.54996538    
   632.787781       4.94107676    
   750.000000       4.19271183    
   867.212219       3.48855305    
   957.555969       2.98133111    
   1000.00000       2.75844240    
   1042.44397       2.57518053    
   1132.78784       2.21735096    
   1250.00000       1.79730999    
   1367.21216       1.41836166    
   1457.55603       1.15535676    
   1500.00000       1.04330266    
   1514.14795       1.01218688    
   1544.26257      0.948481798    
   1583.33337      0.869325221    
   1622.40405      0.793501735    
   1652.51868      0.737515569    
   1666.66663      0.712224066    
   1680.81470      0.689467132    
   1710.92932      0.643078864    
   1750.00000      0.585712850    
   1789.07080      0.531009734    
   1819.18530      0.490789682    
   1833.33337      0.472688228    
   1847.48132      0.456567883    
   1877.59595      0.423851341    
   1916.66663      0.383584321    
   1955.73743      0.345358223    
   1985.85205      0.317370206    
   2000.00000      0.304819793    
   2014.14807      0.293755531    
   2044.26257      0.271397233    
   2083.33325      0.244007468    
   2122.40405      0.218119174    
   2152.51880      0.199240506    
   2166.66675      0.190804139    
   2180.81470      0.183437496    
   2210.92920      0.168611988    
   2250.00000      0.150529355    
   2289.07080      0.133505672    
   2319.18530      0.121134900    
   2333.33325      0.115622781    
   2347.48145      0.110847212    
   2377.59595      0.101267800    
   2416.66675       8.96225497E-02
   2455.73755       7.86887929E-02
   2485.85205       7.07591176E-02
   2500.00000       6.72303364E-02
   2514.14795       6.41811043E-02
   2544.26270       5.80691844E-02
   2583.33325       5.06396741E-02
   2622.40405       4.36560921E-02
   2652.51880       3.85783948E-02
   2666.66675       3.63110192E-02
   2680.81470       3.43277231E-02
   2710.92920       3.03270295E-02
   2750.00000       2.54205838E-02
   2789.07080       2.07562894E-02
   2819.18530       1.73173025E-02
   2833.33350       1.57587603E-02
   2847.48145       1.43314255E-02
   2877.59595       1.13899400E-02
   2916.66675       7.68542988E-03
   2955.73755       4.05736035E-03
   2985.85205       1.29321462E-03
   3000.00000       3.65458186E-06
