   0.00000000       9.99987984    
   42.4440269       9.61901188    
   132.787796       8.81156731    
   250.000000       7.77660322    
   367.212189       6.76419353    
   457.555969       6.00849247    
   500.000000       5.66605949    
   542.444031       5.35901499    
   632.787781       4.73636293    
   750.000000       3.97526813    
   867.212219       3.26333451    
   957.555969       2.75369549    
   1000.00000       2.53108883    
   1042.44397       2.35152411    
   1132.78784       2.00413656    
   1250.00000       1.60069859    
   1367.21216       1.24053764    
   1457.55603      0.993036449    
   1500.00000      0.888501167    
   1514.14795      0.859960139    
   1544.26257      0.801754057    
   1583.33337      0.729741752    
   1622.40405      0.661050141    
   1652.51868      0.610535085    
   1666.66663      0.587797999    
   1680.81470      0.567546666    
   1710.92932      0.526445806    
   1750.00000      0.475862712    
   1789.07080      0.427851439    
   1819.18530      0.392708629    
   1833.33337      0.376955003    
   1847.48132      0.363081813    
   1877.59595      0.335062027    
   1916.66663      0.300759465    
   1955.73743      0.268362164    
   1985.85205      0.244757459    
   2000.00000      0.234218433    
   2014.14807      0.225040749    
   2044.26257      0.206593975    
   2083.33325      0.184129253    
   2122.40405      0.163015887    
   2152.51880      0.147701666    
   2166.66675      0.140890539    
   2180.81470      0.135022908    
   2210.92920      0.123284392    
   2250.00000      0.109061018    
   2289.07080       9.57548022E-02
   2319.18530       8.61429796E-02
   2333.33325       8.18827078E-02
   2347.48145       7.82471448E-02
   2377.59595       7.10034743E-02
   2416.66675       6.22633509E-02
   2455.73755       5.41159958E-02
   2485.85205       4.82472964E-02
   2500.00000       4.56513800E-02
   2514.14795       4.34469208E-02
   2544.26270       3.90625298E-02
   2583.33325       3.37789357E-02
   2622.40405       2.88536213E-02
   2652.51880       2.53005326E-02
   2666.66675       2.37248950E-02
   2680.81470       2.23734695E-02
   2710.92920       1.96707305E-02
   2750.00000       1.63869727E-02
   2789.07080       1.32921664E-02
   2819.18530       1.10279555E-02
   2833.33350       1.00083547E-02
   2847.48145       9.08987597E-03
   2877.59595       7.20924838E-03
   2916.66675       4.85522952E-03
   2955.73755       2.55987560E-03
   2985.85205       8.15419946E-04
   3000.00000       2.30412434E-06
