   0.00000000       9.99989033    
   42.4440269       9.65121841    
   132.787796       8.91152096    
   250.000000       7.96156311    
   367.212189       7.02904749    
   457.555969       6.32942057    
   500.000000       6.01055384    
   542.444031       5.71937943    
   632.787781       5.12397242    
   750.000000       4.38882780    
   867.212219       3.69368243    
   957.555969       3.19030285    
   1000.00000       2.96796417    
   1042.44397       2.78218651    
   1132.78784       2.41665840    
   1250.00000       1.98376822    
   1367.21216       1.58980739    
   1457.55603       1.31410265    
   1500.00000       1.19576788    
   1514.14795       1.16243517    
   1544.26257       1.09396815    
   1583.33337       1.00858772    
   1622.40405      0.926514745    
   1652.51868      0.865706861    
   1666.66663      0.838152587    
   1680.81470      0.813146472    
   1710.92932      0.761987329    
   1750.00000      0.698466301    
   1789.07080      0.637657225    
   1819.18530      0.592779279    
   1833.33337      0.572513163    
   1847.48132      0.554293931    
   1877.59595      0.517167628    
   1916.66663      0.471268445    
   1955.73743      0.427507281    
   1985.85205      0.395333827    
   2000.00000      0.380853206    
   2014.14807      0.367953897    
   2044.26257      0.341769904    
   2083.33325      0.309533805    
   2122.40405      0.278918803    
   2152.51880      0.256491005    
   2166.66675      0.246427760    
   2180.81470      0.237538651    
   2210.92920      0.219558954    
   2250.00000      0.197506636    
   2289.07080      0.176634058    
   2319.18530      0.161388457    
   2333.33325      0.154564291    
   2347.48145      0.148574591    
   2377.59595      0.136490747    
   2416.66675      0.121707231    
   2455.73755      0.107741408    
   2485.85205       9.75530297E-02
   2500.00000       9.29952860E-02
   2514.14795       8.89975950E-02
   2544.26270       8.09316039E-02
   2583.33325       7.10547939E-02
   2622.40405       6.17052726E-02
   2652.51880       5.48618026E-02
   2666.66675       5.17879128E-02
   2680.81470       4.90545742E-02
   2710.92920       4.35018092E-02
   2750.00000       3.66398208E-02
   2789.07080       3.00706495E-02
   2819.18530       2.51968652E-02
   2833.33350       2.29766984E-02
   2847.48145       2.09166817E-02
   2877.59595       1.66499466E-02
   2916.66675       1.12509886E-02
   2955.73755       5.94562897E-03
   2985.85205       1.89594750E-03
   3000.00000       5.35828440E-06
