   0.00000000       9.99990749    
   42.4440269       9.70587349    
   132.787796       9.08143520    
   250.000000       8.27715492    
   367.212189       7.48343706    
   457.555969       6.88331938    
   500.000000       6.60740280    
   542.444031       6.34855938    
   632.787781       5.81280327    
   750.000000       5.14146805    
   867.212219       4.49627304    
   957.555969       4.02074862    
   1000.00000       3.80704880    
   1042.44397       3.61878014    
   1132.78784       3.23921108    
   1250.00000       2.77688885    
   1367.21216       2.34418130    
   1457.55603       2.03295135    
   1500.00000       1.89600194    
   1514.14795       1.85553610    
   1544.26257       1.77152896    
   1583.33337       1.66552806    
   1622.40405       1.56244612    
   1652.51868       1.48519695    
   1666.66663       1.44982874    
   1680.81470       1.41680419    
   1710.92932       1.34842825    
   1750.00000       1.26240027    
   1789.07080       1.17897177    
   1819.18530       1.11661494    
   1833.33337       1.08813107    
   1847.48132       1.06169939    
   1877.59595       1.00711167    
   1916.66663      0.938617766    
   1955.73743      0.872362614    
   1985.85205      0.822959304    
   2000.00000      0.800438941    
   2014.14807      0.779655099    
   2044.26257      0.736826599    
   2083.33325      0.683212578    
   2122.40405      0.631459951    
   2152.51880      0.592942476    
   2166.66675      0.575411439    
   2180.81470      0.559296191    
   2210.92920      0.526139557    
   2250.00000      0.484695882    
   2289.07080      0.444738507    
   2319.18530      0.415024459    
   2333.33325      0.401507139    
   2347.48145      0.389092803    
   2377.59595      0.363555759    
   2416.66675      0.331632018    
   2455.73755      0.300833791    
   2485.85205      0.277903825    
   2500.00000      0.267457157    
   2514.14795      0.257816017    
   2544.26270      0.237936690    
   2583.33325      0.213006616    
   2622.40405      0.188860774    
   2652.51880      0.170798138    
   2666.66675      0.162528232    
   2680.81470      0.154783309    
   2710.92920      0.138709038    
   2750.00000      0.118388452    
   2789.07080       9.85295326E-02
   2819.18530       8.35247710E-02
   2833.33350       7.65871778E-02
   2847.48145       6.99081346E-02
   2877.59595       5.58826588E-02
   2916.66675       3.79078314E-02
   2955.73755       2.00853087E-02
   2985.85205       6.41268166E-03
   3000.00000       1.81269443E-05
