   0.00000000       9.99991226    
   42.4440269       9.72153187    
   132.787796       9.13017750    
   250.000000       8.36793423    
   367.212189       7.61466694    
   457.555969       7.04399395    
   500.000000       6.78102255    
   542.444031       6.53262854    
   632.787781       6.01693201    
   750.000000       5.36831427    
   867.212219       4.74234915    
   957.555969       4.27887058    
   1000.00000       4.06963634    
   1042.44397       3.88278508    
   1132.78784       3.50378036    
   1250.00000       3.03890204    
   1367.21216       2.60069609    
   1457.55603       2.28324723    
   1500.00000       2.14262867    
   1514.14795       2.10054874    
   1544.26257       2.01294994    
   1583.33337       1.90207851    
   1622.40405       1.79393172    
   1652.51868       1.71264124    
   1666.66663       1.67531955    
   1680.81470       1.64020717    
   1710.92932       1.56728101    
   1750.00000       1.47520900    
   1789.07080       1.38561153    
   1819.18530       1.31841469    
   1833.33337       1.28762436    
   1847.48132       1.25880766    
   1877.59595       1.19908321    
   1916.66663       1.12384808    
   1955.73743       1.05078781    
   1985.85205      0.996099651    
   2000.00000      0.971082389    
   2014.14807      0.947770119    
   2044.26257      0.899537265    
   2083.33325      0.838886559    
   2122.40405      0.780081689    
   2152.51880      0.736123502    
   2166.66675      0.716036320    
   2180.81470      0.697367907    
   2210.92920      0.658781528    
   2250.00000      0.610304594    
   2289.07080      0.563331068    
   2319.18530      0.528226554    
   2333.33325      0.512185276    
   2347.48145      0.497270793    
   2377.59595      0.466432810    
   2416.66675      0.427663118    
   2455.73755      0.390052676    
   2485.85205      0.361899495    
   2500.00000      0.349010974    
   2514.14795      0.336959273    
   2544.26270      0.311974943    
   2583.33325      0.280458242    
   2622.40405      0.249761581    
   2652.51880      0.226676494    
   2666.66675      0.216058046    
   2680.81470      0.205992267    
   2710.92920      0.185000032    
   2750.00000      0.158328325    
   2789.07080      0.132144630    
   2819.18530      0.112282746    
   2833.33350      0.103070021    
   2847.48145       9.41317901E-02
   2877.59595       7.53094181E-02
   2916.66675       5.11249825E-02
   2955.73755       2.71024723E-02
   2985.85205       8.65516532E-03
   3000.00000       2.44668008E-05
