   0.00000000       9.99991035    
   42.4440269       9.71402359    
   132.787796       9.10680485    
   250.000000       8.32439041    
   367.212189       7.55169344    
   457.555969       6.96685362    
   500.000000       6.69764185    
   542.444031       6.44417429    
   632.787781       5.91870165    
   750.000000       5.25895262    
   867.212219       4.62349892    
   957.555969       4.15402079    
   1000.00000       3.94253349    
   1042.44397       3.75487804    
   1132.78784       3.37533092    
   1250.00000       2.91132355    
   1367.21216       2.47540879    
   1457.55603       2.16069150    
   1500.00000       2.02172399    
   1514.14795       1.98038816    
   1544.26257       1.89445066    
   1583.33337       1.78583968    
   1622.40405       1.68005097    
   1652.51868       1.60064745    
   1666.66663       1.56424022    
   1680.81470       1.53011084    
   1710.92932       1.45933139    
   1750.00000       1.37011719    
   1789.07080       1.28344274    
   1819.18530       1.21854401    
   1833.33337       1.18885076    
   1847.48132       1.16117358    
   1877.59595       1.10390759    
   1916.66663       1.03190458    
   1955.73743      0.962112963    
   1985.85205      0.909967601    
   2000.00000      0.886153698    
   2014.14807      0.864064753    
   2044.26257      0.818450749    
   2083.33325      0.761215508    
   2122.40405      0.705839336    
   2152.51880      0.664530575    
   2166.66675      0.645690084    
   2180.81470      0.628271461    
   2210.92920      0.592347026    
   2250.00000      0.547323644    
   2289.07080      0.503800690    
   2319.18530      0.471351266    
   2333.33325      0.456554919    
   2347.48145      0.442878008    
   2377.59595      0.414667636    
   2416.66675      0.379296482    
   2455.73755      0.345072746    
   2485.85205      0.319519937    
   2500.00000      0.307848603    
   2514.14795      0.297002316    
   2544.26270      0.274573863    
   2583.33325      0.246359155    
   2622.40405      0.218950540    
   2652.51880      0.198389232    
   2666.66675      0.188952103    
   2680.81470      0.180056572    
   2710.92920      0.161546439    
   2750.00000      0.138083160    
   2789.07080      0.115097255    
   2819.18530       9.76928994E-02
   2833.33350       8.96319672E-02
   2847.48145       8.18390176E-02
   2877.59595       6.54495582E-02
   2916.66675       4.44158986E-02
   2955.73755       2.35402249E-02
   2985.85205       7.51672778E-03
   3000.00000       2.12482373E-05
