   0.00000000       9.99990463    
   42.4440269       9.69698334    
   132.787796       9.05377293    
   250.000000       8.22568321    
   367.212189       7.40912914    
   457.555969       6.79247332    
   500.000000       6.50932932    
   542.444031       6.24478149    
   632.787781       5.69821024    
   750.000000       5.01483917    
   867.212219       4.35968971    
   957.555969       3.87813210    
   1000.00000       3.66229582    
   1042.44397       3.47366238    
   1132.78784       3.09473085    
   1250.00000       2.63510394    
   1367.21216       2.20672369    
   1457.55603       1.89989305    
   1500.00000       1.76539981    
   1514.14795       1.72595167    
   1544.26257       1.64418936    
   1583.33337       1.54120588    
   1622.40405       1.44123554    
   1652.51868       1.36644995    
   1666.66663       1.33226454    
   1680.81470       1.30048406    
   1710.92932       1.23480392    
   1750.00000       1.15233469    
   1789.07080       1.07251680    
   1819.18530       1.01297629    
   1833.33337      0.985827744    
   1847.48132      0.960758805    
   1877.59595      0.909092307    
   1916.66663      0.844411790    
   1955.73743      0.781985998    
   1985.85205      0.735541284    
   2000.00000      0.714412272    
   2014.14807      0.695020497    
   2044.26257      0.655153990    
   2083.33325      0.605377138    
   2122.40405      0.557451010    
   2152.51880      0.521870911    
   2166.66675      0.505713761    
   2180.81470      0.490954787    
   2210.92920      0.460669518    
   2250.00000      0.422926545    
   2289.07080      0.386642784    
   2319.18530      0.359737456    
   2333.33325      0.347529441    
   2347.48145      0.336397380    
   2377.59595      0.313566983    
   2416.66675      0.285121828    
   2455.73755      0.257768780    
   2485.85205      0.237468302    
   2500.00000      0.228245914    
   2514.14795      0.219800726    
   2544.26270      0.202443883    
   2583.33325      0.180754244    
   2622.40405      0.159818068    
   2652.51880      0.144206777    
   2666.66675      0.137079313    
   2680.81470      0.130453974    
   2710.92920      0.116744623    
   2750.00000       9.94682163E-02
   2789.07080       8.26321542E-02
   2819.18530       6.99430108E-02
   2833.33350       6.40879050E-02
   2847.48145       5.84786944E-02
   2877.59595       4.67209853E-02
   2916.66675       3.16773728E-02
   2955.73755       1.67784728E-02
   2985.85205       5.35605941E-03
   3000.00000       1.51397744E-05
