   0.00000000       9.99990177    
   42.4440269       9.68723679    
   132.787796       9.02345753    
   250.000000       8.16931343    
   367.212189       7.32783556    
   457.555969       6.69320059    
   500.000000       6.40223837    
   542.444031       6.13163185    
   632.787781       5.57369184    
   750.000000       4.87785530    
   867.212219       4.21260500    
   957.555969       3.72510552    
   1000.00000       3.50725794    
   1042.44397       3.31858230    
   1132.78784       2.94112206    
   1250.00000       2.48544407    
   1367.21216       2.06276011    
   1457.55603       1.76142919    
   1500.00000       1.62991488    
   1514.14795       1.59165752    
   1544.26257       1.51250744    
   1583.33337       1.41301465    
   1622.40405       1.31662488    
   1652.51868       1.24465954    
   1666.66663       1.21182215    
   1680.81470       1.18144429    
   1710.92932       1.11879122    
   1750.00000       1.04030120    
   1789.07080      0.964503944    
   1819.18530      0.908086717    
   1833.33337      0.882413566    
   1847.48132      0.858836770    
   1877.59595      0.810357451    
   1916.66663      0.749821723    
   1955.73743      0.691542566    
   1985.85205      0.648289442    
   2000.00000      0.628656149    
   2014.14807      0.610747993    
   2044.26257      0.574027419    
   2083.33325      0.528310835    
   2122.40405      0.484418511    
   2152.51880      0.451923490    
   2166.66675      0.437204361    
   2180.81470      0.423852623    
   2210.92920      0.396536112    
   2250.00000      0.362604886    
   2289.07080      0.330090642    
   2319.18530      0.306056529    
   2333.33325      0.295182437    
   2347.48145      0.285345227    
   2377.59595      0.265238345    
   2416.66675      0.240280077    
   2455.73755      0.216367513    
   2485.85205      0.198683366    
   2500.00000      0.190675139    
   2514.14795      0.183406010    
   2544.26270      0.168521464    
   2583.33325      0.149996504    
   2622.40405      0.132184356    
   2652.51880      0.118951410    
   2666.66675      0.112929307    
   2680.81470      0.107379653    
   2710.92920       9.59364176E-02
   2750.00000       8.15689936E-02
   2789.07080       6.76144734E-02
   2819.18530       5.71280010E-02
   2833.33350       5.23008183E-02
   2847.48145       4.77033891E-02
   2877.59595       3.80873010E-02
   2916.66675       2.58082356E-02
   2955.73755       1.36642242E-02
   2985.85205       4.36109630E-03
   3000.00000       1.23269738E-05
