   0.00000000       9.99991512    
   42.4440269       9.72847462    
   132.787796       9.15179920    
   250.000000       8.40823555    
   367.212189       7.67299604    
   457.555969       7.11550426    
   500.000000       6.85835838    
   542.444031       6.61475849    
   632.787781       6.10835981    
   750.000000       5.47042227    
   867.212219       4.85366535    
   957.555969       4.39610195    
   1000.00000       4.18913317    
   1042.44397       4.00323009    
   1132.78784       3.62517691    
   1250.00000       3.16008234    
   1367.21216       2.72033429    
   1457.55603       2.40077996    
   1500.00000       2.25881743    
   1514.14795       2.21610069    
   1544.26257       2.12707043    
   1583.33337       2.01423836    
   1622.40405       1.90403366    
   1652.51868       1.82108712    
   1666.66663       1.78295898    
   1680.81470       1.74697006    
   1710.92932       1.67212176    
   1750.00000       1.57748079    
   1789.07080       1.48524511    
   1819.18530       1.41596627    
   1833.33337       1.38417852    
   1847.48132       1.35431731    
   1877.59595       1.29233229    
   1916.66663       1.21411550    
   1955.73743       1.13803041    
   1985.85205       1.08098125    
   2000.00000       1.05484354    
   2014.14807       1.03038394    
   2044.26257      0.979688168    
   2083.33325      0.915815711    
   2122.40405      0.853767216    
   2152.51880      0.807295024    
   2166.66675      0.786021888    
   2180.81470      0.766156375    
   2210.92920      0.725013912    
   2250.00000      0.673211336    
   2289.07080      0.622905970    
   2319.18530      0.585230529    
   2333.33325      0.567980945    
   2347.48145      0.551857650    
   2377.59595      0.518446982    
   2416.66675      0.476341158    
   2455.73755      0.435397804    
   2485.85205      0.404679269    
   2500.00000      0.390587330    
   2514.14795      0.377337337    
   2544.26270      0.349806786    
   2583.33325      0.314993382    
   2622.40405      0.281006992    
   2652.51880      0.255391866    
   2666.66675      0.243587211    
   2680.81470      0.232341379    
   2710.92920      0.208842337    
   2750.00000      0.178925097    
   2789.07080      0.149502069    
   2819.18530      0.127147719    
   2833.33350      0.116765678    
   2847.48145      0.106662080    
   2877.59595       8.53621140E-02
   2916.66675       5.79667278E-02
   2955.73755       3.07356808E-02
   2985.85205       9.81635880E-03
   3000.00000       2.77497347E-05
