   0.00000000       9.99992180    
   42.4440269       9.75178528    
   132.787796       9.22442245    
   250.000000       8.54373741    
   367.212189       7.86940432    
   457.555969       7.35668945    
   500.000000       7.11946630    
   542.444031       6.89264154    
   632.787781       6.41917372    
   750.000000       5.81968832    
   867.212219       5.23678112    
   957.555969       4.80155945    
   1000.00000       4.60344553    
   1042.44397       4.42214918    
   1132.78784       4.05042601    
   1250.00000       3.58874416    
   1367.21216       3.14789987    
   1457.55603       2.82428098    
   1500.00000       2.67912698    
   1514.14795       2.63464975    
   1544.26257       2.54159069    
   1583.33337       2.42314124    
   1622.40405       2.30694818    
   1652.51868       2.21911216    
   1666.66663       2.17857480    
   1680.81470       2.13989544    
   1710.92932       2.05909348    
   1750.00000       1.95641732    
   1789.07080       1.85585451    
   1819.18530       1.77994585    
   1833.33337       1.74495745    
   1847.48132       1.71168196    
   1877.59595       1.64225841    
   1916.66663       1.55415893    
   1955.73743       1.46797669    
   1985.85205       1.40299225    
   2000.00000       1.37306535    
   2014.14807       1.34466577    
   2044.26257       1.28546369    
   2083.33325       1.21039498    
   2122.40405       1.13700485    
   2152.51880       1.08168936    
   2166.66675       1.05622160    
   2180.81470       1.03206408    
   2210.92920      0.981709301    
   2250.00000      0.917853832    
   2289.07080      0.855406106    
   2319.18530      0.808310926    
   2333.33325      0.786612391    
   2347.48145      0.765983999    
   2377.59595      0.722940326    
   2416.66675      0.668280303    
   2455.73755      0.614734292    
   2485.85205      0.574270189    
   2500.00000      0.555587828    
   2514.14795      0.537719488    
   2544.26270      0.500337243    
   2583.33325      0.452715397    
   2622.40405      0.405898422    
   2652.51880      0.370380044    
   2666.66675      0.353917837    
   2680.81470      0.338003188    
   2710.92920      0.304557979    
   2750.00000      0.261726350    
   2789.07080      0.219380990    
   2819.18530      0.187061876    
   2833.33350      0.171996802    
   2847.48145      0.157206848    
   2877.59595      0.125929475    
   2916.66675       8.55867416E-02
   2955.73755       4.54066247E-02
   2985.85205       1.45058287E-02
   3000.00000       4.10080866E-05
