   0.00000000       9.99991989    
   42.4440269       9.74653149    
   132.787796       9.20805073    
   250.000000       8.51317310    
   367.212189       7.82506418    
   457.555969       7.30219030    
   500.000000       7.06043005    
   542.444031       6.82973671    
   632.787781       6.34862518    
   750.000000       5.74013662    
   867.212219       5.14921951    
   957.555969       4.70863867    
   1000.00000       4.50836563    
   1042.44397       4.32584381    
   1132.78784       3.95227909    
   1250.00000       3.48927879    
   1367.21216       3.04813790    
   1457.55603       2.72503281    
   1500.00000       2.58042049    
   1514.14795       2.53628850    
   1544.26257       2.44403148    
   1583.33337       2.32671618    
   1622.40405       2.21174622    
   1652.51868       2.12491989    
   1666.66663       2.08488441    
   1680.81470       2.04677606    
   1710.92932       1.96724570    
   1750.00000       1.86629701    
   1789.07080       1.76753533    
   1819.18530       1.69306898    
   1833.33337       1.65878022    
   1847.48132       1.62625992    
   1877.59595       1.55848873    
   1916.66663       1.47259426    
   1955.73743       1.38867438    
   1985.85205       1.32547545    
   2000.00000       1.29640436    
   2014.14807       1.26890266    
   2044.26257       1.21164560    
   2083.33325       1.13914609    
   2122.40405       1.06836760    
   2152.51880       1.01509559    
   2166.66675      0.990599990    
   2180.81470      0.967444897    
   2210.92920      0.919247746    
   2250.00000      0.858223855    
   2289.07080      0.798637271    
   2319.18530      0.753768206    
   2333.33325      0.733123779    
   2347.48145      0.713569760    
   2377.59595      0.672828913    
   2416.66675      0.621177852    
   2455.73755      0.570659935    
   2485.85205      0.532543123    
   2500.00000      0.514968693    
   2514.14795      0.498220891    
   2544.26270      0.463233680    
   2583.33325      0.418732077    
   2622.40405      0.375046790    
   2652.51880      0.341949880    
   2666.66675      0.326628268    
   2680.81470      0.311861217    
   2710.92920      0.280864209    
   2750.00000      0.241215825    
   2789.07080      0.202059597    
   2819.18530      0.172202274    
   2833.33350      0.158295125    
   2847.48145      0.144666180    
   2877.59595      0.115862332    
   2916.66675       7.87313730E-02
   2955.73755       4.17648144E-02
   2985.85205       1.33416820E-02
   3000.00000       3.77167125E-05
