   0.00000000       9.99991894    
   42.4440269       9.74092388    
   132.787796       9.19057655    
   250.000000       8.48056126    
   367.212189       7.77777767    
   457.555969       7.24410057    
   500.000000       6.99752665    
   542.444031       6.76275873    
   632.787781       6.27362633    
   750.000000       5.65573931    
   867.212219       5.05651093    
   957.555969       4.61041307    
   1000.00000       4.40793896    
   1042.44397       4.22422695    
   1132.78784       3.84895945    
   1250.00000       3.38490057    
   1367.21216       2.94378877    
   1457.55603       2.62148857    
   1500.00000       2.47756815    
   1514.14795       2.43383789    
   1544.26257       2.34250522    
   1583.33337       2.22648501    
   1622.40405       2.11290264    
   1652.51868       2.02721357    
   1666.66663       1.98774040    
   1680.81470       1.95026457    
   1710.92932       1.87213755    
   1750.00000       1.77308726    
   1789.07080       1.67629790    
   1819.18530       1.60340524    
   1833.33337       1.56987786    
   1847.48132       1.53817344    
   1877.59595       1.47218251    
   1916.66663       1.38865757    
   1955.73743       1.30716288    
   1985.85205       1.24587309    
   2000.00000       1.21771491    
   2014.14807       1.19116580    
   2044.26257       1.13596845    
   2083.33325       1.06618381    
   2122.40405      0.998159230    
   2152.51880      0.947037458    
   2166.66675      0.923563123    
   2180.81470      0.901456118    
   2210.92920      0.855511189    
   2250.00000      0.797437727    
   2289.07080      0.740827024    
   2319.18530      0.698269248    
   2333.33325      0.678717613    
   2347.48145      0.660273075    
   2377.59595      0.621906936    
   2416.66675      0.573353946    
   2455.73755      0.525949299    
   2485.85205      0.490242243    
   2500.00000      0.473803878    
   2514.14795      0.458201468    
   2544.26270      0.425659508    
   2583.33325      0.384339750    
   2622.40405      0.343844295    
   2652.51880      0.313211292    
   2666.66675      0.299049139    
   2680.81470      0.285446197    
   2710.92920      0.256930470    
   2750.00000      0.220505685    
   2789.07080      0.184576660    
   2819.18530      0.157209009    
   2833.33350      0.144472301    
   2847.48145      0.132015571    
   2877.59595      0.105708107    
   2916.66675       7.18174279E-02
   2955.73755       3.80921476E-02
   2985.85205       1.21677108E-02
   3000.00000       3.43975771E-05
