   0.00000000       9.99991703    
   42.4440269       9.73492050    
   132.787796       9.17187500    
   250.000000       8.44567204    
   367.212189       7.72721624    
   457.555969       7.18202543    
   500.000000       6.93033409    
   542.444031       6.69126940    
   632.787781       6.19371653    
   750.000000       5.56601763    
   867.212219       4.95817566    
   957.555969       4.50641251    
   1000.00000       4.30170250    
   1042.44397       4.11685562    
   1132.78784       3.74007225    
   1250.00000       3.27528644    
   1367.21216       2.83460736    
   1457.55603       2.51346588    
   1500.00000       2.37041688    
   1514.14795       2.32715440    
   1544.26257       2.23688912    
   1583.33337       2.12235308    
   1622.40405       2.01034880    
   1652.51868       1.92594504    
   1666.66663       1.88710392    
   1680.81470       1.85033119    
   1710.92932       1.77375758    
   1750.00000       1.67680085    
   1789.07080       1.58217788    
   1819.18530       1.51100791    
   1833.33337       1.47831118    
   1847.48132       1.44749045    
   1877.59595       1.38342273    
   1916.66663       1.30245030    
   1955.73743       1.22356069    
   1985.85205       1.16431606    
   2000.00000       1.13713360    
   2014.14807       1.11159694    
   2044.26257       1.05858326    
   2083.33325      0.991670310    
   2122.40405      0.926552176    
   2152.51880      0.877694607    
   2166.66675      0.855293393    
   2180.81470      0.834282279    
   2210.92920      0.790687859    
   2250.00000      0.735687137    
   2289.07080      0.682169557    
   2319.18530      0.642009556    
   2333.33325      0.623589575    
   2347.48145      0.606288970    
   2377.59595      0.570367277    
   2416.66675      0.524997890    
   2455.73755      0.480786890    
   2485.85205      0.447547853    
   2500.00000      0.432271332    
   2514.14795      0.417836159    
   2544.26270      0.387782723    
   2583.33325      0.349696487    
   2622.40405      0.312438428    
   2652.51880      0.284302950    
   2666.66675      0.271314889    
   2680.81470      0.258887649    
   2710.92920      0.232875571    
   2750.00000      0.199700341    
   2789.07080      0.167021707    
   2819.18530      0.142159790    
   2833.33350      0.130600393    
   2847.48145      0.119321153    
   2877.59595       9.55201089E-02
   2916.66675       6.48813546E-02
   2955.73755       3.44080329E-02
   2985.85205       1.09901270E-02
   3000.00000       3.10682517E-05
