   0.00000000       9.99992752    
   42.4440269       9.76987648    
   132.787796       9.28081608    
   250.000000       8.64909172    
   367.212189       8.02239609    
   457.555969       7.54494047    
   500.000000       7.32352972    
   542.444031       7.11038542    
   632.787781       6.66414213    
   750.000000       6.09702778    
   867.212219       5.54326057    
   957.555969       5.12782097    
   1000.00000       4.93781233    
   1042.44397       4.76151657    
   1132.78784       4.39786386    
   1250.00000       3.94301915    
   1367.21216       3.50548387    
   1457.55603       3.18179560    
   1500.00000       3.03553200    
   1514.14795       2.99008703    
   1544.26257       2.89472342    
   1583.33337       2.77294207    
   1622.40405       2.65308499    
   1652.51868       2.56217647    
   1666.66663       2.52009153    
   1680.81470       2.47960234    
   1710.92932       2.39473438    
   1750.00000       2.28648496    
   1789.07080       2.18006325    
   1819.18530       2.09942579    
   1833.33337       2.06212783    
   1847.48132       2.02632141    
   1877.59595       1.95133042    
   1916.66663       1.85575914    
   1955.73743       1.76186824    
   1985.85205       1.69076800    
   2000.00000       1.65789604    
   2014.14807       1.62637198    
   2044.26257       1.56037414    
   2083.33325       1.47628927    
   2122.40405       1.39369488    
   2152.51880       1.33114803    
   2166.66675       1.30222690    
   2180.81470       1.27447689    
   2210.92920       1.21636295    
   2250.00000       1.14228785    
   2289.07080       1.06947780    
   2319.18530       1.01429296    
   2333.33325      0.988752306    
   2347.48145      0.964178741    
   2377.59595      0.912655413    
   2416.66675      0.846882522    
   2455.73755      0.782121122    
   2485.85205      0.732939839    
   2500.00000      0.710133016    
   2514.14795      0.688068926    
   2544.26270      0.641699195    
   2583.33325      0.582341552    
   2622.40405      0.523720860    
   2652.51880      0.479057461    
   2666.66675      0.458280504    
   2680.81470      0.438006669    
   2710.92920      0.395248115    
   2750.00000      0.340288520    
   2789.07080      0.285776734    
   2819.18530      0.244055092    
   2833.33350      0.224563450    
   2847.48145      0.205325752    
   2877.59595      0.164565504    
   2916.66675      0.111901551    
   2955.73755       5.93877994E-02
   2985.85205       1.89753417E-02
   3000.00000       5.36448024E-05
