   0.00000000       9.99992371    
   42.4440269       9.75671864    
   132.787796       9.23979759    
   250.000000       8.57245159    
   367.212189       7.91107893    
   457.555969       7.40793800    
   500.000000       7.17499876    
   542.444031       6.95185137    
   632.787781       6.48567247    
   750.000000       5.89480972    
   867.212219       5.31961632    
   957.555969       4.88959026    
   1000.00000       4.69358587    
   1042.44397       4.51353645    
   1132.78784       4.14375448    
   1250.00000       3.68359160    
   1367.21216       3.24330544    
   1457.55603       2.91941142    
   1500.00000       2.77384114    
   1514.14795       2.72906661    
   1544.26257       2.63530970    
   1583.33337       2.51586509    
   1622.40405       2.39858961    
   1652.51868       2.30985451    
   1666.66663       2.26886773    
   1680.81470       2.22967100    
   1710.92932       2.14771271    
   1750.00000       2.04345942    
   1789.07080       1.94124651    
   1819.18530       1.86401200    
   1833.33337       1.82837832    
   1847.48132       1.79440188    
   1877.59595       1.72344112    
   1916.66663       1.63328505    
   1955.73743       1.54498756    
   1985.85205       1.47832978    
   2000.00000       1.44759917    
   2014.14807       1.41835213    
   2044.26257       1.35731113    
   2083.33325       1.27980852    
   2122.40405       1.20393932    
   2152.51880       1.14668059    
   2166.66675       1.12028682    
   2180.81470       1.09517062    
   2210.92920       1.04274905    
   2250.00000      0.976176858    
   2289.07080      0.910979629    
   2319.18530      0.861741900    
   2333.33325      0.839027464    
   2347.48145      0.817360103    
   2377.59595      0.772086680    
   2416.66675      0.714509130    
   2455.73755      0.658023238    
   2485.85205      0.615277410    
   2500.00000      0.595516860    
   2514.14795      0.576555073    
   2544.26270      0.536833525    
   2583.33325      0.486160785    
   2622.40405      0.436278760    
   2652.51880      0.398388207    
   2666.66675      0.380807787    
   2680.81470      0.363765866    
   2710.92920      0.327914208    
   2750.00000      0.281951427    
   2789.07080      0.236467227    
   2819.18530      0.201723799    
   2833.33350      0.185517952    
   2847.48145      0.169583067    
   2877.59595      0.135865569    
   2916.66675       9.23534781E-02
   2955.73755       4.90015708E-02
   2985.85205       1.56550277E-02
   3000.00000       4.42572164E-05
