   0.00000000       9.99992847    
   42.4440269       9.77379036    
   132.787796       9.29302120    
   250.000000       8.67190552    
   367.212189       8.05555344    
   457.555969       7.58577776    
   500.000000       7.36782360    
   542.444031       7.15770626    
   632.787781       6.71752214    
   750.000000       6.15766764    
   867.212219       5.61049700    
   957.555969       5.19958687    
   1000.00000       5.01145840    
   1042.44397       4.83639193    
   1132.78784       4.47481298    
   1250.00000       4.02188396    
   1367.21216       3.58549953    
   1457.55603       3.26212096    
   1500.00000       3.11576176    
   1514.14795       3.07015014    
   1544.26257       2.97437596    
   1583.33337       2.85198426    
   1622.40405       2.73144078    
   1652.51868       2.63994527    
   1666.66663       2.59756064    
   1680.81470       2.55671048    
   1710.92932       2.47102404    
   1750.00000       2.36164260    
   1789.07080       2.25402045    
   1819.18530       2.17240715    
   1833.33337       2.13462949    
   1847.48132       2.09828949    
   1877.59595       2.02211905    
   1916.66663       1.92495668    
   1955.73743       1.82941604    
   1985.85205       1.75700057    
   2000.00000       1.72349274    
   2014.14807       1.69128728    
   2044.26257       1.62380219    
   2083.33325       1.53773654    
   2122.40405       1.45311272    
   2152.51880       1.38896573    
   2166.66675       1.35927820    
   2180.81470       1.33072460    
   2210.92920       1.27087045    
   2250.00000       1.19449651    
   2289.07080       1.11934888    
   2319.18530       1.06233382    
   2333.33325       1.03592193    
   2347.48145       1.01044834    
   2377.59595      0.956986070    
   2416.66675      0.888666272    
   2455.73755      0.821328640    
   2485.85205      0.770140707    
   2500.00000      0.746382713    
   2514.14795      0.723346472    
   2544.26270      0.674890935    
   2583.33325      0.612804830    
   2622.40405      0.551435351    
   2652.51880      0.504639089    
   2666.66675      0.482854486    
   2680.81470      0.461559474    
   2710.92920      0.416616708    
   2750.00000      0.358809471    
   2789.07080      0.301438123    
   2819.18530      0.257504642    
   2833.33350      0.236970991    
   2847.48145      0.216684610    
   2877.59595      0.173687294    
   2916.66675      0.118115254    
   2955.73755       6.26894906E-02
   2985.85205       2.00308748E-02
   3000.00000       5.66291492E-05
