   0.00000000       9.99992657    
   42.4440269       9.76573944    
   132.787796       9.26792049    
   250.000000       8.62498951    
   367.212189       7.98737669    
   457.555969       7.50182390    
   500.000000       7.27677298    
   542.444031       7.06045485    
   632.787781       6.60787058    
   750.000000       6.03317738    
   867.212219       5.47254658    
   957.555969       5.05241203    
   1000.00000       4.86046314    
   1042.44397       4.68292236    
   1132.78784       4.31719971    
   1250.00000       3.86049151    
   1367.21216       3.42190075    
   1457.55603       3.09800553    
   1500.00000       2.95189643    
   1514.14795       2.90664363    
   1544.26257       2.81174660    
   1583.33337       2.69065142    
   1622.40405       2.57155943    
   1652.51868       2.48129988    
   1666.66663       2.43954492    
   1680.81470       2.39944863    
   1710.92932       2.31546855    
   1750.00000       2.20844340    
   1789.07080       2.10331511    
   1819.18530       2.02372694    
   1833.33337       1.98694348    
   1847.48132       1.95170605    
   1877.59595       1.87797117    
   1916.66663       1.78409111    
   1955.73743       1.69195080    
   1985.85205       1.62224364    
   2000.00000       1.59004438    
   2014.14807       1.55923843    
   2044.26257       1.49480653    
   2083.33325       1.41280401    
   2122.40405       1.33234048    
   2152.51880       1.27147174    
   2166.66675       1.24335372    
   2180.81470       1.21644306    
   2210.92920       1.16014564    
   2250.00000       1.08846784    
   2289.07080       1.01809299    
   2319.18530      0.964812696    
   2333.33325      0.940178096    
   2347.48145      0.916538537    
   2377.59595      0.867025673    
   2416.66675      0.803891659    
   2455.73755      0.741797447    
   2485.85205      0.694692135    
   2500.00000      0.672868848    
   2514.14795      0.651808202    
   2544.26270      0.607590377    
   2583.33325      0.551046014    
   2622.40405      0.495257884    
   2652.51880      0.452791274    
   2666.66675      0.433051676    
   2680.81470      0.413828045    
   2710.92920      0.373314977    
   2750.00000      0.321281701    
   2789.07080      0.269707471    
   2819.18530      0.230257347    
   2833.33350      0.211835593    
   2847.48145      0.193674043    
   2877.59595      0.155209035    
   2916.66675      0.105528295    
   2955.73755       5.60014397E-02
   2985.85205       1.78927556E-02
   3000.00000       5.05839744E-05
