   0.00000000       9.99992466    
   42.4440269       9.76136112    
   132.787796       9.25427055    
   250.000000       8.59948635    
   367.212189       7.95033264    
   457.555969       7.45623112    
   500.000000       7.22734261    
   542.444031       7.00769377    
   632.787781       6.54847002    
   750.000000       5.96586609    
   867.212219       5.39809561    
   957.555969       4.97309875    
   1000.00000       4.77915049    
   1042.44397       4.60035610    
   1132.78784       4.23258305    
   1250.00000       3.77409148    
   1367.21216       3.33457136    
   1457.55603       3.01059747    
   1500.00000       2.86471462    
   1514.14795       2.81968355    
   1544.26257       2.72531843    
   1583.33337       2.60499740    
   1622.40405       2.48676109    
   1652.51868       2.39722252    
   1666.66663       2.35583186    
   1680.81470       2.31616473    
   1710.92932       2.23315096    
   1750.00000       2.12745333    
   1789.07080       2.02372360    
   1819.18530       1.94526649    
   1833.33337       1.90903628    
   1847.48132       1.87440741    
   1877.59595       1.80201292    
   1916.66663       1.70993423    
   1955.73743       1.61965477    
   1985.85205       1.55142570    
   2000.00000       1.51993906    
   2014.14807       1.48989117    
   2044.26257       1.42710924    
   2083.33325       1.34729815    
   2122.40405       1.26907396    
   2152.51880       1.20996606    
   2166.66675       1.18268967    
   2180.81470       1.15665650    
   2210.92920       1.10225523    
   2250.00000       1.03307700    
   2289.07080      0.965238512    
   2319.18530      0.913939834    
   2333.33325      0.890246987    
   2347.48145      0.867576063    
   2377.59595      0.820146263    
   2416.66675      0.759743929    
   2455.73755      0.700408280    
   2485.85205      0.655448318    
   2500.00000      0.634640515    
   2514.14795      0.614614308    
   2544.26270      0.572613239    
   2583.33325      0.518964827    
   2622.40405      0.466090798    
   2652.51880      0.425882787    
   2666.66675      0.407209218    
   2680.81470      0.389063507    
   2710.92920      0.350854099    
   2750.00000      0.301821649    
   2789.07080      0.253258586    
   2819.18530      0.216136113    
   2833.33350      0.198810384    
   2847.48145      0.181750581    
   2877.59595      0.145634934    
   2916.66675       9.90071669E-02
   2955.73755       5.25366478E-02
   2985.85205       1.67851131E-02
   3000.00000       4.74523185E-05
