   0.00000000       9.99993229    
   42.4440269       9.78436279    
   132.787796       9.32599258    
   250.000000       8.73355865    
   367.212189       8.14520454    
   457.555969       7.69625187    
   500.000000       7.48768902    
   542.444031       7.28585100    
   632.787781       6.86229563    
   750.000000       6.32245016    
   867.212219       5.79355192    
   957.555969       5.39526558    
   1000.00000       5.21241331    
   1042.44397       5.04089785    
   1132.78784       4.68543434    
   1250.00000       4.23836517    
   1367.21216       3.80577493    
   1457.55603       3.48374414    
   1500.00000       3.33735561    
   1514.14795       3.29136109    
   1544.26257       3.19461870    
   1583.33337       3.07075429    
   1622.40405       2.94852543    
   1652.51868       2.85557008    
   1666.66663       2.81243181    
   1680.81470       2.77065563    
   1710.92932       2.68285656    
   1750.00000       2.57053590    
   1789.07080       2.45978141    
   1819.18530       2.37560821    
   1833.33337       2.33656693    
   1847.48132       2.29880929    
   1877.59595       2.21949530    
   1916.66663       2.11807823    
   1955.73743       2.01811314    
   1985.85205       1.94216049    
   2000.00000       1.90693796    
   2014.14807       1.87288463    
   2044.26257       1.80135763    
   2083.33325       1.70989752    
   2122.40405       1.61973476    
   2152.51880       1.55121183    
   2166.66675       1.51942432    
   2180.81470       1.48865986    
   2210.92920       1.42400992    
   2250.00000       1.34129024    
   2289.07080       1.25967920    
   2319.18530       1.19759655    
   2333.33325       1.16876853    
   2347.48145       1.14079094    
   2377.59595       1.08192790    
   2416.66675       1.00650442    
   2455.73755      0.931972682    
   2485.85205      0.875174522    
   2500.00000      0.848754466    
   2514.14795      0.822990954    
   2544.26270      0.768678188    
   2583.33325      0.698922992    
   2622.40405      0.629820466    
   2652.51880      0.577019095    
   2666.66675      0.552395582    
   2680.81470      0.528218627    
   2710.92920      0.477107763    
   2750.00000      0.411254227    
   2789.07080      0.345798612    
   2819.18530      0.295609146    
   2833.33350      0.272127181    
   2847.48145      0.248871133    
   2877.59595      0.199536994    
   2916.66675      0.135725215    
   2955.73755       7.20471367E-02
   2985.85205       2.30225418E-02
   3000.00000       6.50876173E-05
