   0.00000000       9.99993038    
   42.4440269       9.77749920    
   132.787796       9.30458832    
   250.000000       8.69353008    
   367.212189       8.08699226    
   457.555969       7.62450933    
   500.000000       7.40984106    
   542.444031       7.20261145    
   632.787781       6.76821947    
   750.000000       6.21532106    
   867.212219       5.67448807    
   957.555969       5.26794481    
   1000.00000       5.08163595    
   1042.44397       4.90777826    
   1132.78784       4.54826260    
   1250.00000       4.09727955    
   1367.21216       3.66211629    
   1457.55603       3.33912826    
   1500.00000       3.19272208    
   1514.14795       3.14696527    
   1544.26257       3.05082893    
   1583.33337       2.92789221    
   1622.40405       2.80673027    
   1652.51868       2.71470261    
   1666.66663       2.67204452    
   1680.81470       2.63086152    
   1710.92932       2.54441786    
   1750.00000       2.43398619    
   1789.07080       2.32524776    
   1819.18530       2.24272394    
   1833.33337       2.20449758    
   1847.48132       2.16765642    
   1877.59595       2.09037638    
   1916.66663       1.99171436    
   1955.73743       1.89461625    
   1985.85205       1.82095730    
   2000.00000       1.78684735    
   2014.14807       1.75399482    
   2044.26257       1.68509555    
   2083.33325       1.59714437    
   2122.40405       1.51058638    
   2152.51880       1.44491267    
   2166.66675       1.41449320    
   2180.81470       1.38517034    
   2210.92920       1.32364893    
   2250.00000       1.24507046    
   2289.07080       1.16767907    
   2319.18530       1.10890615    
   2333.33325       1.08165658    
   2347.48145       1.05531621    
   2377.59595      0.999985397    
   2416.66675      0.929209232    
   2455.73755      0.859385431    
   2485.85205      0.806259692    
   2500.00000      0.781582594    
   2514.14795      0.757605851    
   2544.26270      0.707131207    
   2583.33325      0.642402530    
   2622.40405      0.578369498    
   2652.51880      0.529505610    
   2666.66675      0.506743848    
   2680.81470      0.484457582    
   2710.92920      0.437393874    
   2750.00000      0.376820654    
   2789.07080      0.316670924    
   2819.18530      0.270587832    
   2833.33350      0.249041274    
   2847.48145      0.227735057    
   2877.59595      0.182561830    
   2916.66675      0.124160774    
   2955.73755       6.59019053E-02
   2985.85205       2.10578833E-02
   3000.00000       5.95328456E-05
