   0.00000000       9.99993324    
   42.4440269       9.78754234    
   132.787796       9.33591080    
   250.000000       8.75210953    
   367.212189       8.17219162    
   457.555969       7.72952271    
   500.000000       7.52379894    
   542.444031       7.32447767    
   632.787781       6.90599155    
   750.000000       6.37226820    
   867.212219       5.84898376    
   957.555969       5.45459557    
   1000.00000       5.27338123    
   1042.44397       5.10299397    
   1132.78784       4.74950409    
   1250.00000       4.30437660    
   1367.21216       3.87310648    
   1457.55603       3.55161476    
   1500.00000       3.40527725    
   1514.14795       3.35918522    
   1544.26257       3.26218843    
   1583.33337       3.13792706    
   1622.40405       3.01523590    
   1652.51868       2.92187428    
   1666.66663       2.87852407    
   1680.81470       2.83648205    
   1710.92932       2.74807358    
   1750.00000       2.63490033    
   1789.07080       2.52323246    
   1819.18530       2.43830967    
   1833.33337       2.39889693    
   1847.48132       2.36071897    
   1877.59595       2.28047085    
   1916.66663       2.17778587    
   1955.73743       2.07649851    
   1985.85205       1.99948609    
   2000.00000       1.96374881    
   2014.14807       1.92913783    
   2044.26257       1.85638905    
   2083.33325       1.76329505    
   2122.40405       1.67145181    
   2152.51880       1.60159874    
   2166.66675       1.56917202    
   2180.81470       1.53773212    
   2210.92920       1.47161508    
   2250.00000       1.38695121    
   2289.07080       1.30335760    
   2319.18530       1.23971832    
   2333.33325       1.21014726    
   2347.48145       1.18139756    
   2377.59595       1.12086749    
   2416.66675       1.04324889    
   2455.73755      0.966491938    
   2485.85205      0.907956779    
   2500.00000      0.880711854    
   2514.14795      0.854101479    
   2544.26270      0.797968686    
   2583.33325      0.725828588    
   2622.40405      0.654319584    
   2652.51880      0.599648178    
   2666.66675      0.574140131    
   2680.81470      0.549063981    
   2710.92920      0.496027768    
   2750.00000      0.427661330    
   2789.07080      0.359679848    
   2819.18530      0.307535022    
   2833.33350      0.283131272    
   2847.48145      0.258946151    
   2877.59595      0.207628995    
   2916.66675      0.141238183    
   2955.73755       7.49767497E-02
   2985.85205       2.39591673E-02
   3000.00000       6.77357893E-05
