   0.00000000       9.99993420    
   42.4440269       9.79056931    
   132.787796       9.34535217    
   250.000000       8.76977158    
   367.212189       8.19788933    
   457.555969       7.76121044    
   500.000000       7.55819416    
   542.444031       7.36127996    
   632.787781       6.94764566    
   750.000000       6.41978979    
   867.212219       5.90189505    
   957.555969       5.51125669    
   1000.00000       5.33162165    
   1042.44397       5.16233206    
   1132.78784       4.81077290    
   1250.00000       4.36756277    
   1367.21216       3.93761849    
   1457.55603       3.61669230    
   1500.00000       3.47042656    
   1514.14795       3.42424870    
   1544.26257       3.32702422    
   1583.33337       3.20240307    
   1622.40405       3.07928896    
   1652.51868       2.98555326    
   1666.66663       2.94200706    
   1680.81470       2.89971733    
   1710.92932       2.81073880    
   1750.00000       2.69676614    
   1789.07080       2.58424020    
   1819.18530       2.49861169    
   1833.33337       2.45884871    
   1847.48132       2.42027330    
   1877.59595       2.33914018    
   1916.66663       2.23525262    
   1955.73743       2.13271022    
   1985.85205       2.05469084    
   2000.00000       2.01846385    
   2014.14807       1.98332131    
   2044.26257       1.90940714    
   2083.33325       1.81475353    
   2122.40405       1.72130501    
   2152.51880       1.65018058    
   2166.66675       1.61714232    
   2180.81470       1.58505535    
   2210.92920       1.51753223    
   2250.00000       1.43100405    
   2289.07080       1.34550798    
   2319.18530       1.28037441    
   2333.33325       1.25008988    
   2347.48145       1.22059774    
   2377.59595       1.15846419    
   2416.66675       1.07873344    
   2455.73755      0.999834299    
   2485.85205      0.939626396    
   2500.00000      0.911586821    
   2514.14795      0.884160042    
   2544.26270      0.826272070    
   2583.33325      0.751831293    
   2622.40405      0.678000152    
   2652.51880      0.621523798    
   2666.66675      0.595161796    
   2680.81470      0.569217145    
   2710.92920      0.514320791    
   2750.00000      0.443526119    
   2789.07080      0.373103499    
   2819.18530      0.319068640    
   2833.33350      0.293773770    
   2847.48145      0.268690258    
   2877.59595      0.215455428    
   2916.66675      0.146570355    
   2955.73755       7.78103396E-02
   2985.85205       2.48650983E-02
   3000.00000       7.02971811E-05
