   0.00000000       9.99993134    
   42.4440269       9.78101921    
   132.787796       9.31556416    
   250.000000       8.71405506    
   367.212189       8.11683846    
   457.555969       7.66128826    
   500.000000       7.44974709    
   542.444031       7.24527502    
   632.787781       6.81642151    
   750.000000       6.27018881    
   867.212219       5.73544359    
   957.555969       5.33310699    
   1000.00000       5.14855671    
   1042.44397       4.97588348    
   1132.78784       4.61840963    
   1250.00000       4.16938448    
   1367.21216       3.73549175    
   1457.55603       3.41295791    
   1500.00000       3.26654458    
   1514.14795       3.22066092    
   1544.26257       3.12420392    
   1583.33337       3.00077868    
   1622.40405       2.87905741    
   1652.51868       2.78654504    
   1666.66663       2.74363685    
   1680.81470       2.70214605    
   1710.92932       2.61500025    
   1750.00000       2.50359130    
   1789.07080       2.39381099    
   1819.18530       2.31043601    
   1833.33337       2.27178931    
   1847.48132       2.23447633    
   1877.59595       2.15615034    
   1916.66663       2.05607224    
   1955.73743       1.95750165    
   1985.85205       1.88266528    
   2000.00000       1.84798455    
   2014.14807       1.81451666    
   2044.26257       1.74427152    
   2083.33325       1.65452397    
   2122.40405       1.56612146    
   2152.51880       1.49899042    
   2166.66675       1.46787155    
   2180.81470       1.43781221    
   2210.92920       1.37469327    
   2250.00000       1.29400074    
   2289.07080       1.21445608    
   2319.18530       1.15399468    
   2333.33325       1.12594020    
   2347.48145       1.09876537    
   2377.59595       1.04163492    
   2416.66675      0.968491495    
   2455.73755      0.896270216    
   2485.85205      0.841274738    
   2500.00000      0.815710425    
   2514.14795      0.790824652    
   2544.26270      0.738397717    
   2583.33325      0.671112716    
   2622.40405      0.604502022    
   2652.51880      0.553636372    
   2666.66675      0.529928267    
   2680.81470      0.506681263    
   2710.92920      0.457561314    
   2750.00000      0.394305646    
   2789.07080      0.331460774    
   2819.18530      0.283291996    
   2833.33350      0.260762513    
   2847.48145      0.238466218    
   2877.59595      0.191180274    
   2916.66675      0.130032048    
   2955.73755       6.90218061E-02
   2985.85205       2.20553260E-02
   3000.00000       6.23529631E-05
