   0.00000000       9.99993515    
   42.4440269       9.79345322    
   132.787796       9.35434818    
   250.000000       8.78660107    
   367.212189       8.22237968    
   457.555969       7.79141378    
   500.000000       7.59098244    
   542.444031       7.39636946    
   632.787781       6.98738050    
   750.000000       6.46514893    
   867.212219       5.95242786    
   957.555969       5.56539536    
   1000.00000       5.38728189    
   1042.44397       5.21905756    
   1132.78784       4.86938190    
   1250.00000       4.42805815    
   1367.21216       3.99943709    
   1457.55603       3.67909360    
   1500.00000       3.53291631    
   1514.14795       3.48666263    
   1544.26257       3.38923311    
   1583.33337       3.26428461    
   1622.40405       3.14078259    
   1652.51868       3.04670143    
   1666.66663       3.00297332    
   1680.81470       2.96045208    
   1710.92932       2.87093902    
   1750.00000       2.75621510    
   1789.07080       2.64288139    
   1819.18530       2.55658722    
   1833.33337       2.51649356    
   1847.48132       2.47754145    
   1877.59595       2.39556909    
   1916.66663       2.29053998    
   1955.73743       2.18680477    
   1985.85205       2.10782719    
   2000.00000       2.07113409    
   2014.14807       2.03548479    
   2044.26257       1.96045828    
   2083.33325       1.86431527    
   2122.40405       1.76933241    
   2152.51880       1.69699216    
   2166.66675       1.66336894    
   2180.81470       1.63066208    
   2210.92920       1.56179106    
   2250.00000       1.47347510    
   2289.07080       1.38615382    
   2319.18530       1.31958592    
   2333.33325       1.28861618    
   2347.48145       1.25841045    
   2377.59595       1.19473517    
   2416.66675       1.11297262    
   2455.73755       1.03201234    
   2485.85205      0.970194340    
   2500.00000      0.941389620    
   2514.14795      0.913176239    
   2544.26270      0.853596687    
   2583.33325      0.776938081    
   2622.40405      0.700867832    
   2652.51880      0.642650664    
   2666.66675      0.615464926    
   2680.81470      0.588682055    
   2710.92920      0.531990230    
   2750.00000      0.458851278    
   2789.07080      0.386071593    
   2819.18530      0.330211550    
   2833.33350      0.304056078    
   2847.48145      0.278104693    
   2877.59595      0.223017260    
   2916.66675      0.151722357    
   2955.73755       8.05482268E-02
   2985.85205       2.57404372E-02
   3000.00000       7.27720762E-05
