   0.00000000       9.99993801    
   42.4440269       9.80133057    
   132.787796       9.37892151    
   250.000000       8.83258247    
   367.212189       8.28930855    
   457.555969       7.87397766    
   500.000000       7.68062735    
   542.444031       7.49234104    
   632.787781       7.09613991    
   750.000000       6.58942318    
   867.212219       6.09100866    
   957.555969       5.71397495    
   1000.00000       5.54009342    
   1042.44397       5.37486839    
   1132.78784       5.03053617    
   1250.00000       4.59462976    
   1367.21216       4.16988754    
   1457.55603       3.85133529    
   1500.00000       3.70548797    
   1514.14795       3.65905356    
   1544.26257       3.56111932    
   1583.33337       3.43534565    
   1622.40405       3.31085014    
   1652.51868       3.21587443    
   1666.66663       3.17167163    
   1680.81470       3.12853670    
   1710.92932       3.03760314    
   1750.00000       2.92087436    
   1789.07080       2.80537748    
   1819.18530       2.71729565    
   1833.33337       2.67631149    
   1847.48132       2.63634014    
   1877.59595       2.55209231    
   1916.66663       2.44396305    
   1955.73743       2.33698273    
   1985.85205       2.25539541    
   2000.00000       2.21743059    
   2014.14807       2.18039417    
   2044.26257       2.10232091    
   2083.33325       2.00209308    
   2122.40405       1.90289855    
   2152.51880       1.82721698    
   2166.66675       1.79198456    
   2180.81470       1.75756907    
   2210.92920       1.68498039    
   2250.00000       1.59172881    
   2289.07080       1.49936485    
   2319.18530       1.42883110    
   2333.33325       1.39596570    
   2347.48145       1.36378276    
   2377.59595       1.29583287    
   2416.66675       1.20843410    
   2455.73755       1.12175262    
   2485.85205       1.05546308    
   2500.00000       1.02453256    
   2514.14795      0.994131148    
   2544.26270      0.929844379    
   2583.33325      0.847011447    
   2622.40405      0.764705300    
   2652.51880      0.701638222    
   2666.66675      0.672156692    
   2680.81470      0.643036127    
   2710.92920      0.581335425    
   2750.00000      0.501655042    
   2789.07080      0.422296584    
   2819.18530      0.361341268    
   2833.33350      0.332782924    
   2847.48145      0.304407537    
   2877.59595      0.244144842    
   2916.66675      0.166117385    
   2955.73755       8.81982297E-02
   2985.85205       2.81862728E-02
   3000.00000       7.96873501E-05
