   0.00000000       9.99993610    
   42.4440269       9.79620266    
   132.787796       9.36292553    
   250.000000       8.80264950    
   367.212189       8.24573612    
   457.555969       7.82022333    
   500.000000       7.62226009    
   542.444031       7.42984915    
   632.787781       7.02530766    
   750.000000       6.50846767    
   867.212219       6.00071287    
   957.555969       5.61714697    
   1000.00000       5.44049835    
   1042.44397       5.27330685    
   1132.78784       4.92546511    
   1250.00000       4.48599005    
   1367.21216       4.05868053    
   1457.55603       3.73893094    
   1500.00000       3.59285450    
   1514.14795       3.54653358    
   1544.26257       3.44891906    
   1583.33337       3.32367182    
   1622.40405       3.19981241    
   1652.51868       3.10541129    
   1666.66663       3.06151390    
   1680.81470       3.01877522    
   1710.92932       2.92876029    
   1750.00000       2.81332922    
   1789.07080       2.69923353    
   1819.18530       2.61231041    
   1833.33337       2.57190371    
   1847.48132       2.53259444    
   1877.59595       2.44982505    
   1916.66663       2.34371090    
   1955.73743       2.23884082    
   1985.85205       2.15895128    
   2000.00000       2.12181425    
   2014.14807       2.08568096    
   2044.26257       2.00959229    
   2083.33325       1.91202605    
   2122.40405       1.81557643    
   2152.51880       1.74207318    
   2166.66675       1.70788991    
   2180.81470       1.67458916    
   2210.92920       1.60442615    
   2250.00000       1.51439571    
   2289.07080       1.42532337    
   2319.18530       1.35737872    
   2333.33325       1.32575107    
   2347.48145       1.29485977    
   2377.59595       1.22970235    
   2416.66675       1.14598620    
   2455.73755       1.06304336    
   2485.85205      0.999676228    
   2500.00000      0.970135272    
   2514.14795      0.941164374    
   2544.26270      0.879955530    
   2583.33325      0.801160157    
   2622.40405      0.722932279    
   2652.51880      0.663037300    
   2666.66675      0.635057449    
   2680.81470      0.607466280    
   2710.92920      0.549042642    
   2750.00000      0.473642319    
   2789.07080      0.398588598    
   2819.18530      0.340967476    
   2833.33350      0.313981533    
   2847.48145      0.287192553    
   2877.59595      0.230316892    
   2916.66675      0.156695798    
   2955.73755       8.31912532E-02
   2985.85205       2.65854541E-02
   3000.00000       7.51612461E-05
