   0.00000000       9.99993706    
   42.4440269       9.79882622    
   132.787796       9.37110901    
   250.000000       8.81796265    
   367.212189       8.26802540    
   457.555969       7.84771967    
   500.000000       7.65211487    
   542.444031       7.46181107    
   632.787781       7.06152964    
   750.000000       6.54985809    
   867.212219       6.04686928    
   957.555969       5.66663456    
   1000.00000       5.49139643    
   1042.44397       5.32520485    
   1132.78784       4.97914457    
   1250.00000       4.54147673    
   1367.21216       4.11546183    
   1457.55603       3.79631066    
   1500.00000       3.65034533    
   1514.14795       3.60396433    
   1544.26257       3.50618243    
   1583.33337       3.38066101    
   1622.40405       3.25647140    
   1652.51868       3.16177297    
   1666.66663       3.11771774    
   1680.81470       3.07477474    
   1710.92932       2.98428726    
   1750.00000       2.86818886    
   1789.07080       2.75337338    
   1819.18530       2.66585517    
   1833.33337       2.62515211    
   1847.48132       2.58550358    
   1877.59595       2.50197649    
   1916.66663       2.39483023    
   1955.73743       2.28887963    
   1985.85205       2.20812106    
   2000.00000       2.17056036    
   2014.14807       2.13396525    
   2044.26257       2.05686164    
   2083.33325       1.95793498    
   2122.40405       1.86008251    
   2152.51880       1.78546631    
   2166.66675       1.75074708    
   2180.81470       1.71687710    
   2210.92920       1.64547563    
   2250.00000       1.55380094    
   2289.07080       1.46304858    
   2319.18530       1.39378273    
   2333.33325       1.36152363    
   2347.48145       1.32997346    
   2377.59595       1.26339185    
   2416.66675       1.17779779    
   2455.73755       1.09294868    
   2485.85205       1.02809167    
   2500.00000      0.997842371    
   2514.14795      0.968142331    
   2544.26270      0.905364990    
   2583.33325      0.824512184    
   2622.40405      0.744206309    
   2652.51880      0.682695210    
   2666.66675      0.653950334    
   2680.81470      0.625580072    
   2710.92920      0.565487325    
   2750.00000      0.487907052    
   2789.07080      0.410660952    
   2819.18530      0.351341784    
   2833.33350      0.323555082    
   2847.48145      0.295958281    
   2877.59595      0.237357914    
   2916.66675      0.161493123    
   2955.73755       8.57407153E-02
   2985.85205       2.74005607E-02
   3000.00000       7.74658474E-05
