   0.00000000       9.99993801    
   42.4440269       9.80372238    
   132.787796       9.38638496    
   250.000000       8.84654808    
   367.212189       8.30964088    
   457.555969       7.89906597    
   500.000000       7.70787096    
   542.444031       7.52151585    
   632.787781       7.12922382    
   750.000000       6.62725830    
   867.212219       6.13323259    
   957.555969       5.75927401    
   1000.00000       5.58669710    
   1042.44397       5.42240620    
   1132.78784       5.07974815    
   1250.00000       4.64555550    
   1367.21216       4.22205925    
   1457.55603       3.90410256    
   1500.00000       3.75837851    
   1514.14795       3.71189618    
   1544.26257       3.61382270    
   1583.33337       3.48781657    
   1622.40405       3.36303639    
   1652.51868       3.26780176    
   1666.66663       3.22346067    
   1680.81470       3.18014431    
   1710.92932       3.08878946    
   1750.00000       2.97146416    
   1789.07080       2.85532165    
   1819.18530       2.76670480    
   1833.33337       2.72545362    
   1847.48132       2.68517518    
   1877.59595       2.60024095    
   1916.66663       2.49117494    
   1955.73743       2.38321280    
   1985.85205       2.30083466    
   2000.00000       2.26248431    
   2014.14807       2.22502589    
   2044.26257       2.14602494    
   2083.33325       2.04455280    
   2122.40405       1.94407380    
   2152.51880       1.86737251    
   2166.66675       1.83164859    
   2180.81470       1.79671025    
   2210.92920       1.72298312    
   2250.00000       1.62821937    
   2289.07080       1.53430939    
   2319.18530       1.46255898    
   2333.33325       1.42911172    
   2347.48145       1.39632118    
   2377.59595       1.32705677    
   2416.66675       1.23792410    
   2455.73755       1.14948165    
   2485.85205       1.08181524    
   2500.00000       1.05022991    
   2514.14795       1.01915383    
   2544.26270      0.953415275    
   2583.33325      0.868677258    
   2622.40405      0.784446478    
   2652.51880      0.719882071    
   2666.66675      0.689691603    
   2680.81470      0.659848690    
   2710.92920      0.596599936    
   2750.00000      0.514897346    
   2789.07080      0.433504760    
   2819.18530      0.370973766    
   2833.33350      0.341672242    
   2847.48145      0.312546909    
   2877.59595      0.250682950    
   2916.66675      0.170572162    
   2955.73755       9.05656889E-02
   2985.85205       2.89431941E-02
   3000.00000       8.18274493E-05
