   0.00000000       9.99994087    
   42.4440269       9.81228256    
   132.787796       9.41309261    
   250.000000       8.89653683    
   367.212189       8.38243198    
   457.555969       7.98890209    
   500.000000       7.80543852    
   542.444031       7.62602758    
   632.787781       7.24780750    
   750.000000       6.76296854    
   867.212219       6.28479338    
   957.555969       5.92196035    
   1000.00000       5.75411510    
   1042.44397       5.59323883    
   1132.78784       5.25673437    
   1250.00000       4.82889175    
   1367.21216       4.41007423    
   1457.55603       4.09441137    
   1500.00000       3.94920111    
   1514.14795       3.90256858    
   1544.26257       3.80404258    
   1583.33337       3.67725992    
   1622.40405       3.55151629    
   1652.51868       3.45539546    
   1666.66663       3.41057682    
   1680.81470       3.36662745    
   1710.92932       3.27379680    
   1750.00000       3.15437555    
   1789.07080       3.03595829    
   1819.18530       2.94545221    
   1833.33337       2.90325594    
   1847.48132       2.86188650    
   1877.59595       2.77450991    
   1916.66663       2.66210604    
   1955.73743       2.55064154    
   1985.85205       2.46543908    
   2000.00000       2.42570949    
   2014.14807       2.38673949    
   2044.26257       2.30441260    
   2083.33325       2.19847345    
   2122.40405       2.09338069    
   2152.51880       2.01301336    
   2166.66675       1.97552133    
   2180.81470       1.93869948    
   2210.92920       1.86086869    
   2250.00000       1.76065040    
   2289.07080       1.66116083    
   2319.18530       1.58501744    
   2333.33325       1.54946816    
   2347.48145       1.51447976    
   2377.59595       1.44045985    
   2416.66675       1.34505081    
   2455.73755       1.25023174    
   2485.85205       1.17757761    
   2500.00000       1.14361930    
   2514.14795       1.11009657    
   2544.26270       1.03909111    
   2583.33325      0.947440207    
   2622.40405      0.856223166    
   2652.51880      0.786222339    
   2666.66675      0.753457367    
   2680.81470      0.720989823    
   2710.92920      0.652115166    
   2750.00000      0.563062310    
   2789.07080      0.474274814    
   2819.18530      0.406014770    
   2833.33350      0.374010801    
   2847.48145      0.342157722    
   2877.59595      0.274468958    
   2916.66675      0.186779305    
   2955.73755       9.91789922E-02
   2985.85205       3.16970572E-02
   3000.00000       8.96136407E-05
