   0.00000000       9.99994183    
   42.4440269       9.81419659    
   132.787796       9.41906261    
   250.000000       8.90771198    
   367.212189       8.39870739    
   457.555969       8.00899124    
   500.000000       7.82725859    
   542.444031       7.64940596    
   632.787781       7.27434635    
   750.000000       6.79335833    
   867.212219       6.31875181    
   957.555969       5.95842838    
   1000.00000       5.79165173    
   1042.44397       5.63155222    
   1132.78784       5.29645300    
   1250.00000       4.87006998    
   1367.21216       4.45233822    
   1457.55603       4.13721800    
   1500.00000       3.99213648    
   1514.14795       3.94547415    
   1544.26257       3.84685540    
   1583.33337       3.71990967    
   1622.40405       3.59396052    
   1652.51868       3.49764895    
   1666.66663       3.45272708    
   1680.81470       3.40863919    
   1710.92932       3.31548476    
   1750.00000       3.19560194    
   1789.07080       3.07668281    
   1819.18530       2.98575926    
   1833.33337       2.94335365    
   1847.48132       2.90174174    
   1877.59595       2.81382203    
   1916.66663       2.70067501    
   1955.73743       2.58842945    
   1985.85205       2.50259686    
   2000.00000       2.46255922    
   2014.14807       2.42325115    
   2044.26257       2.34017944    
   2083.33325       2.23323965    
   2122.40405       2.12711239    
   2152.51880       2.04592276    
   2166.66675       2.00803375    
   2180.81470       1.97078860    
   2210.92920       1.89203525    
   2250.00000       1.79058993    
   2289.07080       1.68984461    
   2319.18530       1.61271214    
   2333.33325       1.57668924    
   2347.48145       1.54120541    
   2377.59595       1.46611309    
   2416.66675       1.36928821    
   2455.73755       1.27303004    
   2485.85205       1.19924998    
   2500.00000       1.16475594    
   2514.14795       1.13068032    
   2544.26270       1.05848455    
   2583.33325      0.965270877    
   2622.40405      0.872474253    
   2652.51880      0.801243961    
   2666.66675      0.767896593    
   2680.81470      0.734835148    
   2710.92920      0.664687216    
   2750.00000      0.573970556    
   2789.07080      0.483508974    
   2819.18530      0.413951784    
   2833.33350      0.381335884    
   2847.48145      0.348865032    
   2877.59595      0.279856980    
   2916.66675      0.190450624    
   2955.73755      0.101130143    
   2985.85205       3.23208869E-02
   3000.00000       9.13774420E-05
