   0.00000000       9.99993896    
   42.4440269       9.80600834    
   132.787796       9.39351654    
   250.000000       8.85989475    
   367.212189       8.32907391    
   457.555969       7.92304659    
   500.000000       7.73391342    
   542.444031       7.54940796    
   632.787781       7.16086197    
   750.000000       6.66345119    
   867.212219       6.17363739    
   957.555969       5.80263186    
   1000.00000       5.63130951    
   1042.44397       5.46791935    
   1132.78784       5.12688112    
   1250.00000       4.69435263    
   1367.21216       4.27207422    
   1457.55603       3.95470619    
   1500.00000       3.80910897    
   1514.14795       3.76258326    
   1544.26257       3.66438246    
   1583.33337       3.53816056    
   1622.40405       3.41311526    
   1652.51868       3.31763816    
   1666.66663       3.27316689    
   1680.81470       3.22967911    
   1710.92932       3.13792562    
   1750.00000       3.02003503    
   1789.07080       2.90328002    
   1819.18530       2.81415486    
   1833.33337       2.77264977    
   1847.48132       2.73207903    
   1877.59595       2.64649057    
   1916.66663       2.53653097    
   1955.73743       2.42763209    
   1985.85205       2.34449887    
   2000.00000       2.30577993    
   2014.14807       2.26791835    
   2044.26257       2.18803024    
   2083.33325       2.08536720    
   2122.40405       1.98365879    
   2152.51880       1.90598094    
   2166.66675       1.86978614    
   2180.81470       1.83434677    
   2210.92920       1.75952816    
   2250.00000       1.66331410    
   2289.07080       1.56792104    
   2319.18530       1.49500334    
   2333.33325       1.46099758    
   2347.48145       1.42762351    
   2377.59595       1.35709679    
   2416.66675       1.26629853    
   2455.73755       1.17616415    
   2485.85205       1.10717475    
   2500.00000       1.07495999    
   2514.14795       1.04323530    
   2544.26270      0.976100683    
   2583.33325      0.889530659    
   2622.40405      0.803448617    
   2652.51880      0.737443864    
   2666.66675      0.706571400    
   2680.81470      0.676033378    
   2710.92920      0.611294866    
   2750.00000      0.527646005    
   2789.07080      0.444295585    
   2819.18530      0.380247891    
   2833.33350      0.350230962    
   2847.48145      0.320383638    
   2877.59595      0.256978005    
   2916.66675      0.174861401    
   2955.73755       9.28451866E-02
   2985.85205       2.96719987E-02
   3000.00000       8.38880442E-05
