   0.00000000       9.99994087    
   42.4440269       9.81028366    
   132.787796       9.40685463    
   250.000000       8.88486004    
   367.212189       8.36542702    
   457.555969       7.96791315    
   500.000000       7.78264141    
   542.444031       7.60160494    
   632.787781       7.22008753    
   750.000000       6.73123264    
   867.212219       6.24933720    
   957.555969       5.88389063    
   1000.00000       5.71493196    
   1042.44397       5.55324936    
   1132.78784       5.21528673    
   1250.00000       4.78593349    
   1367.21216       4.36599588    
   1457.55603       4.04977655    
   1500.00000       3.90443730    
   1514.14795       3.85783696    
   1544.26257       3.75941110    
   1583.33337       3.63280272    
   1622.40405       3.50727701    
   1652.51868       3.41135812    
   1666.66663       3.36664867    
   1680.81470       3.32284522    
   1710.92932       3.23035526    
   1750.00000       3.11141849    
   1789.07080       2.99352813    
   1819.18530       2.90346003    
   1833.33337       2.86148334    
   1847.48132       2.82036757    
   1877.59595       2.73355961    
   1916.66663       2.62193346    
   1955.73743       2.51128554    
   1985.85205       2.42674208    
   2000.00000       2.38733435    
   2014.14807       2.34871769    
   2044.26257       2.26716852    
   2083.33325       2.16227436    
   2122.40405       2.05826139    
   2152.51880       1.97875237    
   2166.66675       1.94167447    
   2180.81470       1.90529406    
   2210.92920       1.82842553    
   2250.00000       1.72948658    
   2289.07080       1.63130617    
   2319.18530       1.55619371    
   2333.33325       1.52113783    
   2347.48145       1.48666573    
   2377.59595       1.41376305    
   2416.66675       1.31982899    
   2455.73755       1.22650862    
   2485.85205       1.15502715    
   2500.00000       1.12162673    
   2514.14795       1.08867955    
   2544.26270       1.01891327    
   2583.33325      0.928888977    
   2622.40405      0.839316070    
   2652.51880      0.770594895    
   2666.66675      0.738435924    
   2680.81470      0.706586421    
   2710.92920      0.639036596    
   2750.00000      0.551714838    
   2789.07080      0.464669108    
   2819.18530      0.397758543    
   2833.33350      0.366391152    
   2847.48145      0.335180759    
   2877.59595      0.268864363    
   2916.66675      0.182960436    
   2955.73755       9.71494392E-02
   2985.85205       3.10481619E-02
   3000.00000       8.77789716E-05
