   0.00000000       9.99993992    
   42.4440269       9.80819321    
   132.787796       9.40033436    
   250.000000       8.87265587    
   367.212189       8.34765434    
   457.555969       7.94597769    
   500.000000       7.75881767    
   542.444031       7.57608414    
   632.787781       7.19112682    
   750.000000       6.69808388    
   867.212219       6.21231127    
   957.555969       5.84414148    
   1000.00000       5.67402458    
   1042.44397       5.51150417    
   1132.78784       5.17203093    
   1250.00000       4.74111557    
   1367.21216       4.32002401    
   1457.55603       4.00323582    
   1500.00000       3.85776687    
   1514.14795       3.81120205    
   1544.26257       3.71288419    
   1583.33337       3.58646226    
   1622.40405       3.46116900    
   1652.51868       3.36546421    
   1666.66663       3.32087040    
   1680.81470       3.27722049    
   1710.92932       3.18508911    
   1750.00000       3.06666207    
   1789.07080       2.94932508    
   1819.18530       2.85971689    
   1833.33337       2.81797028    
   1847.48132       2.77712059    
   1877.59595       2.69090796    
   1916.66663       2.58009601    
   1955.73743       2.47030258    
   1985.85205       2.38644814    
   2000.00000       2.34737730    
   2014.14807       2.30912971    
   2044.26257       2.22839284    
   2083.33325       2.12458992    
   2122.40405       2.02170420    
   2152.51880       1.94309115    
   2166.66675       1.90644538    
   2180.81470       1.87052560    
   2210.92920       1.79466057    
   2250.00000       1.69705546    
   2289.07080       1.60023975    
   2319.18530       1.52620196    
   2333.33325       1.49166036    
   2347.48145       1.45772600    
   2377.59595       1.38598716    
   2416.66675       1.29358923    
   2455.73755       1.20182979    
   2485.85205       1.13156915    
   2500.00000       1.09874976    
   2514.14795       1.06640160    
   2544.26270      0.997924984    
   2583.33325      0.909593582    
   2622.40405      0.821731627    
   2652.51880      0.754341841    
   2666.66675      0.722813487    
   2680.81470      0.691606879    
   2710.92920      0.625435174    
   2750.00000      0.539914012    
   2789.07080      0.454679906    
   2819.18530      0.389172912    
   2833.33350      0.358467638    
   2847.48145      0.327925533    
   2877.59595      0.263036311    
   2916.66675      0.178989336    
   2955.73755       9.50389802E-02
   2985.85205       3.03734019E-02
   3000.00000       8.58711719E-05
