   0.00000000       9.99994469    
   42.4440269       9.82260990    
   132.787796       9.44531536    
   250.000000       8.95685673    
   367.212189       8.47028828    
   457.555969       8.09735966    
   500.000000       7.92325068    
   542.444031       7.75226927    
   632.787781       7.39115715    
   750.000000       6.92718029    
   867.212219       6.46835566    
   957.555969       6.11914206    
   1000.00000       5.95710468    
   1042.44397       5.80046558    
   1132.78784       5.47164726    
   1250.00000       5.05181646    
   1367.21216       4.63899469    
   1457.55603       4.32636213    
   1500.00000       4.18189049    
   1514.14795       4.13511181    
   1544.26257       4.03611279    
   1583.33337       3.90848517    
   1622.40405       3.78166723    
   1652.51868       3.68454242    
   1666.66663       3.63917732    
   1680.81470       3.59449005    
   1710.92932       3.49993110    
   1750.00000       3.37804413    
   1789.07080       3.25694060    
   1819.18530       3.16419601    
   1833.33337       3.12087727    
   1847.48132       3.07820415    
   1877.59595       2.98790431    
   1916.66663       2.87149835    
   1955.73743       2.75582671    
   1985.85205       2.66722655    
   2000.00000       2.62583542    
   2014.14807       2.58503866    
   2044.26257       2.49868822    
   2083.33325       2.38733959    
   2122.40405       2.27665329    
   2152.51880       2.19183707    
   2166.66675       2.15219760    
   2180.81470       2.11308289    
   2210.92920       2.03025413    
   2250.00000       1.92338681    
   2289.07080       1.81709075    
   2319.18530       1.73558462    
   2333.33325       1.69746768    
   2347.48145       1.65979064    
   2377.59595       1.57995021    
   2416.66675       1.47685504    
   2455.73755       1.37422287    
   2485.85205       1.29545414    
   2500.00000       1.25858569    
   2514.14795       1.22205913    
   2544.26270       1.14458501    
   2583.33325       1.04444027    
   2622.40405      0.944636464    
   2652.51880      0.867951393    
   2666.66675      0.832020044    
   2680.81470      0.796322405    
   2710.92920      0.720522285    
   2750.00000      0.622418880    
   2789.07080      0.524524093    
   2819.18530      0.449206948    
   2833.33350      0.413873613    
   2847.48145      0.378658921    
   2877.59595      0.303790867    
   2916.66675      0.206759065    
   2955.73755      0.109797485    
   2985.85205       3.50920521E-02
   3000.00000       9.92125642E-05
