   0.00000000       9.99994278    
   42.4440269       9.81778145    
   132.787796       9.43024921    
   250.000000       8.92865181    
   367.212189       8.42920589    
   457.555969       8.04663944    
   500.000000       7.86815357    
   542.444031       7.69322538    
   632.787781       7.32409906    
   750.000000       6.85034561    
   867.212219       6.38244772    
   957.555969       6.02684402    
   1000.00000       5.86208010    
   1042.44397       5.70344687    
   1132.78784       5.37100554    
   1250.00000       4.94738960    
   1367.21216       4.53172493    
   1457.55603       4.21764612    
   1500.00000       4.07281590    
   1514.14795       4.02610159    
   1544.26257       3.92731571    
   1583.33337       3.80007315    
   1622.40405       3.67374754    
   1652.51868       3.57708478    
   1666.66663       3.53197193    
   1680.81470       3.48762679    
   1710.92932       3.39387035    
   1750.00000       3.27312899    
   1789.07080       3.15327501    
   1819.18530       3.06157255    
   1833.33337       3.01877689    
   1847.48132       2.97671175    
   1877.59595       2.88777614    
   1916.66663       2.77323890    
   1955.73743       2.65953207    
   1985.85205       2.57251954    
   2000.00000       2.53190517    
   2014.14807       2.49196291    
   2044.26257       2.40749502    
   2083.33325       2.29867792    
   2122.40405       2.19060993    
   2152.51880       2.10787678    
   2166.66675       2.06924295    
   2180.81470       2.03120255    
   2210.92920       1.95071614    
   2250.00000       1.84696531    
   2289.07080       1.74386013    
   2319.18530       1.66486847    
   2333.33325       1.62795556    
   2347.48145       1.59153986    
   2377.59595       1.51443017    
   2416.66675       1.41494155    
   2455.73755       1.31597590    
   2485.85205       1.24007714    
   2500.00000       1.20457458    
   2514.14795       1.16945827    
   2544.26270       1.09502149    
   2583.33325      0.998865366    
   2622.40405      0.903094172    
   2652.51880      0.829548478    
   2666.66675      0.795104325    
   2680.81470      0.760924101    
   2710.92920      0.688377500    
   2750.00000      0.594526231    
   2789.07080      0.500910521    
   2819.18530      0.428909242    
   2833.33350      0.395140320    
   2847.48145      0.361505330    
   2877.59595      0.290011048    
   2916.66675      0.197369516    
   2955.73755      0.104807273    
   2985.85205       3.34965549E-02
   3000.00000       9.47014923E-05
