   0.00000000       9.99994373    
   42.4440269       9.82106876    
   132.787796       9.44050694    
   250.000000       8.94785595    
   367.212189       8.45717812    
   457.555969       8.08117294    
   500.000000       7.90566683    
   542.444031       7.73342514    
   632.787781       7.36975288    
   750.000000       6.90265274    
   867.212219       6.44092846    
   957.555969       6.08967209    
   1000.00000       5.92676258    
   1042.44397       5.76948500    
   1132.78784       5.43950558    
   1250.00000       5.01846075    
   1367.21216       4.60472536    
   1457.55603       4.29162645    
   1500.00000       4.14703798    
   1514.14795       4.10027933    
   1544.26257       4.00134706    
   1583.33337       3.87384057    
   1622.40405       3.74717808    
   1652.51868       3.65019941    
   1666.66663       3.60491419    
   1680.81470       3.56033564    
   1710.92932       3.46603179    
   1750.00000       3.34450912    
   1789.07080       3.22380328    
   1819.18530       3.13139057    
   1833.33337       3.08823848    
   1847.48132       3.04575920    
   1877.59595       2.95589423    
   1916.66663       2.84008408    
   1955.73743       2.72503901    
   1985.85205       2.63694525    
   2000.00000       2.59580207    
   2014.14807       2.55527806    
   2044.26257       2.46952868    
   2083.33325       2.35898805    
   2122.40405       2.24913788    
   2152.51880       2.16498685    
   2166.66675       2.12566853    
   2180.81470       2.08689713    
   2210.92920       2.00481653    
   2250.00000       1.89894509    
   2289.07080       1.79366875    
   2319.18530       1.71296608    
   2333.33325       1.67523396    
   2347.48145       1.63796008    
   2377.59595       1.55899262    
   2416.66675       1.45705044    
   2455.73755       1.35559058    
   2485.85205       1.27773941    
   2500.00000       1.24130774    
   2514.14795       1.20523214    
   2544.26270       1.12872934    
   2583.33325       1.02986026    
   2622.40405      0.931346238    
   2652.51880      0.855665326    
   2666.66675      0.820209622    
   2680.81470      0.784997404    
   2710.92920      0.710238099    
   2750.00000      0.613494933    
   2789.07080      0.516969085    
   2819.18530      0.442712784    
   2833.33350      0.407879949    
   2847.48145      0.373170644    
   2877.59595      0.299382031    
   2916.66675      0.203754872    
   2955.73755      0.108200856    
   2985.85205       3.45815681E-02
   3000.00000       9.77692398E-05
