   0.00000000       9.99994373    
   42.4440269       9.81946087    
   132.787796       9.43548870    
   250.000000       8.93846035    
   367.212189       8.44349289    
   457.555969       8.06427765    
   500.000000       7.88731337    
   542.444031       7.71375656    
   632.787781       7.34741497    
   750.000000       6.87705755    
   867.212219       6.41231060    
   957.555969       6.05892563    
   1000.00000       5.89510775    
   1042.44397       5.73716593    
   1132.78784       5.40597916    
   1250.00000       4.98367262    
   1367.21216       4.56898975    
   1457.55603       4.25540876    
   1500.00000       4.11070108    
   1514.14795       4.06396341    
   1544.26257       3.96510196    
   1583.33337       3.83772373    
   1622.40405       3.71122503    
   1652.51868       3.61440039    
   1666.66663       3.56919932    
   1680.81470       3.52473474    
   1710.92932       3.43069792    
   1750.00000       3.30955696    
   1789.07080       3.18926740    
   1819.18530       3.09720159    
   1833.33337       3.05422354    
   1847.48132       3.01194692    
   1877.59595       2.92253637    
   1916.66663       2.80734849    
   1955.73743       2.69295812    
   1985.85205       2.60539317    
   2000.00000       2.56450868    
   2014.14807       2.52426934    
   2044.26257       2.43914700    
   2083.33325       2.32944989    
   2122.40405       2.22047186    
   2152.51880       2.13701487    
   2166.66675       2.09803152    
   2180.81470       2.05961800    
   2210.92920       1.97831762    
   2250.00000       1.87348437    
   2289.07080       1.76927102    
   2319.18530       1.68940604    
   2333.33325       1.65207505    
   2347.48145       1.61522138    
   2377.59595       1.53716362    
   2416.66675       1.43642306    
   2455.73755       1.33618462    
   2485.85205       1.25928962    
   2500.00000       1.22331297    
   2514.14795       1.18770730    
   2544.26270       1.11221647    
   2583.33325       1.01467621    
   2622.40405      0.917505682    
   2652.51880      0.842870653    
   2666.66675      0.807910502    
   2680.81470      0.773203790    
   2710.92920      0.699528456    
   2750.00000      0.604201972    
   2789.07080      0.509101748    
   2819.18530      0.435950190    
   2833.33350      0.401638567    
   2847.48145      0.367455572    
   2877.59595      0.294790983    
   2916.66675      0.200626552    
   2955.73755      0.106538266    
   2985.85205       3.40499952E-02
   3000.00000       9.62662816E-05
