   0.00000000       9.99994183    
   42.4440269       9.81602764    
   132.787796       9.42477703    
   250.000000       8.91840935    
   367.212189       8.41428757    
   457.555969       8.02822304    
   500.000000       7.84814930    
   542.444031       7.67178965    
   632.787781       7.29975939    
   750.000000       6.82246447    
   867.212219       6.35128164    
   957.555969       5.99336672    
   1000.00000       5.82761669    
   1042.44397       5.66826487    
   1132.78784       5.33451939    
   1250.00000       4.90954494    
   1367.21216       4.49286413    
   1457.55603       4.17827225    
   1500.00000       4.03331757    
   1514.14795       3.98662806    
   1544.26257       3.88792276    
   1583.33337       3.76082420    
   1622.40405       3.63468146    
   1652.51868       3.53818941    
   1666.66663       3.49316955    
   1680.81470       3.44895005    
   1710.92932       3.35548711    
   1750.00000       3.23516488    
   1789.07080       3.11576748    
   1819.18530       3.02444530    
   1833.33337       2.98184013    
   1847.48132       2.93999648    
   1877.59595       2.85155749    
   1916.66663       2.73769975    
   1955.73743       2.62470746    
   1985.85205       2.53827214    
   2000.00000       2.49793983    
   2014.14807       2.45830750    
   2044.26257       2.37452292    
   2083.33325       2.26662421    
   2122.40405       2.15950608    
   2152.51880       2.07752824    
   2166.66675       2.03925896    
   2180.81470       2.00160789    
   2210.92920       1.92196965    
   2250.00000       1.81934750    
   2289.07080       1.71739781    
   2319.18530       1.63931632    
   2333.33325       1.60283923    
   2347.48145       1.56687987    
   2377.59595       1.49075818    
   2416.66675       1.39257407    
   2455.73755       1.29493451    
   2485.85205       1.22007346    
   2500.00000       1.18506491    
   2514.14795       1.15045846    
   2544.26270       1.07711935    
   2583.33325      0.982404709    
   2622.40405      0.888090730    
   2652.51880      0.815679431    
   2666.66675      0.781772614    
   2680.81470      0.748140514    
   2710.92920      0.676769197    
   2750.00000      0.584453821    
   2789.07080      0.492383540    
   2819.18530      0.421579838    
   2833.33350      0.388375908    
   2847.48145      0.355311364    
   2877.59595      0.285035342    
   2916.66675      0.193979114    
   2955.73755      0.103005402    
   2985.85205       3.29204500E-02
   3000.00000       9.30726310E-05
