   0.00000000       9.99994469    
   42.4440269       9.82408619    
   132.787796       9.44992161    
   250.000000       8.96548080    
   367.212189       8.48285103    
   457.555969       8.11286926    
   500.000000       7.94009924    
   542.444031       7.77032661    
   632.787781       7.41166878    
   750.000000       6.95068741    
   867.212219       6.49464464    
   957.555969       6.14739084    
   1000.00000       5.98619032    
   1042.44397       5.83016491    
   1132.78784       5.50246286    
   1250.00000       5.08380032    
   1367.21216       4.67185926    
   1457.55603       4.35967731    
   1500.00000       4.21531916    
   1514.14795       4.16852188    
   1544.26257       4.06945992    
   1583.33337       3.94171762    
   1622.40405       3.81475210    
   1652.51868       3.71748781    
   1666.66663       3.67204666    
   1680.81470       3.62725568    
   1710.92932       3.53245330    
   1750.00000       3.41021776    
   1789.07080       3.28873420    
   1819.18530       3.19567227    
   1833.33337       3.15219426    
   1847.48132       3.10933566    
   1877.59595       3.01861930    
   1916.66663       2.90164304    
   1955.73743       2.78537107    
   1985.85205       2.69628572    
   2000.00000       2.65465736    
   2014.14807       2.61359930    
   2044.26257       2.52667308    
   2083.33325       2.41454959    
   2122.40405       2.30306196    
   2152.51880       2.21760798    
   2166.66675       2.17766047    
   2180.81470       2.13821673    
   2210.92920       2.05467010    
   2250.00000       1.94684780    
   2289.07080       1.83957386    
   2319.18530       1.75729692    
   2333.33325       1.71881080    
   2347.48145       1.68074703    
   2377.59595       1.60006893    
   2416.66675       1.49586737    
   2455.73755       1.39211035    
   2485.85205       1.31246114    
   2500.00000       1.27517343    
   2514.14795       1.23821390    
   2544.26270       1.15980744    
   2583.33325       1.05843830    
   2622.40405      0.957396448    
   2652.51880      0.879747570    
   2666.66675      0.843359530    
   2680.81470      0.807195902    
   2710.92920      0.730396509    
   2750.00000      0.630987167    
   2789.07080      0.531778097    
   2819.18530      0.455442458    
   2833.33350      0.419628590    
   2847.48145      0.383928627    
   2877.59595      0.308024168    
   2916.66675      0.209643632    
   2955.73755      0.111330539    
   2985.85205       3.55822109E-02
   3000.00000       1.00598430E-04
