   0.00000000       9.99994659    
   42.4440269       9.82940006    
   132.787796       9.46650505    
   250.000000       8.99652863    
   367.212189       8.52808094    
   457.555969       8.16871548    
   500.000000       8.00076962    
   542.444031       7.83535290    
   632.787781       7.48554468    
   750.000000       7.03536844    
   867.212219       6.58936262    
   957.555969       6.24918509    
   1000.00000       6.09100819    
   1042.44397       5.93720388    
   1132.78784       5.61354685    
   1250.00000       5.19912767    
   1367.21216       4.79039145    
   1457.55603       4.47985935    
   1500.00000       4.33592129    
   1514.14795       4.28906107    
   1544.26257       4.18978024    
   1583.33337       4.06163454    
   1622.40405       3.93414617    
   1652.51868       3.83638763    
   1666.66663       3.79067516    
   1680.81470       3.74551320    
   1710.92932       3.64983892    
   1750.00000       3.52635574    
   1789.07080       3.40350962    
   1819.18530       3.30930948    
   1833.33337       3.26525974    
   1847.48132       3.22173452    
   1877.59595       3.12952185    
   1916.66663       3.01049399    
   1955.73743       2.89206290    
   1985.85205       2.80123234    
   2000.00000       2.75874972    
   2014.14807       2.71675038    
   2044.26257       2.62774968    
   2083.33325       2.51283479    
   2122.40405       2.39845920    
   2152.51880       2.31070662    
   2166.66675       2.26964879    
   2180.81470       2.22901821    
   2210.92920       2.14288306    
   2250.00000       2.03161550    
   2289.07080       1.92081285    
   2319.18530       1.83575439    
   2333.33325       1.79593599    
   2347.48145       1.75647593    
   2377.59595       1.67277372    
   2416.66675       1.56457734    
   2455.73755       1.45675814    
   2485.85205       1.37392879    
   2500.00000       1.33512712    
   2514.14795       1.29660392    
   2544.26270       1.21482909    
   2583.33325       1.10903609    
   2622.40405       1.00352085    
   2652.51880      0.922388911    
   2666.66675      0.884350657    
   2680.81470      0.846502841    
   2710.92920      0.766092002    
   2750.00000      0.661962211    
   2789.07080      0.558002412    
   2819.18530      0.477985173    
   2833.33350      0.440434247    
   2847.48145      0.402980000    
   2877.59595      0.323328733    
   2916.66675      0.220072269    
   2955.73755      0.116873033    
   2985.85205       3.73542942E-02
   3000.00000       1.05608779E-04
