   0.00000000       9.99994564    
   42.4440269       9.82550049    
   132.787796       9.45433521    
   250.000000       8.97374439    
   367.212189       8.49488831    
   457.555969       8.12773228    
   500.000000       7.95624542    
   542.444031       7.78763151    
   632.787781       7.43132687    
   750.000000       6.97321844    
   867.212219       6.51984358    
   957.555969       6.17447042    
   1000.00000       6.01407337    
   1042.44397       5.85863733    
   1132.78784       5.53200769    
   1250.00000       5.11447001    
   1367.21216       4.70337629    
   1457.55603       4.39162970    
   1500.00000       4.24738169    
   1514.14795       4.20056725    
   1544.26257       4.10144615    
   1583.33337       3.97359490    
   1622.40405       3.84648895    
   1652.51868       3.74909210    
   1666.66663       3.70357823    
   1680.81470       3.65868831    
   1710.92932       3.56365299    
   1750.00000       3.44108462    
   1789.07080       3.31923723    
   1819.18530       3.22587204    
   1833.33337       3.18224144    
   1847.48132       3.13920522    
   1877.59595       3.04809046    
   1916.66663       2.93056774    
   1955.73743       2.81372070    
   1985.85205       2.72417092    
   2000.00000       2.68231511    
   2014.14807       2.64100647    
   2044.26257       2.55352831    
   2083.33325       2.44066215    
   2122.40405       2.32840633    
   2152.51880       2.24234080    
   2166.66675       2.20209813    
   2180.81470       2.16233873    
   2210.92920       2.07810402    
   2250.00000       1.96936560    
   2289.07080       1.86115360    
   2319.18530       1.77813721    
   2333.33325       1.73929703    
   2347.48145       1.70086217    
   2377.59595       1.61938035    
   2416.66675       1.51411724    
   2455.73755       1.40928078    
   2485.85205       1.32878661    
   2500.00000       1.29109669    
   2514.14795       1.25372171    
   2544.26270       1.17442048    
   2583.33325       1.07187617    
   2622.40405      0.969645977    
   2652.51880      0.891071916    
   2666.66675      0.854245543    
   2680.81470      0.817634583    
   2710.92920      0.739876032    
   2750.00000      0.639212966    
   2789.07080      0.538742185    
   2819.18530      0.461428821    
   2833.33350      0.425153643    
   2847.48145      0.388987809    
   2877.59595      0.312088370    
   2916.66675      0.212412998    
   2955.73755      0.112802364    
   2985.85205       3.60527933E-02
   3000.00000       1.01928948E-04
