   0.00000000       9.99994564    
   42.4440269       9.82815552    
   132.787796       9.46261978    
   250.000000       8.98925400    
   367.212189       8.51748180    
   457.555969       8.15562916    
   500.000000       7.98655224    
   542.444031       7.82011414    
   632.787781       7.46823072    
   750.000000       7.01552010    
   867.212219       6.56715965    
   957.555969       6.22532129    
   1000.00000       6.06643438    
   1042.44397       5.91210794    
   1132.78784       5.58750010    
   1250.00000       5.17208195    
   1367.21216       4.76259041    
   1457.55603       4.45166874    
   1500.00000       4.30763054    
   1514.14795       4.26078415    
   1544.26257       4.16155434    
   1583.33337       4.03350163    
   1622.40405       3.90613461    
   1652.51868       3.80849099    
   1666.66663       3.76284170    
   1680.81470       3.71776652    
   1710.92932       3.62229586    
   1750.00000       3.49910426    
   1789.07080       3.37657642    
   1819.18530       3.28264260    
   1833.33337       3.23872662    
   1847.48132       3.19535756    
   1877.59595       3.10349512    
   1916.66663       2.98494768    
   1955.73743       2.86702228    
   1985.85205       2.77660036    
   2000.00000       2.73431802    
   2014.14807       2.69253945    
   2044.26257       2.60402465    
   2083.33325       2.48976421    
   2122.40405       2.37606573    
   2152.51880       2.28885198    
   2166.66675       2.24805450    
   2180.81470       2.20770240    
   2210.92920       2.12217426    
   2250.00000       2.01171494    
   2289.07080       1.90174007    
   2319.18530       1.81733418    
   2333.33325       1.77782834    
   2347.48145       1.73869598    
   2377.59595       1.65570343    
   2416.66675       1.54844463    
   2455.73755       1.44157875    
   2485.85205       1.35949576    
   2500.00000       1.32104945    
   2514.14795       1.28289342    
   2544.26270       1.20190930    
   2583.33325       1.09715486    
   2622.40405      0.992689788    
   2652.51880      0.912375569    
   2666.66675      0.874724805    
   2680.81470      0.837272406    
   2710.92920      0.757709563    
   2750.00000      0.654688239    
   2789.07080      0.551844001    
   2819.18530      0.472691268    
   2833.33350      0.435548246    
   2847.48145      0.398505956    
   2877.59595      0.319734603    
   2916.66675      0.217623189    
   2955.73755      0.115571417    
   2985.85205       3.69381346E-02
   3000.00000       1.04432140E-04
