   0.00000000       9.99994564    
   42.4440269       9.82685566    
   132.787796       9.45856571    
   250.000000       8.98166370    
   367.212189       8.50642490    
   457.555969       8.14197636    
   500.000000       7.97172022    
   542.444031       7.80421686    
   632.787781       7.45016909    
   750.000000       6.99481630    
   867.212219       6.54400063    
   957.555969       6.20043135    
   1000.00000       6.04080486    
   1042.44397       5.88593531    
   1132.78784       5.56033659    
   1250.00000       5.14387941    
   1367.21216       4.73360252    
   1457.55603       4.42227554    
   1500.00000       4.27813435    
   1514.14795       4.23130369    
   1544.26257       4.13212633    
   1583.33337       4.00417233    
   1622.40405       3.87693238    
   1652.51868       3.77940917    
   1666.66663       3.73382616    
   1680.81470       3.68884134    
   1710.92932       3.59358358    
   1750.00000       3.47069669    
   1789.07080       3.34850168    
   1819.18530       3.25484586    
   1833.33337       3.21106935    
   1847.48132       3.16786313    
   1877.59595       3.07636642    
   1916.66663       2.95832038    
   1955.73743       2.84092283    
   1985.85205       2.75092769    
   2000.00000       2.70885396    
   2014.14807       2.66730547    
   2044.26257       2.57929802    
   2083.33325       2.46571994    
   2122.40405       2.35272765    
   2152.51880       2.26607609    
   2166.66675       2.22554994    
   2180.81470       2.18548822    
   2210.92920       2.10059309    
   2250.00000       1.99097633    
   2289.07080       1.88186455    
   2319.18530       1.79813886    
   2333.33325       1.75895894    
   2347.48145       1.72016799    
   2377.59595       1.63791525    
   2416.66675       1.53163362    
   2455.73755       1.42576146    
   2485.85205       1.34445655    
   2500.00000       1.30638051    
   2514.14795       1.26860702    
   2544.26270       1.18844700    
   2583.33325       1.08477485    
   2622.40405      0.981404185    
   2652.51880      0.901942194    
   2666.66675      0.864695072    
   2680.81470      0.827654779    
   2710.92920      0.748975575    
   2750.00000      0.647109151    
   2789.07080      0.545427322    
   2819.18530      0.467175424    
   2833.33350      0.430457413    
   2847.48145      0.393844396    
   2877.59595      0.315989792    
   2916.66675      0.215071455    
   2955.73755      0.114215255    
   2985.85205       3.65045294E-02
   3000.00000       1.03206177E-04
