   0.00000000       9.99994850    
   42.4440269       9.83489609    
   132.787796       9.48365402    
   250.000000       9.02863598    
   367.212189       8.57485676    
   457.555969       8.22647381    
   500.000000       8.06351948    
   542.444031       7.90261364    
   632.787781       7.56197357    
   750.000000       7.12299633    
   867.212219       6.68739939    
   957.555969       6.35456467    
   1000.00000       6.19952679    
   1042.44397       6.04803419    
   1132.78784       5.72859430    
   1250.00000       5.31860828    
   1367.21216       4.91323328    
   1457.55603       4.60444117    
   1500.00000       4.46095276    
   1514.14795       4.41403151    
   1544.26257       4.31453466    
   1583.33337       4.18598318    
   1622.40405       4.05796576    
   1652.51868       3.95970440    
   1666.66663       3.91371536    
   1680.81470       3.86817312    
   1710.92932       3.77160430    
   1750.00000       3.64683938    
   1789.07080       3.52259159    
   1819.18530       3.42722011    
   1833.33337       3.38258100    
   1847.48132       3.33836842    
   1877.59595       3.24461126    
   1916.66663       3.12346530    
   1955.73743       3.00280428    
   1985.85205       2.91016984    
   2000.00000       2.86680436    
   2014.14807       2.82383156    
   2044.26257       2.73268414    
   2083.33325       2.61488032    
   2122.40405       2.49751472    
   2152.51880       2.40738177    
   2166.66675       2.36517406    
   2180.81470       2.32331371    
   2210.92920       2.23449564    
   2250.00000       2.11965632    
   2289.07080       2.00519514    
   2319.18530       1.91725230    
   2333.33325       1.87605214    
   2347.48145       1.83514333    
   2377.59595       1.74830329    
   2416.66675       1.63596117    
   2455.73755       1.52392578    
   2485.85205       1.43779552    
   2500.00000       1.39742196    
   2514.14795       1.35727513    
   2544.26270       1.27200234    
   2583.33325       1.16161478    
   2622.40405       1.05145299    
   2652.51880      0.966703176    
   2666.66675      0.926950634    
   2680.81470      0.887353003    
   2710.92920      0.803189635    
   2750.00000      0.694154859    
   2789.07080      0.585258424    
   2819.18530      0.501415193    
   2833.33350      0.462059051    
   2847.48145      0.422781527    
   2877.59595      0.339236051    
   2916.66675      0.230911687    
   2955.73755      0.122633874    
   2985.85205       3.91961932E-02
   3000.00000       1.10816531E-04
