   0.00000000       9.99994659    
   42.4440269       9.83059406    
   132.787796       9.47023010    
   250.000000       9.00350285    
   367.212189       8.53824139    
   457.555969       8.18126106    
   500.000000       8.01439857    
   542.444031       7.84996176    
   632.787781       7.50214338    
   750.000000       7.05439806    
   867.212219       6.61065102    
   957.555969       6.27206659    
   1000.00000       6.11457062    
   1042.44397       5.96126699    
   1132.78784       5.63852358    
   1250.00000       5.22506380    
   1367.21216       4.81705475    
   1457.55603       4.50689793    
   1500.00000       4.36305618    
   1514.14795       4.31618214    
   1544.26257       4.21685410    
   1583.33337       4.08861923    
   1622.40405       3.96101522    
   1652.51868       3.86314678    
   1666.66663       3.81737375    
   1680.81470       3.77212906    
   1710.92932       3.67625999    
   1750.00000       3.55249786    
   1789.07080       3.42934656    
   1819.18530       3.33489180    
   1833.33337       3.29071379    
   1847.48132       3.24703908    
   1877.59595       3.15449071    
   1916.66663       3.03500247    
   1955.73743       2.91608691    
   1985.85205       2.82486439    
   2000.00000       2.78218985    
   2014.14807       2.73997927    
   2044.26257       2.65051222    
   2083.33325       2.53497005    
   2122.40405       2.41994548    
   2152.51880       2.33167601    
   2166.66675       2.29036856    
   2180.81470       2.24947095    
   2210.92920       2.16275334    
   2250.00000       2.05071068    
   2289.07080       1.93911409    
   2319.18530       1.85342968    
   2333.33325       1.81331146    
   2347.48145       1.77353704    
   2377.59595       1.68915403    
   2416.66675       1.58005834    
   2455.73755       1.47132444    
   2485.85205       1.38777900    
   2500.00000       1.34863639    
   2514.14795       1.30976093    
   2544.26270       1.22722745    
   2583.33325       1.12043798    
   2622.40405       1.01391494    
   2652.51880      0.931998312    
   2666.66675      0.893588245    
   2680.81470      0.855360985    
   2710.92920      0.774136364    
   2750.00000      0.668942928    
   2789.07080      0.563912570    
   2819.18530      0.483065695    
   2833.33350      0.445123315    
   2847.48145      0.407273710    
   2877.59595      0.326778024    
   2916.66675      0.222422630    
   2955.73755      0.118122183    
   2985.85205       3.77536826E-02
   3000.00000       1.06738007E-04
