   0.00000000       9.99994755    
   42.4440269       9.83388710    
   132.787796       9.48050690    
   250.000000       9.02274418    
   367.212189       8.56627178    
   457.555969       8.21587372    
   500.000000       8.05200291    
   542.444031       7.89026928    
   632.787781       7.54794550    
   750.000000       7.10691166    
   867.212219       6.66940260    
   957.555969       6.33521891    
   1000.00000       6.17960405    
   1042.44397       6.02768660    
   1132.78784       5.70747042    
   1250.00000       5.29666805    
   1367.21216       4.89067364    
   1457.55603       4.58156013    
   1500.00000       4.43798828    
   1514.14795       4.39107800    
   1544.26257       4.29161978    
   1583.33337       4.16314268    
   1622.40405       4.03522158    
   1652.51868       3.93705177    
   1666.66663       3.89111304    
   1680.81470       3.84564066    
   1710.92932       3.74923563    
   1750.00000       3.62470531    
   1789.07080       3.50071430    
   1819.18530       3.40555739    
   1833.33337       3.36102629    
   1847.48132       3.31693983    
   1877.59595       3.22346592    
   1916.66663       3.10270834    
   1955.73743       2.98245645    
   1985.85205       2.89015317    
   2000.00000       2.84694958    
   2014.14807       2.80415535    
   2044.26257       2.71340203    
   2083.33325       2.59612846    
   2122.40405       2.47931194    
   2152.51880       2.38961601    
   2166.66675       2.34761953    
   2180.81470       2.30598497    
   2210.92920       2.21765947    
   2250.00000       2.10347629    
   2289.07080       1.98968709    
   2319.18530       1.90227401    
   2333.33325       1.86132777    
   2347.48145       1.82068503    
   2377.59595       1.73442137    
   2416.66675       1.62284112    
   2455.73755       1.51158035    
   2485.85205       1.42605662    
   2500.00000       1.38597190    
   2514.14795       1.34612334    
   2544.26270       1.26149344    
   2583.33325       1.15195024    
   2622.40405       1.04264247    
   2652.51880      0.958557546    
   2666.66675      0.919120073    
   2680.81470      0.879844069    
   2710.92920      0.796370447    
   2750.00000      0.688237250    
   2789.07080      0.580248177    
   2819.18530      0.497108221    
   2833.33350      0.458083898    
   2847.48145      0.419141561    
   2877.59595      0.336311907    
   2916.66675      0.228919134    
   2955.73755      0.121574886    
   2985.85205       3.88576090E-02
   3000.00000       1.09859218E-04
