   0.00000000       9.99994755    
   42.4440269       9.83283520    
   132.787796       9.47722530    
   250.000000       9.01659870    
   367.212189       8.55731869    
   457.555969       8.20481873    
   500.000000       8.03999233    
   542.444031       7.87739468    
   632.787781       7.53331566    
   750.000000       7.09013748    
   867.212219       6.65063524    
   957.555969       6.31504488    
   1000.00000       6.15882874    
   1042.44397       6.00646782    
   1132.78784       5.68544388    
   1250.00000       5.27379131    
   1367.21216       4.86715174    
   1457.55603       4.55770397    
   1500.00000       4.41404533    
   1514.14795       4.36714649    
   1544.26257       4.26772976    
   1583.33337       4.13932943    
   1622.40405       4.01150942    
   1652.51868       3.91343546    
   1666.66663       3.86754966    
   1680.81470       3.82214975    
   1710.92932       3.72591567    
   1750.00000       3.60163045    
   1789.07080       3.47790742    
   1819.18530       3.38297462    
   1833.33337       3.33855629    
   1847.48132       3.29460120    
   1877.59595       3.20142269    
   1916.66663       3.08107042    
   1955.73743       2.96124554    
   1985.85205       2.86928701    
   2000.00000       2.82625246    
   2014.14807       2.78364468    
   2044.26257       2.69330215    
   2083.33325       2.57658195    
   2122.40405       2.46033764    
   2152.51880       2.37109756    
   2166.66675       2.32932115    
   2180.81470       2.28792214    
   2210.92920       2.20011044    
   2250.00000       2.08661103    
   2289.07080       1.97352254    
   2319.18530       1.88666177    
   2333.33325       1.84598017    
   2347.48145       1.80561495    
   2377.59595       1.71995234    
   2416.66675       1.60916603    
   2455.73755       1.49871278    
   2485.85205       1.41382134    
   2500.00000       1.37403774    
   2514.14795       1.33450019    
   2544.26270       1.25054038    
   2583.33325       1.14187729    
   2622.40405       1.03345954    
   2652.51880      0.950067699    
   2666.66675      0.910958648    
   2680.81470      0.872017860    
   2710.92920      0.789263129    
   2750.00000      0.682069600    
   2789.07080      0.575026333    
   2819.18530      0.492619336    
   2833.33350      0.453940868    
   2847.48145      0.415347815    
   2877.59595      0.333264261    
   2916.66675      0.226842433    
   2955.73755      0.120471179    
   2985.85205       3.85047197E-02
   3000.00000       1.08861474E-04
