   0.00000000       9.99994755    
   42.4440269       9.83173847    
   132.787796       9.47380161    
   250.000000       9.01018906    
   367.212189       8.54798126    
   457.555969       8.19328785    
   500.000000       8.02746487    
   542.444031       7.86396694    
   632.787781       7.51805735    
   750.000000       7.07264328    
   867.212219       6.63106298    
   957.555969       6.29400682    
   1000.00000       6.13716364    
   1042.44397       5.98434162    
   1132.78784       5.66247511    
   1250.00000       5.24993706    
   1367.21216       4.84262657    
   1457.55603       4.53283072    
   1500.00000       4.38908243    
   1514.14795       4.34219599    
   1544.26257       4.24282217    
   1583.33337       4.11450291    
   1622.40405       3.98678803    
   1652.51868       3.88881469    
   1666.66663       3.84298396    
   1680.81470       3.79765987    
   1710.92932       3.70160437    
   1750.00000       3.57757497    
   1789.07080       3.45413160    
   1819.18530       3.35943270    
   1833.33337       3.31513190    
   1847.48132       3.27131438    
   1877.59595       3.17844415    
   1916.66663       3.05851460    
   1955.73743       2.93913484    
   1985.85205       2.84753656    
   2000.00000       2.80467820    
   2014.14807       2.76226473    
   2044.26257       2.67235088    
   2083.33325       2.55620718    
   2122.40405       2.44055986    
   2152.51880       2.35179496    
   2166.66675       2.31024814    
   2180.81470       2.26909471    
   2210.92920       2.18181849    
   2250.00000       2.06903243    
   2289.07080       1.95667434    
   2319.18530       1.87038946    
   2333.33325       1.82998359    
   2347.48145       1.78990769    
   2377.59595       1.70487154    
   2416.66675       1.59491301    
   2455.73755       1.48530161    
   2485.85205       1.40106916    
   2500.00000       1.36159945    
   2514.14795       1.32238615    
   2544.26270       1.23912466    
   2583.33325       1.13137901    
   2622.40405       1.02388895    
   2652.51880      0.941219509    
   2666.66675      0.902452767    
   2680.81470      0.863861322    
   2710.92920      0.781855822    
   2750.00000      0.675641716    
   2789.07080      0.569584131    
   2819.18530      0.487941086    
   2833.33350      0.449623048    
   2847.48145      0.411394060    
   2877.59595      0.330088049    
   2916.66675      0.224678129    
   2955.73755      0.119320914    
   2985.85205       3.81369479E-02
   3000.00000       1.07821645E-04
