   0.00000000       9.99994946    
   42.4440269       9.83853149    
   132.787796       9.49499989    
   250.000000       9.04988003    
   367.212189       8.60580635    
   457.555969       8.26469135    
   500.000000       8.10504055    
   542.444031       7.94712257    
   632.787781       7.61255503    
   750.000000       7.18099785    
   867.212219       6.75229931    
   957.555969       6.42433310    
   1000.00000       6.27137709    
   1042.44397       6.12141991    
   1132.78784       5.80478382    
   1250.00000       5.39774895    
   1367.21216       4.99461508    
   1457.55603       4.68698740    
   1500.00000       4.54380274    
   1514.14795       4.49684334    
   1544.26257       4.39720678    
   1583.33337       4.26839209    
   1622.40405       4.14002943    
   1652.51868       4.04143858    
   1666.66663       3.99526787    
   1680.81470       3.94947553    
   1710.92932       3.85231733    
   1750.00000       3.72670746    
   1789.07080       3.60153556    
   1819.18530       3.50539088    
   1833.33337       3.46036315    
   1847.48132       3.41569638    
   1877.59595       3.32091832    
   1916.66663       3.19837236    
   1955.73743       3.07623696    
   1985.85205       2.98240972    
   2000.00000       2.93845987    
   2014.14807       2.89484286    
   2044.26257       2.80227447    
   2083.33325       2.68255854    
   2122.40405       2.56321335    
   2152.51880       2.47150421    
   2166.66675       2.42853498    
   2180.81470       2.38585973    
   2210.92920       2.29526401    
   2250.00000       2.17805839    
   2289.07080       2.06117272    
   2319.18530       1.97131824    
   2333.33325       1.92920232    
   2347.48145       1.88733304    
   2377.59595       1.79841256    
   2416.66675       1.68332171    
   2455.73755       1.56849062    
   2485.85205       1.48017132    
   2500.00000       1.43875551    
   2514.14795       1.39753163    
   2544.26270       1.30993879    
   2583.33325       1.19650340    
   2622.40405       1.08325934    
   2652.51880      0.996109366    
   2666.66675      0.955219507    
   2680.81470      0.914460897    
   2710.92920      0.827807665    
   2750.00000      0.715518296    
   2789.07080      0.603346050    
   2819.18530      0.516964078    
   2833.33350      0.476410002    
   2847.48145      0.435922563    
   2877.59595      0.349792778    
   2916.66675      0.238105178    
   2955.73755      0.126457021    
   2985.85205       4.04185615E-02
   3000.00000       1.14272632E-04
