   0.00000000       9.99994850    
   42.4440269       9.83679008    
   132.787796       9.48956490    
   250.000000       9.03970337    
   367.212189       8.59097958    
   457.555969       8.24638367    
   500.000000       8.08514977    
   542.444031       7.92580080    
   632.787781       7.58832359    
   750.000000       7.15321159    
   867.212219       6.72120762    
   957.555969       6.39090824    
   1000.00000       6.23695469    
   1042.44397       6.08626127    
   1132.78784       5.76828098    
   1250.00000       5.35983086    
   1367.21216       4.95562220    
   1457.55603       4.64743567    
   1500.00000       4.50410509    
   1514.14795       4.45716381    
   1544.26257       4.35759354    
   1583.33337       4.22890472    
   1622.40405       4.10070705    
   1652.51868       4.00227404    
   1666.66663       3.95618987    
   1680.81470       3.91051745    
   1710.92932       3.81364131    
   1750.00000       3.68843603    
   1789.07080       3.56370640    
   1819.18530       3.46793199    
   1833.33337       3.42309046    
   1847.48132       3.37864113    
   1877.59595       3.28435206    
   1916.66663       3.16247654    
   1955.73743       3.04104733    
   1985.85205       2.94779158    
   2000.00000       2.90412164    
   2014.14807       2.86081314    
   2044.26257       2.76892543    
   2083.33325       2.65012550    
   2122.40405       2.53172874    
   2152.51880       2.44077492    
   2166.66675       2.39817047    
   2180.81470       2.35588574    
   2210.92920       2.26614165    
   2250.00000       2.15006971    
   2289.07080       2.03434587    
   2319.18530       1.94540739    
   2333.33325       1.90373027    
   2347.48145       1.86232126    
   2377.59595       1.77439773    
   2416.66675       1.66062415    
   2455.73755       1.54713273    
   2485.85205       1.45986235    
   2500.00000       1.41894615    
   2514.14795       1.37823832    
   2544.26270       1.29175735    
   2583.33325       1.17978263    
   2622.40405       1.06801569    
   2652.51880      0.982015967    
   2666.66675      0.941671133    
   2680.81470      0.901468933    
   2710.92920      0.816009045    
   2750.00000      0.705279469    
   2789.07080      0.594677150    
   2819.18530      0.509511888    
   2833.33350      0.469531983    
   2847.48145      0.429624408    
   2877.59595      0.344733208    
   2916.66675      0.234657526    
   2955.73755      0.124624684    
   2985.85205       3.98327112E-02
   3000.00000       1.12616210E-04
