   0.00000000       9.99994946    
   42.4440269       9.83767891    
   132.787796       9.49234009    
   250.000000       9.04489803    
   367.212189       8.59854794    
   457.555969       8.25572968    
   500.000000       8.09530354    
   542.444031       7.93668509    
   632.787781       7.60069323    
   750.000000       7.16739559    
   867.212219       6.73707867    
   957.555969       6.40796995    
   1000.00000       6.25452566    
   1042.44397       6.10420847    
   1132.78784       5.78691387    
   1250.00000       5.37918615    
   1367.21216       4.97552538    
   1457.55603       4.66762400    
   1500.00000       4.52436781    
   1514.14795       4.47741747    
   1544.26257       4.37781334    
   1583.33337       4.24906015    
   1622.40405       4.12077808    
   1652.51868       4.02226448    
   1666.66663       3.97613597    
   1680.81470       3.93040228    
   1710.92932       3.83338213    
   1750.00000       3.70797038    
   1789.07080       3.58301473    
   1819.18530       3.48705149    
   1833.33337       3.44211483    
   1847.48132       3.39755440    
   1877.59595       3.30301571    
   1916.66663       3.18079805    
   1955.73743       3.05900812    
   1985.85205       2.96546054    
   2000.00000       2.92164779    
   2014.14807       2.87818193    
   2044.26257       2.78594685    
   2083.33325       2.66667914    
   2122.40405       2.54779840    
   2152.51880       2.45645881    
   2166.66675       2.41366839    
   2180.81470       2.37118435    
   2210.92920       2.28100538    
   2250.00000       2.16435480    
   2289.07080       2.04803801    
   2319.18530       1.95863199    
   2333.33325       1.91673088    
   2347.48145       1.87508690    
   2377.59595       1.78665447    
   2416.66675       1.67220867    
   2455.73755       1.55803347    
   2485.85205       1.47022772    
   2500.00000       1.42905653    
   2514.14795       1.38808525    
   2544.26270       1.30103672    
   2583.33325       1.18831658    
   2622.40405       1.07579577    
   2652.51880      0.989208937    
   2666.66675      0.948585927    
   2680.81470      0.908099771    
   2710.92920      0.822030783    
   2750.00000      0.710505128    
   2789.07080      0.599101543    
   2819.18530      0.513315320    
   2833.33350      0.473042339    
   2847.48145      0.432838827    
   2877.59595      0.347315490    
   2916.66675      0.236417115    
   2955.73755      0.125559866    
   2985.85205       4.01317142E-02
   3000.00000       1.13461603E-04
