   0.00000000       9.99994946    
   42.4440269       9.83934975    
   132.787796       9.49755192    
   250.000000       9.05465698    
   367.212189       8.61276531    
   457.555969       8.27328587    
   500.000000       8.11437798    
   542.444031       7.95713234    
   632.787781       7.62393045    
   750.000000       7.19404268    
   867.212219       6.76689672    
   957.555969       6.44002533    
   1000.00000       6.28753805    
   1042.44397       6.13792706    
   1132.78784       5.82192230    
   1250.00000       5.41555262    
   1367.21216       5.01292419    
   1457.55603       4.70555973    
   1500.00000       4.56244373    
   1514.14795       4.51547575    
   1544.26257       4.41580820    
   1583.33337       4.28693485    
   1622.40405       4.15849447    
   1652.51868       4.05982971    
   1666.66663       4.01361847    
   1680.81470       3.96777010    
   1710.92932       3.87047958    
   1750.00000       3.74467993    
   1789.07080       3.61930037    
   1819.18530       3.52298212    
   1833.33337       3.47786713    
   1847.48132       3.43309808    
   1877.59595       3.33809090    
   1916.66663       3.21522999    
   1955.73743       3.09276295    
   1985.85205       2.99866748    
   2000.00000       2.95458651    
   2014.14807       2.91082454    
   2044.26257       2.81793666    
   2083.33325       2.69779038    
   2122.40405       2.57800007    
   2152.51880       2.48593640    
   2166.66675       2.44279575    
   2180.81470       2.39993739    
   2210.92920       2.30894160    
   2250.00000       2.19120359    
   2289.07080       2.07377243    
   2319.18530       1.98348784    
   2333.33325       1.94116580    
   2347.48145       1.89908051    
   2377.59595       1.80969179    
   2416.66675       1.69398248    
   2455.73755       1.57852221    
   2485.85205       1.48971021    
   2500.00000       1.44805980    
   2514.14795       1.40659356    
   2544.26270       1.31847847    
   2583.33325       1.20435715    
   2622.40405       1.09041929    
   2652.51880       1.00272906    
   2666.66675      0.961583197    
   2680.81470      0.920563221    
   2710.92920      0.833349526    
   2750.00000      0.720327497    
   2789.07080      0.607417881    
   2819.18530      0.520464361    
   2833.33350      0.479640663    
   2847.48145      0.438880831    
   2877.59595      0.352169275    
   2916.66675      0.239724562    
   2955.73755      0.127317682    
   2985.85205       4.06937413E-02
   3000.00000       1.15050665E-04
