   0.00000000       9.99994850    
   42.4440269       9.83586311    
   132.787796       9.48667145    
   250.000000       9.03428555    
   367.212189       8.58308697    
   457.555969       8.23663807    
   500.000000       8.07456207    
   542.444031       7.91445065    
   632.787781       7.57542467    
   750.000000       7.13842058    
   867.212219       6.70465755    
   957.555969       6.37311697    
   1000.00000       6.21863222    
   1042.44397       6.06754780    
   1132.78784       5.74885273    
   1250.00000       5.33965015    
   1367.21216       4.93487024    
   1457.55603       4.62638664    
   1500.00000       4.48297882    
   1514.14795       4.43604755    
   1544.26257       4.33651304    
   1583.33337       4.20789146    
   1622.40405       4.07978201    
   1652.51868       3.98143268    
   1666.66663       3.93539500    
   1680.81470       3.88978624    
   1710.92932       3.79306054    
   1750.00000       3.66807079    
   1789.07080       3.54357696    
   1819.18530       3.44799972    
   1833.33337       3.40325713    
   1847.48132       3.35892391    
   1877.59595       3.26489496    
   1916.66663       3.14337659    
   1955.73743       3.02232337    
   1985.85205       2.92937183    
   2000.00000       2.88585067    
   2014.14807       2.84270668    
   2044.26257       2.75118136    
   2083.33325       2.63286901    
   2122.40405       2.51497722    
   2152.51880       2.42442513    
   2166.66675       2.38201499    
   2180.81470       2.33993793    
   2210.92920       2.25064707    
   2250.00000       2.13517880    
   2289.07080       2.02007318    
   2319.18530       1.93162203    
   2333.33325       1.89017844    
   2347.48145       1.84901428    
   2377.59595       1.76162112    
   2416.66675       1.64854848    
   2455.73755       1.53576994    
   2485.85205       1.44905770    
   2500.00000       1.40840721    
   2514.14795       1.36797404    
   2544.26270       1.28208458    
   2583.33325       1.17088699    
   2622.40405       1.05990601    
   2652.51880      0.974518299    
   2666.66675      0.934463441    
   2680.81470      0.894557238    
   2710.92920      0.809732139    
   2750.00000      0.699832439    
   2789.07080      0.590065360    
   2819.18530      0.505547464    
   2833.33350      0.465872914    
   2847.48145      0.426273882    
   2877.59595      0.342041582    
   2916.66675      0.232823402    
   2955.73755      0.123649903    
   2985.85205       3.95210460E-02
   3000.00000       1.11735018E-04
