   0.00000000       9.99995041    
   42.4440269       9.84160709    
   132.787796       9.50459480    
   250.000000       9.06784439    
   367.212189       8.63197899    
   457.555969       8.29701233    
   500.000000       8.14015579    
   542.444031       7.98476505    
   632.787781       7.65533543    
   750.000000       7.23005724    
   867.212219       6.80719757    
   957.555969       6.48335171    
   1000.00000       6.33215904    
   1042.44397       6.18350315    
   1132.78784       5.86924362    
   1250.00000       5.46471214    
   1367.21216       5.06348133    
   1457.55603       4.75684452    
   1500.00000       4.61391973    
   1514.14795       4.56692839    
   1544.26257       4.46717548    
   1583.33337       4.33814001    
   1622.40405       4.20948696    
   1652.51868       4.11061907    
   1666.66663       4.06429529    
   1680.81470       4.01829195    
   1710.92932       3.92063689    
   1750.00000       3.79431391    
   1789.07080       3.66836166    
   1819.18530       3.57156420    
   1833.33337       3.52620792    
   1847.48132       3.48115754    
   1877.59595       3.38551688    
   1916.66663       3.26178741    
   1955.73743       3.13840532    
   1985.85205       3.04356956    
   2000.00000       2.99912596    
   2014.14807       2.95496392    
   2044.26257       2.86119413    
   2083.33325       2.73986030    
   2122.40405       2.61884046    
   2152.51880       2.52579784    
   2166.66675       2.48218441    
   2180.81470       2.43881989    
   2210.92920       2.34671974    
   2250.00000       2.22751117    
   2289.07080       2.10857391    
   2319.18530       2.01710153    
   2333.33325       1.97421038    
   2347.48145       1.93152809    
   2377.59595       1.84084654    
   2416.66675       1.72342873    
   2455.73755       1.60623085    
   2485.85205       1.51605821    
   2500.00000       1.47376001    
   2514.14795       1.43162417    
   2544.26270       1.34206665    
   2583.33325       1.22605062    
   2622.40405       1.11019659    
   2652.51880       1.02101409    
   2666.66675      0.979161143    
   2680.81470      0.937419295    
   2710.92920      0.848657548    
   2750.00000      0.733611822    
   2789.07080      0.618665338    
   2819.18530      0.530133188    
   2833.33350      0.488564610    
   2847.48145      0.447052419    
   2877.59595      0.358733863    
   2916.66675      0.244197771    
   2955.73755      0.129695073    
   2985.85205       4.14538607E-02
   3000.00000       1.17199808E-04
