   0.00000000       9.99995041    
   42.4440269       9.84229851    
   132.787796       9.50675297    
   250.000000       9.07188511    
   367.212189       8.63786602    
   457.555969       8.30428123    
   500.000000       8.14805412    
   542.444031       7.99323177    
   632.787781       7.66495800    
   750.000000       7.24109268    
   867.212219       6.81954670    
   957.555969       6.49662828    
   1000.00000       6.34583187    
   1042.44397       6.19746923    
   1132.78784       5.88374472    
   1250.00000       5.47977686    
   1367.21216       5.07897520    
   1457.55603       4.77256203    
   1500.00000       4.62969542    
   1514.14795       4.58269691    
   1544.26257       4.48291826    
   1583.33337       4.35383320    
   1622.40405       4.22511530    
   1652.51868       4.12618494    
   1666.66663       4.07982731    
   1680.81470       4.03377628    
   1710.92932       3.93600941    
   1750.00000       3.80952621    
   1789.07080       3.68339849    
   1819.18530       3.58645439    
   1833.33337       3.54102445    
   1847.48132       3.49588752    
   1877.59595       3.40005302    
   1916.66663       3.27605748    
   1955.73743       3.15239525    
   1985.85205       3.05733252    
   2000.00000       3.01277781    
   2014.14807       2.96849322    
   2044.26257       2.87445307    
   2083.33325       2.75275540    
   2122.40405       2.63135886    
   2152.51880       2.53801632    
   2166.66675       2.49425769    
   2180.81470       2.45073819    
   2210.92920       2.35829949    
   2250.00000       2.23864055    
   2289.07080       2.11924148    
   2319.18530       2.02740502    
   2333.33325       1.98433948    
   2347.48145       1.94147432    
   2377.59595       1.85039639    
   2416.66675       1.73245502    
   2455.73755       1.61472452    
   2485.85205       1.52413487    
   2500.00000       1.48163807    
   2514.14795       1.43929708    
   2544.26270       1.34929740    
   2583.33325       1.23270059    
   2622.40405       1.11625910    
   2652.51880       1.02661932    
   2666.66675      0.984549582    
   2680.81470      0.942586482    
   2710.92920      0.853350103    
   2750.00000      0.737684071    
   2789.07080      0.622113228    
   2819.18530      0.533097208    
   2833.33350      0.491300225    
   2847.48145      0.449557424    
   2877.59595      0.360746235    
   2916.66675      0.245569035    
   2955.73755      0.130423859    
   2985.85205       4.16868739E-02
   3000.00000       1.17858632E-04
