   0.00000000       9.99995041    
   42.4440269       9.84088516    
   132.787796       9.50234509    
   250.000000       9.06363106    
   367.212189       8.62584114    
   457.555969       8.28943157    
   500.000000       8.13191986    
   542.444031       7.97593641    
   632.787781       7.64530182    
   750.000000       7.21855068    
   867.212219       6.79432154    
   957.555969       6.46950912    
   1000.00000       6.31790257    
   1042.44397       6.16894150    
   1132.78784       5.85412407    
   1250.00000       5.44900465    
   1367.21216       5.04732704    
   1457.55603       4.74045801    
   1500.00000       4.59747171    
   1514.14795       4.55048800    
   1544.26257       4.45076180    
   1583.33337       4.32177830    
   1622.40405       4.19319296    
   1652.51868       4.09438992    
   1666.66663       4.04810238    
   1680.81470       4.00214863    
   1710.92932       3.90460968    
   1750.00000       3.77845383    
   1789.07080       3.65268445    
   1819.18530       3.55604029    
   1833.33337       3.51076102    
   1847.48132       3.46580029    
   1877.59595       3.37036204    
   1916.66663       3.24691010    
   1955.73743       3.12382054    
   1985.85205       3.02922130    
   2000.00000       2.98489356    
   2014.14807       2.94085908    
   2044.26257       2.84737110    
   2083.33325       2.72641683    
   2122.40405       2.60578966    
   2152.51880       2.51305985    
   2166.66675       2.46959758    
   2180.81470       2.42639470    
   2210.92920       2.33464742    
   2250.00000       2.21590877    
   2289.07080       2.09745264    
   2319.18530       2.00635982    
   2333.33325       1.96365058    
   2347.48145       1.92115903    
   2377.59595       1.83089066    
   2416.66675       1.71401870    
   2455.73755       1.59737611    
   2485.85205       1.50763834    
   2500.00000       1.46554708    
   2514.14795       1.42362523    
   2544.26270       1.33452857    
   2583.33325       1.21911800    
   2622.40405       1.10387635    
   2652.51880       1.01517069    
   2666.66675      0.973543763    
   2680.81470      0.932032585    
   2710.92920      0.843765557    
   2750.00000      0.729366541    
   2789.07080      0.615070999    
   2819.18530      0.527043343    
   2833.33350      0.485712767    
   2847.48145      0.444441020    
   2877.59595      0.356636018    
   2916.66675      0.242768258    
   2955.73755      0.128935322    
   2985.85205       4.12109457E-02
   3000.00000       1.16513002E-04
