   0.00000000       9.99994946    
   42.4440269       9.84013367    
   132.787796       9.49999809    
   250.000000       9.05923748    
   367.212189       8.61944008    
   457.555969       8.28152752    
   500.000000       8.12333298    
   542.444031       7.96673107    
   632.787781       7.63483953    
   750.000000       7.20655298    
   867.212219       6.78089571    
   957.555969       6.45507526    
   1000.00000       6.30303764    
   1042.44397       6.15375805    
   1132.78784       5.83835936    
   1250.00000       5.43262768    
   1367.21216       5.03048468    
   1457.55603       4.72337294    
   1500.00000       4.58032322    
   1514.14795       4.53334713    
   1544.26257       4.43364954    
   1583.33337       4.30471992    
   1622.40405       4.17620564    
   1652.51868       4.07747030    
   1666.66663       4.03121996    
   1680.81470       3.98531747    
   1710.92932       3.88790035    
   1750.00000       3.76191878    
   1789.07080       3.63634014    
   1819.18530       3.53985548    
   1833.33337       3.49465656    
   1847.48132       3.44978976    
   1877.59595       3.35456252    
   1916.66663       3.23140001    
   1955.73743       3.10861516    
   1985.85205       3.01426244    
   2000.00000       2.97005558    
   2014.14807       2.92615438    
   2044.26257       2.83296037    
   2083.33325       2.71240139    
   2122.40405       2.59218407    
   2152.51880       2.49978042    
   2166.66675       2.45647550    
   2180.81470       2.41344142    
   2210.92920       2.32206202    
   2250.00000       2.20381308    
   2289.07080       2.08585882    
   2319.18530       1.99516177    
   2333.33325       1.95264208    
   2347.48145       1.91034937    
   2377.59595       1.82051170    
   2416.66675       1.70420897    
   2455.73755       1.58814514    
   2485.85205       1.49886072    
   2500.00000       1.45698524    
   2514.14795       1.41528642    
   2544.26270       1.32667041    
   2583.33325       1.21189106    
   2622.40405       1.09728765    
   2652.51880       1.00907922    
   2666.66675      0.967687786    
   2680.81470      0.926417112    
   2710.92920      0.838665783    
   2750.00000      0.724940956    
   2789.07080      0.611323953    
   2819.18530      0.523822248    
   2833.33350      0.482739806    
   2847.48145      0.441718698    
   2877.59595      0.354449064    
   2916.66675      0.241278037    
   2955.73755      0.128143311    
   2985.85205       4.09577191E-02
   3000.00000       1.15797026E-04
