   0.00000000       9.99995041    
   42.4440269       9.84296131    
   132.787796       9.50882244    
   250.000000       9.07575989    
   367.212189       8.64351177    
   457.555969       8.31125355    
   500.000000       8.15562820    
   542.444031       8.00135136    
   632.787781       7.67418671    
   750.000000       7.25167608    
   867.212219       6.83139038    
   957.555969       6.50936127    
   1000.00000       6.35894585    
   1042.44397       6.21086407    
   1132.78784       5.89765263    
   1250.00000       5.49422598    
   1367.21216       5.09383583    
   1457.55603       4.78763676    
   1500.00000       4.64482641    
   1514.14795       4.59782171    
   1544.26257       4.49801779    
   1583.33337       4.36888552    
   1622.40405       4.24010515    
   1652.51868       4.14111519    
   1666.66663       4.09472466    
   1680.81470       4.04862833    
   1710.92932       3.95075417    
   1750.00000       3.82411742    
   1789.07080       3.69782162    
   1819.18530       3.60073686    
   1833.33337       3.55523610    
   1847.48132       3.51001620    
   1877.59595       3.41399574    
   1916.66663       3.28974485    
   1955.73743       3.16581392    
   1985.85205       3.07053375    
   2000.00000       3.02587247    
   2014.14807       2.98147035    
   2044.26257       2.88717103    
   2083.33325       2.76512408    
   2122.40405       2.64336634    
   2152.51880       2.54973602    
   2166.66675       2.50583863    
   2180.81470       2.46217012    
   2210.92920       2.36940718    
   2250.00000       2.24931574    
   2289.07080       2.12947392    
   2319.18530       2.03728843    
   2333.33325       1.99405551    
   2347.48145       1.95101488    
   2377.59595       1.85955691    
   2416.66675       1.74111331    
   2455.73755       1.62287188    
   2485.85205       1.53188229    
   2500.00000       1.48919487    
   2514.14795       1.44665706    
   2544.26270       1.35623336    
   2583.33325       1.23907948    
   2622.40405       1.12207460    
   2652.51880       1.03199589    
   2666.66675      0.989718318    
   2680.81470      0.947542965    
   2710.92920      0.857851446    
   2750.00000      0.741590321    
   2789.07080      0.625420570    
   2819.18530      0.535940349    
   2833.33350      0.493924350    
   2847.48145      0.451960295    
   2877.59595      0.362676591    
   2916.66675      0.246884391    
   2955.73755      0.131122947    
   2985.85205       4.19103913E-02
   3000.00000       1.18490592E-04
