   0.00000000       9.99995136    
   42.4440269       9.84420776    
   132.787796       9.51271152    
   250.000000       9.08304024    
   367.212189       8.65411949    
   457.555969       8.32435226    
   500.000000       8.16986084    
   542.444031       8.01660824    
   632.787781       7.69152641    
   750.000000       7.27156210    
   867.212219       6.85364389    
   957.555969       6.53328657    
   1000.00000       6.38358593    
   1042.44397       6.23603201    
   1132.78784       5.92378569    
   1250.00000       5.52137566    
   1367.21216       5.12175941    
   1457.55603       4.81596375    
   1500.00000       4.67325926    
   1514.14795       4.62624168    
   1544.26257       4.52639103    
   1583.33337       4.39717007    
   1622.40405       4.26827240    
   1652.51868       4.16917086    
   1666.66663       4.12271833    
   1680.81470       4.07653713    
   1710.92932       3.97846174    
   1750.00000       3.85153651    
   1789.07080       3.72492456    
   1819.18530       3.62757564    
   1833.33337       3.58194184    
   1847.48132       3.53656673    
   1877.59595       3.44019675    
   1916.66663       3.31546640    
   1955.73743       3.19103026    
   1985.85205       3.09534144    
   2000.00000       3.05048013    
   2014.14807       3.00585723    
   2044.26257       2.91107059    
   2083.33325       2.78836799    
   2122.40405       2.66593146    
   2152.51880       2.57176042    
   2166.66675       2.52760172    
   2180.81470       2.48365378    
   2210.92920       2.39028072    
   2250.00000       2.26937747    
   2289.07080       2.14870358    
   2319.18530       2.05586171    
   2333.33325       2.01231456    
   2347.48145       1.96894431    
   2377.59595       1.87677205    
   2416.66675       1.75738454    
   2455.73755       1.63818312    
   2485.85205       1.54644179    
   2500.00000       1.50339651    
   2514.14795       1.46048868    
   2544.26270       1.36926806    
   2583.33325       1.25106716    
   2622.40405       1.13300347    
   2652.51880       1.04210031    
   2666.66675      0.999432027    
   2680.81470      0.956857800    
   2710.92920      0.866310775    
   2750.00000      0.748931408    
   2789.07080      0.631636083    
   2819.18530      0.541283488    
   2833.33350      0.498855889    
   2847.48145      0.456476063    
   2877.59595      0.366304308    
   2916.66675      0.249356389    
   2955.73755      0.132436752    
   2985.85205       4.23304476E-02
   3000.00000       1.19678261E-04
