   0.00000000       9.99995136    
   42.4440269       9.84535408    
   132.787796       9.51628780    
   250.000000       9.08973789    
   367.212189       8.66387653    
   457.555969       8.33640194    
   500.000000       8.18295097    
   542.444031       8.03064156    
   632.787781       7.70747614    
   750.000000       7.28985405    
   867.212219       6.87411404    
   957.555969       6.55529451    
   1000.00000       6.40625191    
   1042.44397       6.25918388    
   1132.78784       5.94782543    
   1250.00000       5.54635143    
   1367.21216       5.14744711    
   1457.55603       4.84202290    
   1500.00000       4.69941616    
   1514.14795       4.65238714    
   1544.26257       4.55249357    
   1583.33337       4.42319107    
   1622.40405       4.29418564    
   1652.51868       4.19498158    
   1666.66663       4.14847231    
   1680.81470       4.10221243    
   1710.92932       4.00395203    
   1750.00000       3.87676144    
   1789.07080       3.74985909    
   1819.18530       3.65226698    
   1833.33337       3.60651088    
   1847.48132       3.56099272    
   1877.59595       3.46430159    
   1916.66663       3.33913016    
   1955.73743       3.21422958    
   1985.85205       3.11816502    
   2000.00000       3.07311940    
   2014.14807       3.02829337    
   2044.26257       2.93305874    
   2083.33325       2.80975294    
   2122.40405       2.68669200    
   2152.51880       2.59202361    
   2166.66675       2.54762459    
   2180.81470       2.50341940    
   2210.92920       2.40948534    
   2250.00000       2.28783488    
   2289.07080       2.16639566    
   2319.18530       2.07295012    
   2333.33325       2.02911377    
   2347.48145       1.98544014    
   2377.59595       1.89261067    
   2416.66675       1.77235484    
   2455.73755       1.65227032    
   2485.85205       1.55983746    
   2500.00000       1.51646268    
   2514.14795       1.47321463    
   2544.26270       1.38126075    
   2583.33325       1.26209676    
   2622.40405       1.14305890    
   2652.51880       1.05139709    
   2666.66675       1.00836933    
   2680.81470      0.965428054    
   2710.92920      0.874094009    
   2750.00000      0.755685747    
   2789.07080      0.637354791    
   2819.18530      0.546199620    
   2833.33350      0.503393292    
   2847.48145      0.460630924    
   2877.59595      0.369642079    
   2916.66675      0.251630813    
   2955.73755      0.133645549    
   2985.85205       4.27169353E-02
   3000.00000       1.20771008E-04
