   0.00000000       9.99995041    
   42.4440269       9.84359741    
   132.787796       9.51080704    
   250.000000       9.07947636    
   367.212189       8.64892673    
   457.555969       8.31793976    
   500.000000       8.16289330    
   542.444031       8.00913906    
   632.787781       7.68303776    
   750.000000       7.26182699    
   867.212219       6.84274912    
   957.555969       6.52157354    
   1000.00000       6.37152290    
   1042.44397       6.22371054    
   1132.78784       5.91099215    
   1250.00000       5.50808430    
   1367.21216       5.10808849    
   1457.55603       4.80209589    
   1500.00000       4.65933943    
   1514.14795       4.61232805    
   1544.26257       4.51250029    
   1583.33337       4.38332272    
   1622.40405       4.25448227    
   1652.51868       4.15543556    
   1666.66663       4.10901308    
   1680.81470       4.06287384    
   1710.92932       3.96489692    
   1750.00000       3.83811283    
   1789.07080       3.71165562    
   1819.18530       3.61443591    
   1833.33337       3.56886721    
   1847.48132       3.52356815    
   1877.59595       3.42736936    
   1916.66663       3.30287361    
   1955.73743       3.17868471    
   1985.85205       3.08319616    
   2000.00000       3.03843284    
   2014.14807       2.99391794    
   2044.26257       2.89936972    
   2083.33325       2.77698827    
   2122.40405       2.65488410    
   2152.51880       2.56097770    
   2166.66675       2.51694679    
   2180.81470       2.47313571    
   2210.92920       2.38006139    
   2250.00000       2.25955558    
   2289.07080       2.13928914    
   2319.18530       2.04676843    
   2333.33325       2.00337529    
   2347.48145       1.96016634    
   2377.59595       1.86834371    
   2416.66675       1.74941826    
   2455.73755       1.63068688    
   2485.85205       1.53931355    
   2500.00000       1.49644351    
   2514.14795       1.45371687    
   2544.26270       1.36288643    
   2583.33325       1.24519813    
   2622.40405       1.12765276    
   2652.51880       1.03715336    
   2666.66675      0.994676292    
   2680.81470      0.952297330    
   2710.92920      0.862169147    
   2750.00000      0.745337307    
   2789.07080      0.628593028    
   2819.18530      0.538667500    
   2833.33350      0.496441454    
   2847.48145      0.454265177    
   2877.59595      0.364528209    
   2916.66675      0.248146117    
   2955.73755      0.131793529    
   2985.85205       4.21247929E-02
   3000.00000       1.19096789E-04
