   0.00000000       9.99995136    
   42.4440269       9.84479237    
   132.787796       9.51453686    
   250.000000       9.08645916    
   367.212189       8.65909958    
   457.555969       8.33050251    
   500.000000       8.17654228    
   542.444031       8.02377129    
   632.787781       7.69966793    
   750.000000       7.28089905    
   867.212219       6.86409235    
   957.555969       6.54451990    
   1000.00000       6.39515543    
   1042.44397       6.24784946    
   1132.78784       5.93605661    
   1250.00000       5.53412437    
   1367.21216       5.13487101    
   1457.55603       4.82926512    
   1500.00000       4.68661070    
   1514.14795       4.63958693    
   1544.26257       4.53971434    
   1583.33337       4.41045189    
   1622.40405       4.28149939    
   1652.51868       4.18234539    
   1666.66663       4.13586378    
   1680.81470       4.08964205    
   1710.92932       3.99147272    
   1750.00000       3.86441183    
   1789.07080       3.73765182    
   1819.18530       3.64017868    
   1833.33337       3.59448242    
   1847.48132       3.54903436    
   1877.59595       3.45250034    
   1916.66663       3.32754493    
   1955.73743       3.20287156    
   1985.85205       3.10699105    
   2000.00000       3.06203580    
   2014.14807       3.01730895    
   2044.26257       2.92229366    
   2083.33325       2.79928327    
   2122.40405       2.67652798    
   2152.51880       2.58210325    
   2166.66675       2.53782177    
   2180.81470       2.49374270    
   2210.92920       2.40008307    
   2250.00000       2.27879834    
   2289.07080       2.15773392    
   2319.18530       2.06458402    
   2333.33325       2.02088928    
   2347.48145       1.97736406    
   2377.59595       1.88485634    
   2416.66675       1.76502562    
   2455.73755       1.64537346    
   2485.85205       1.55327916    
   2500.00000       1.51006567    
   2514.14795       1.46698415    
   2544.26270       1.37538934    
   2583.33325       1.25669682    
   2622.40405       1.13813591    
   2652.51880       1.04684556    
   2666.66675       1.00399375    
   2680.81470      0.961232185    
   2710.92920      0.870283425    
   2750.00000      0.752378941    
   2789.07080      0.634554982    
   2819.18530      0.543792725    
   2833.33350      0.501171827    
   2847.48145      0.458596766    
   2877.59595      0.368007958    
   2916.66675      0.250517279    
   2955.73755      0.133053735    
   2985.85205       4.25277166E-02
   3000.00000       1.20236014E-04
