   0.00000000       9.99995136    
   42.4440269       9.84589195    
   132.787796       9.51796722    
   250.000000       9.09288216    
   367.212189       8.66845798    
   457.555969       8.34205914    
   500.000000       8.18909836    
   542.444031       8.03723049    
   632.787781       7.71496487    
   750.000000       7.29844284    
   867.212219       6.88372564    
   957.555969       6.56562805    
   1000.00000       6.41689444    
   1042.44397       6.27005482    
   1132.78784       5.95911360    
   1250.00000       5.55807877    
   1367.21216       5.15950918    
   1457.55603       4.85425949    
   1500.00000       4.71169853    
   1514.14795       4.66466379    
   1544.26257       4.56475019    
   1583.33337       4.43540955    
   1622.40405       4.30635405    
   1652.51868       4.20710135    
   1666.66663       4.16056538    
   1680.81470       4.11426878    
   1710.92932       4.01592159    
   1750.00000       3.88860631    
   1789.07080       3.76156783    
   1819.18530       3.66386175    
   1833.33337       3.61804819    
   1847.48132       3.57246280    
   1877.59595       3.47562075    
   1916.66663       3.35024238    
   1955.73743       3.22512364    
   1985.85205       3.12888241    
   2000.00000       3.08375049    
   2014.14807       3.03882909    
   2044.26257       2.94338393    
   2083.33325       2.81979513    
   2122.40405       2.69644070    
   2152.51880       2.60153913    
   2166.66675       2.55702710    
   2180.81470       2.51270127    
   2210.92920       2.41850376    
   2250.00000       2.29650235    
   2289.07080       2.17470360    
   2319.18530       2.08097482    
   2333.33325       2.03700280    
   2347.48145       1.99318659    
   2377.59595       1.90004861    
   2416.66675       1.77938497    
   2455.73755       1.65888572    
   2485.85205       1.56612802    
   2500.00000       1.52259874    
   2514.14795       1.47919071    
   2544.26270       1.38689256    
   2583.33325       1.26727629    
   2622.40405       1.14778090    
   2652.51880       1.05576289    
   2666.66675       1.01256633    
   2680.81470      0.969452739    
   2710.92920      0.877749026    
   2750.00000      0.758857667    
   2789.07080      0.640040398    
   2819.18530      0.548508286    
   2833.33350      0.505524099    
   2847.48145      0.462582082    
   2877.59595      0.371209532    
   2916.66675      0.252698898    
   2955.73755      0.134213209    
   2985.85205       4.28984314E-02
   3000.00000       1.21284167E-04
