   0.00000000       9.99995136    
   42.4440269       9.84640789    
   132.787796       9.51957798    
   250.000000       9.09589767    
   367.212189       8.67285156    
   457.555969       8.34748459    
   500.000000       8.19499302    
   542.444031       8.04355049    
   632.787781       7.72214746    
   750.000000       7.30668020    
   867.212219       6.89294434    
   957.555969       6.57553911    
   1000.00000       6.42710209    
   1042.44397       6.28048134    
   1132.78784       5.96994019    
   1250.00000       5.56932688    
   1367.21216       5.17107821    
   1457.55603       4.86599588    
   1500.00000       4.72347879    
   1514.14795       4.67643929    
   1544.26257       4.57650661    
   1583.33337       4.44712877    
   1622.40405       4.31802511    
   1652.51868       4.21872616    
   1666.66663       4.17216444    
   1680.81470       4.12583256    
   1710.92932       4.02740240    
   1750.00000       3.89996767    
   1789.07080       3.77279830    
   1819.18530       3.67498255    
   1833.33337       3.62911415    
   1847.48132       3.58346438    
   1877.59595       3.48647761    
   1916.66663       3.36090064    
   1955.73743       3.23557281    
   1985.85205       3.13916230    
   2000.00000       3.09394765    
   2014.14807       3.04893446    
   2044.26257       2.95328784    
   2083.33325       2.82942724    
   2122.40405       2.70579171    
   2152.51880       2.61066604    
   2166.66675       2.56604576    
   2180.81470       2.52160430    
   2210.92920       2.42715383    
   2250.00000       2.30481601    
   2289.07080       2.18267250    
   2319.18530       2.08867192    
   2333.33325       2.04456949    
   2347.48145       2.00061679    
   2377.59595       1.90718281    
   2416.66675       1.78612816    
   2455.73755       1.66523099    
   2485.85205       1.57216179    
   2500.00000       1.52848423    
   2514.14795       1.48492301    
   2544.26270       1.39229453    
   2583.33325       1.27224433    
   2622.40405       1.15231025    
   2652.51880       1.05995047    
   2666.66675       1.01659203    
   2680.81470      0.973313093    
   2710.92920      0.881254852    
   2750.00000      0.761900067    
   2789.07080      0.642616332    
   2819.18530      0.550722659    
   2833.33350      0.507567942    
   2847.48145      0.464453608    
   2877.59595      0.372713000    
   2916.66675      0.253723383    
   2955.73755      0.134757698    
   2985.85205       4.30725217E-02
   3000.00000       1.21776386E-04
