   0.00000000       9.99995232    
   42.4440269       9.84690285    
   132.787796       9.52112293    
   250.000000       9.09879017    
   367.212189       8.67706585    
   457.555969       8.35268879    
   500.000000       8.20064735    
   542.444031       8.04961109    
   632.787781       7.72903681    
   750.000000       7.31458092    
   867.212219       6.90178585    
   957.555969       6.58504534    
   1000.00000       6.43689203    
   1042.44397       6.29048157    
   1132.78784       5.98032379    
   1250.00000       5.58011532    
   1367.21216       5.18217421    
   1457.55603       4.87725258    
   1500.00000       4.73477793    
   1514.14795       4.68773317    
   1544.26257       4.58778191    
   1583.33337       4.45836926    
   1622.40405       4.32921886    
   1652.51868       4.22987604    
   1666.66663       4.18329000    
   1680.81470       4.13692379    
   1710.92932       4.03841400    
   1750.00000       3.91086459    
   1789.07080       3.78357005    
   1819.18530       3.68564939    
   1833.33337       3.63972807    
   1847.48132       3.59401655    
   1877.59595       3.49689102    
   1916.66663       3.37112355    
   1955.73743       3.24559498    
   1985.85205       3.14902234    
   2000.00000       3.10372806    
   2014.14807       3.05862737    
   2044.26257       2.96278691    
   2083.33325       2.83866596    
   2122.40405       2.71476054    
   2152.51880       2.61942005    
   2166.66675       2.57469630    
   2180.81470       2.53014350    
   2210.92920       2.43545079    
   2250.00000       2.31279039    
   2289.07080       2.19031620    
   2319.18530       2.09605479    
   2333.33325       2.05182743    
   2347.48145       2.00774360    
   2377.59595       1.91402566    
   2416.66675       1.79259586    
   2455.73755       1.67131722    
   2485.85205       1.57794929    
   2500.00000       1.53412938    
   2514.14795       1.49042106    
   2544.26270       1.39747584    
   2583.33325       1.27700961    
   2622.40405       1.15665460    
   2652.51880       1.06396711    
   2666.66675       1.02045333    
   2680.81470      0.977015853    
   2710.92920      0.884617627    
   2750.00000      0.764818251    
   2789.07080      0.645087123    
   2819.18530      0.552846670    
   2833.33350      0.509528339    
   2847.48145      0.466248721    
   2877.59595      0.374155104    
   2916.66675      0.254706055    
   2955.73755      0.135279953    
   2985.85205       4.32395041E-02
   3000.00000       1.22248501E-04
