   0.00000000       9.99995232    
   42.4440269       9.84737778    
   132.787796       9.52260399    
   250.000000       9.10156441    
   367.212189       8.68110752    
   457.555969       8.35768032    
   500.000000       8.20606995    
   542.444031       8.05542469    
   632.787781       7.73564386    
   750.000000       7.32215881    
   867.212219       6.91026592    
   957.555969       6.59416246    
   1000.00000       6.44628239    
   1042.44397       6.30007267    
   1132.78784       5.99028349    
   1250.00000       5.59046268    
   1367.21216       5.19281721    
   1457.55603       4.88804960    
   1500.00000       4.74561548    
   1514.14795       4.69856596    
   1544.26257       4.59859705    
   1583.33337       4.46915054    
   1622.40405       4.33995581    
   1652.51868       4.24057007    
   1666.66663       4.19396067    
   1680.81470       4.14756203    
   1710.92932       4.04897547    
   1750.00000       3.92131662    
   1789.07080       3.79390168    
   1819.18530       3.69588041    
   1833.33337       3.64990854    
   1847.48132       3.60413790    
   1877.59595       3.50687909    
   1916.66663       3.38092899    
   1955.73743       3.25520802    
   1985.85205       3.15847969    
   2000.00000       3.11310911    
   2014.14807       3.06792426    
   2044.26257       2.97189832    
   2083.33325       2.84752727    
   2122.40405       2.72336340    
   2152.51880       2.62781668    
   2166.66675       2.58299327    
   2180.81470       2.53833413    
   2210.92920       2.44340897    
   2250.00000       2.32043886    
   2289.07080       2.19764757    
   2319.18530       2.10313606    
   2333.33325       2.05878878    
   2347.48145       2.01457930    
   2377.59595       1.92058921    
   2416.66675       1.79879963    
   2455.73755       1.67715502    
   2485.85205       1.58350050    
   2500.00000       1.53954411    
   2514.14795       1.49569476    
   2544.26270       1.40244567    
   2583.33325       1.28158033    
   2622.40405       1.16082156    
   2652.51880       1.06781983    
   2666.66675       1.02415705    
   2680.81470      0.980567515    
   2710.92920      0.887843013    
   2750.00000      0.767617345    
   2789.07080      0.647457004    
   2819.18530      0.554884017    
   2833.33350      0.511408687    
   2847.48145      0.467970550    
   2877.59595      0.375538319    
   2916.66675      0.255648613    
   2955.73755      0.135780901    
   2985.85205       4.33996692E-02
   3000.00000       1.22701356E-04
