   0.00000000       9.99995232    
   42.4440269       9.84783268    
   132.787796       9.52402496    
   250.000000       9.10422516    
   367.212189       8.68498421    
   457.555969       8.36246681    
   500.000000       8.21127129    
   542.444031       8.06100082    
   632.787781       7.74198103    
   750.000000       7.32942629    
   867.212219       6.91839933    
   957.555969       6.60290718    
   1000.00000       6.45528841    
   1042.44397       6.30927229    
   1132.78784       5.99983597    
   1250.00000       5.60038757    
   1367.21216       5.20302486    
   1457.55603       4.89840508    
   1500.00000       4.75601006    
   1514.14795       4.70895576    
   1544.26257       4.60897017    
   1583.33337       4.47949123    
   1622.40405       4.35025406    
   1652.51868       4.25082779    
   1666.66663       4.20419550    
   1680.81470       4.15776587    
   1710.92932       4.05910587    
   1750.00000       3.93134141    
   1789.07080       3.80381107    
   1819.18530       3.70569348    
   1833.33337       3.65967298    
   1847.48132       3.61384559    
   1877.59595       3.51645899    
   1916.66663       3.39033389    
   1955.73743       3.26442838    
   1985.85205       3.16755056    
   2000.00000       3.12210703    
   2014.14807       3.07684135    
   2044.26257       2.98063731    
   2083.33325       2.85602665    
   2122.40405       2.73161459    
   2152.51880       2.63587046    
   2166.66675       2.59095168    
   2180.81470       2.54619002    
   2210.92920       2.45104194    
   2250.00000       2.32777500    
   2289.07080       2.20467949    
   2319.18530       2.10992813    
   2333.33325       2.06546593    
   2347.48145       2.02113605    
   2377.59595       1.92688465    
   2416.66675       1.80474997    
   2455.73755       1.68275440    
   2485.85205       1.58882499    
   2500.00000       1.54473770    
   2514.14795       1.50075316    
   2544.26270       1.40721262    
   2583.33325       1.28596437    
   2622.40405       1.16481853    
   2652.51880       1.07151520    
   2666.66675       1.02770948    
   2680.81470      0.983974099    
   2710.92920      0.890936792    
   2750.00000      0.770302117    
   2789.07080      0.649730206    
   2819.18530      0.556838095    
   2833.33350      0.513212264    
   2847.48145      0.469622076    
   2877.59595      0.376865059    
   2916.66675      0.256552666    
   2955.73755      0.136261389    
   2985.85205       4.35532965E-02
   3000.00000       1.23135716E-04
