   0.00000000       9.99995232    
   42.4440269       9.84826946    
   132.787796       9.52538776    
   250.000000       9.10677719    
   367.212189       8.68870163    
   457.555969       8.36705875    
   500.000000       8.21625900    
   542.444031       8.06634808    
   632.787781       7.74805880    
   750.000000       7.33639717    
   867.212219       6.92620039    
   957.555969       6.61129427    
   1000.00000       6.46392632    
   1042.44397       6.31809568    
   1132.78784       6.00899792    
   1250.00000       5.60990620    
   1367.21216       5.21281576    
   1457.55603       4.90833759    
   1500.00000       4.76597977    
   1514.14795       4.71892118    
   1544.26257       4.61891937    
   1583.33337       4.48940945    
   1622.40405       4.36013126    
   1652.51868       4.26066589    
   1666.66663       4.21401215    
   1680.81470       4.16755295    
   1710.92932       4.06882238    
   1750.00000       3.94095683    
   1789.07080       3.81331587    
   1819.18530       3.71510577    
   1833.33337       3.66903853    
   1847.48132       3.62315655    
   1877.59595       3.52564764    
   1916.66663       3.39935446    
   1955.73743       3.27327204    
   1985.85205       3.17625117    
   2000.00000       3.13073730    
   2014.14807       3.08539414    
   2044.26257       2.98901963    
   2083.33325       2.86417913    
   2122.40405       2.73952889    
   2152.51880       2.64359522    
   2166.66675       2.59858489    
   2180.81470       2.55372524    
   2210.92920       2.45836329    
   2250.00000       2.33481169    
   2289.07080       2.21142435    
   2319.18530       2.11644292    
   2333.33325       2.07187057    
   2347.48145       2.02742481    
   2377.59595       1.93292308    
   2416.66675       1.81045735    
   2455.73755       1.68812501    
   2485.85205       1.59393203    
   2500.00000       1.54971921    
   2514.14795       1.50560486    
   2544.26270       1.41178489    
   2583.33325       1.29016936    
   2622.40405       1.16865218    
   2652.51880       1.07505965    
   2666.66675       1.03111684    
   2680.81470      0.987241566    
   2710.92920      0.893904209    
   2750.00000      0.772877276    
   2789.07080      0.651910484    
   2819.18530      0.558712423    
   2833.33350      0.514942169    
   2847.48145      0.471206158    
   2877.59595      0.378137648    
   2916.66675      0.257419825    
   2955.73755      0.136722252    
   2985.85205       4.37006466E-02
   3000.00000       1.23552338E-04
