   0.00000000       9.99995232    
   42.4440269       9.84947586    
   132.787796       9.52915192    
   250.000000       9.11382294    
   367.212189       8.69896793    
   457.555969       8.37973690    
   500.000000       8.23003387    
   542.444031       8.08111477    
   632.787781       7.76484251    
   750.000000       7.35564566    
   867.212219       6.94774199    
   957.555969       6.63445473    
   1000.00000       6.48777914    
   1042.44397       6.34246016    
   1132.78784       6.03429747    
   1250.00000       5.63619184    
   1367.21216       5.23985195    
   1457.55603       4.93576574    
   1500.00000       4.79351091    
   1514.14795       4.74644041    
   1544.26257       4.64639378    
   1583.33337       4.51679802    
   1622.40405       4.38740730    
   1652.51868       4.28783369    
   1666.66663       4.24112034    
   1680.81470       4.19457865    
   1710.92932       4.09565401    
   1750.00000       3.96750927    
   1789.07080       3.83956313    
   1819.18530       3.74109721    
   1833.33337       3.69490147    
   1847.48132       3.64886928    
   1877.59595       3.55102229    
   1916.66663       3.42426515    
   1955.73743       3.29769397    
   1985.85205       3.20027757    
   2000.00000       3.15457010    
   2014.14807       3.10901308    
   2044.26257       3.01216698    
   2083.33325       2.88669181    
   2122.40405       2.76138449    
   2152.51880       2.66492748    
   2166.66675       2.61966419    
   2180.81470       2.57453394    
   2210.92920       2.47858143    
   2250.00000       2.35424328    
   2289.07080       2.23005033    
   2319.18530       2.13443375    
   2333.33325       2.08955693    
   2347.48145       2.04479194    
   2377.59595       1.94959831    
   2416.66675       1.82621861    
   2455.73755       1.70295656    
   2485.85205       1.60803545    
   2500.00000       1.56347585    
   2514.14795       1.51900327    
   2544.26270       1.42441142    
   2583.33325       1.30178189    
   2622.40405       1.17923903    
   2652.51880       1.08484781    
   2666.66675       1.04052663    
   2680.81470      0.996264935    
   2710.92920      0.902098894    
   2750.00000      0.779988706    
   2789.07080      0.657931626    
   2819.18530      0.563888550    
   2833.33350      0.519719541    
   2847.48145      0.475580752    
   2877.59595      0.381651938    
   2916.66675      0.259814531    
   2955.73755      0.137994975    
   2985.85205       4.41075750E-02
   3000.00000       1.24702870E-04
