   0.00000000       9.99995232    
   42.4440269       9.84909058    
   132.787796       9.52794933    
   250.000000       9.11157227    
   367.212189       8.69568825    
   457.555969       8.37568569    
   500.000000       8.22563267    
   542.444031       8.07639599    
   632.787781       7.75947952    
   750.000000       7.34949541    
   867.212219       6.94085884    
   957.555969       6.62705421    
   1000.00000       6.48015738    
   1042.44397       6.33467484    
   1132.78784       6.02621365    
   1250.00000       5.62779331    
   1367.21216       5.23121309    
   1457.55603       4.92700148    
   1500.00000       4.78471375    
   1514.14795       4.73764753    
   1544.26257       4.63761473    
   1583.33337       4.50804663    
   1622.40405       4.37869167    
   1652.51868       4.27915287    
   1666.66663       4.23245859    
   1680.81470       4.18594313    
   1710.92932       4.08708048    
   1750.00000       3.95902514    
   1789.07080       3.83117628    
   1819.18530       3.73279214    
   1833.33337       3.68663740    
   1847.48132       3.64065337    
   1877.59595       3.54291439    
   1916.66663       3.41630554    
   1955.73743       3.28989053    
   1985.85205       3.19260049    
   2000.00000       3.14695477    
   2014.14807       3.10146618    
   2044.26257       3.00477076    
   2083.33325       2.87949824    
   2122.40405       2.75440097    
   2152.51880       2.65811110    
   2166.66675       2.61292863    
   2180.81470       2.56788492    
   2210.92920       2.47212100    
   2250.00000       2.34803438    
   2289.07080       2.22409868    
   2319.18530       2.12868500    
   2333.33325       2.08390546    
   2347.48145       2.03924251    
   2377.59595       1.94427001    
   2416.66675       1.82118237    
   2455.73755       1.69821739    
   2485.85205       1.60352886    
   2500.00000       1.55908012    
   2514.14795       1.51472211    
   2544.26270       1.42037678    
   2583.33325       1.29807127    
   2622.40405       1.17585611    
   2652.51880       1.08172011    
   2666.66675       1.03751993    
   2680.81470      0.993381679    
   2710.92920      0.899480402    
   2750.00000      0.777716339    
   2789.07080      0.656007707    
   2819.18530      0.562234581    
   2833.33350      0.518193007    
   2847.48145      0.474182904    
   2877.59595      0.380528986    
   2916.66675      0.259049326    
   2955.73755      0.137588307    
   2985.85205       4.39775474E-02
   3000.00000       1.24335231E-04
