   0.00000000       9.99995327    
   42.4440269       9.85019970    
   132.787796       9.53141117    
   250.000000       9.11805439    
   367.212189       8.70513248    
   457.555969       8.38734818    
   500.000000       8.23830414    
   542.444031       8.08998013    
   632.787781       7.77491903    
   750.000000       7.36720276    
   867.212219       6.96067524    
   957.555969       6.64835978    
   1000.00000       6.50210047    
   1042.44397       6.35708857    
   1132.78784       6.04948759    
   1250.00000       5.65197420    
   1367.21216       5.25608492    
   1457.55603       4.95223379    
   1500.00000       4.81004095    
   1514.14795       4.76296329    
   1544.26257       4.66288948    
   1583.33337       4.53324318    
   1622.40405       4.40378428    
   1652.51868       4.30414629    
   1666.66663       4.25739717    
   1680.81470       4.21080589    
   1710.92932       4.11176443    
   1750.00000       3.98345232    
   1789.07080       3.85532260    
   1819.18530       3.75670338    
   1833.33337       3.71043038    
   1847.48132       3.66430783    
   1877.59595       3.56625795    
   1916.66663       3.43922234    
   1955.73743       3.31235766    
   1985.85205       3.21470380    
   2000.00000       3.16887999    
   2014.14807       3.12319493    
   2044.26257       3.02606559    
   2083.33325       2.90020919    
   2122.40405       2.77450728    
   2152.51880       2.67773604    
   2166.66675       2.63232088    
   2180.81470       2.58702826    
   2210.92920       2.49072099    
   2250.00000       2.36591101    
   2289.07080       2.24123430    
   2319.18530       2.14523602    
   2333.33325       2.10017633    
   2347.48145       2.05521965    
   2377.59595       1.95961082    
   2416.66675       1.83568227    
   2455.73755       1.71186197    
   2485.85205       1.61650372    
   2500.00000       1.57173598    
   2514.14795       1.52704835    
   2544.26270       1.43199289    
   2583.33325       1.30875444    
   2622.40405       1.18559587    
   2652.51880       1.09072506    
   2666.66675       1.04617667    
   2680.81470       1.00168300    
   2710.92920      0.907019377    
   2750.00000      0.784258783    
   2789.07080      0.661547005    
   2819.18530      0.566996515    
   2833.33350      0.522588074    
   2847.48145      0.478207439    
   2877.59595      0.383762091    
   2916.66675      0.261252403    
   2955.73755      0.138759181    
   2985.85205       4.43519130E-02
   3000.00000       1.25393708E-04
