   0.00000000       9.99995327    
   42.4440269       9.84984589    
   132.787796       9.53030491    
   250.000000       9.11598301    
   367.212189       8.70211411    
   457.555969       8.38362217    
   500.000000       8.23425484    
   542.444031       8.08563995    
   632.787781       7.76998568    
   750.000000       7.36154461    
   867.212219       6.95434332    
   957.555969       6.64155245    
   1000.00000       6.49508905    
   1042.44397       6.34992695    
   1132.78784       6.04205084    
   1250.00000       5.64424801    
   1367.21216       5.24813747    
   1457.55603       4.94417143    
   1500.00000       4.80194807    
   1514.14795       4.75487423    
   1544.26257       4.65481377    
   1583.33337       4.52519226    
   1622.40405       4.39576674    
   1652.51868       4.29616022    
   1666.66663       4.24942875    
   1680.81470       4.20286131    
   1710.92932       4.10387707    
   1750.00000       3.97564697    
   1789.07080       3.84760714    
   1819.18530       3.74906301    
   1833.33337       3.70282793    
   1847.48132       3.65674949    
   1877.59595       3.55879903    
   1916.66663       3.43189955    
   1955.73743       3.30517864    
   1985.85205       3.20764112    
   2000.00000       3.16187429    
   2014.14807       3.11625195    
   2044.26257       3.01926136    
   2083.33325       2.89359140    
   2122.40405       2.76808286    
   2152.51880       2.67146540    
   2166.66675       2.62612438    
   2180.81470       2.58091140    
   2210.92920       2.48477769    
   2250.00000       2.36019874    
   2289.07080       2.23575902    
   2319.18530       2.13994741    
   2333.33325       2.09497738    
   2347.48145       2.05011439    
   2377.59595       1.95470893    
   2416.66675       1.83104908    
   2455.73755       1.70750213    
   2485.85205       1.61235785    
   2500.00000       1.56769204    
   2514.14795       1.52310967    
   2544.26270       1.42828119    
   2583.33325       1.30534089    
   2622.40405       1.18248367    
   2652.51880       1.08784771    
   2666.66675       1.04341054    
   2680.81470      0.999030411    
   2710.92920      0.904610455    
   2750.00000      0.782168269    
   2789.07080      0.659776986    
   2819.18530      0.565474927    
   2833.33350      0.521183729    
   2847.48145      0.476921469    
   2877.59595      0.382729024    
   2916.66675      0.260548443    
   2955.73755      0.138385043    
   2985.85205       4.42322902E-02
   3000.00000       1.25055492E-04
