   0.00000000       9.99995232    
   42.4440269       9.84868908    
   132.787796       9.52669525    
   250.000000       9.10922432    
   367.212189       8.69226742    
   457.555969       8.37146187    
   500.000000       8.22104359    
   542.444031       8.07147694    
   632.787781       7.75388861    
   750.000000       7.34308290    
   867.212219       6.93368244    
   957.555969       6.61933899    
   1000.00000       6.47221136    
   1042.44397       6.32655811    
   1132.78784       6.01778507    
   1250.00000       5.61903620    
   1367.21216       5.22220612    
   1457.55603       4.91786432    
   1500.00000       4.77554226    
   1514.14795       4.72847986    
   1544.26257       4.62846184    
   1583.33337       4.49892235    
   1622.40405       4.36960506    
   1652.51868       4.27010202    
   1666.66663       4.22342777    
   1680.81470       4.17693949    
   1710.92932       4.07814169    
   1750.00000       3.95017934    
   1789.07080       3.82243228    
   1819.18530       3.72413325    
   1833.33337       3.67802143    
   1847.48132       3.63208747    
   1877.59595       3.53446102    
   1916.66663       3.40800667    
   1955.73743       3.28175449    
   1985.85205       3.18459630    
   2000.00000       3.13901520    
   2014.14807       3.09359789    
   2044.26257       2.99705935    
   2083.33325       2.87199831    
   2122.40405       2.74711990    
   2152.51880       2.65100455    
   2166.66675       2.60590625    
   2180.81470       2.56095266    
   2210.92920       2.46538568    
   2250.00000       2.34156084    
   2289.07080       2.21789360    
   2319.18530       2.12269163    
   2333.33325       2.07801342    
   2347.48145       2.03345680    
   2377.59595       1.93871486    
   2416.66675       1.81593168    
   2455.73755       1.69327641    
   2485.85205       1.59883046    
   2500.00000       1.55449724    
   2514.14795       1.51025856    
   2544.26270       1.41617036    
   2583.33325       1.29420269    
   2622.40405       1.17232919    
   2652.51880       1.07845926    
   2666.66675       1.03438509    
   2680.81470      0.990375578    
   2710.92920      0.896750391    
   2750.00000      0.775347233    
   2789.07080      0.654001772    
   2819.18530      0.560510218    
   2833.33350      0.516601503    
   2847.48145      0.472725570    
   2877.59595      0.379358262    
   2916.66675      0.258251548    
   2955.73755      0.137164310    
   2985.85205       4.38419841E-02
   3000.00000       1.23951948E-04
