   0.00000000       9.99995327    
   42.4440269       9.85117912    
   132.787796       9.53446579    
   250.000000       9.12377357    
   367.212189       8.71346474    
   457.555969       8.39763927    
   500.000000       8.24948406    
   542.444031       8.10196590    
   632.787781       7.78854132    
   750.000000       7.38282633    
   867.212219       6.97815990    
   957.555969       6.66715860    
   1000.00000       6.52146101    
   1042.44397       6.37686491    
   1132.78784       6.07002306    
   1250.00000       5.67331028    
   1367.21216       5.27803040    
   1457.55603       4.97449732    
   1500.00000       4.83238840    
   1514.14795       4.78530121    
   1544.26257       4.68519115    
   1583.33337       4.55547523    
   1622.40405       4.42592478    
   1652.51868       4.32619905    
   1666.66663       4.27940178    
   1680.81470       4.23274374    
   1710.92932       4.13354445    
   1750.00000       4.00500584    
   1789.07080       3.87662840    
   1819.18530       3.77780175    
   1833.33337       3.73142457    
   1847.48132       3.68517995    
   1877.59595       3.58685541    
   1916.66663       3.45944333    
   1955.73743       3.33218217    
   1985.85205       3.23420739    
   2000.00000       3.18822622    
   2014.14807       3.14236760    
   2044.26257       3.04485559    
   2083.33325       2.91848397    
   2122.40405       2.79224873    
   2152.51880       2.69505286    
   2166.66675       2.64943242    
   2180.81470       2.60391998    
   2210.92920       2.50713348    
   2250.00000       2.38168502    
   2289.07080       2.25635433    
   2319.18530       2.15984035    
   2333.33325       2.11453366    
   2347.48145       2.06931782    
   2377.59595       1.97314739    
   2416.66675       1.84847677    
   2455.73755       1.72390175    
   2485.85205       1.62795258    
   2500.00000       1.58290339    
   2514.14795       1.53792489    
   2544.26270       1.44224286    
   2583.33325       1.31818128    
   2622.40405       1.19419003    
   2652.51880       1.09867096    
   2666.66675       1.05381536    
   2680.81470       1.00900793    
   2710.92920      0.913671672    
   2750.00000      0.790031731    
   2789.07080      0.666434884    
   2819.18530      0.571198344    
   2833.33350      0.526466250    
   2847.48145      0.481758654    
   2877.59595      0.386614949    
   2916.66675      0.263196409    
   2955.73755      0.139792368    
   2985.85205       4.46822494E-02
   3000.00000       1.26327694E-04
