   0.00000000       9.99995327    
   42.4440269       9.85086632    
   132.787796       9.53348923    
   250.000000       9.12194633    
   367.212189       8.71080303    
   457.555969       8.39435101    
   500.000000       8.24591160    
   542.444031       8.09813595    
   632.787781       7.78418875    
   750.000000       7.37783384    
   867.212219       6.97257328    
   957.555969       6.66115189    
   1000.00000       6.51527500    
   1042.44397       6.37054586    
   1132.78784       6.06346130    
   1250.00000       5.66649294    
   1367.21216       5.27101803    
   1457.55603       4.96738386    
   1500.00000       4.82524776    
   1514.14795       4.77816391    
   1544.26257       4.67806530    
   1583.33337       4.54837132    
   1622.40405       4.41885042    
   1652.51868       4.31915283    
   1666.66663       4.27237082    
   1680.81470       4.22573376    
   1710.92932       4.12658501    
   1750.00000       3.99811888    
   1789.07080       3.86982059    
   1819.18530       3.77106023    
   1833.33337       3.72471619    
   1847.48132       3.67851067    
   1877.59595       3.58027387    
   1916.66663       3.45298219    
   1955.73743       3.32584763    
   1985.85205       3.22797537    
   2000.00000       3.18204474    
   2014.14807       3.13624144    
   2044.26257       3.03885174    
   2083.33325       2.91264462    
   2122.40405       2.78657985    
   2152.51880       2.68951964    
   2166.66675       2.64396477    
   2180.81470       2.59852266    
   2210.92920       2.50188923    
   2250.00000       2.37664461    
   2289.07080       2.25152302    
   2319.18530       2.15517378    
   2333.33325       2.10994601    
   2347.48145       2.06481290    
   2377.59595       1.96882200    
   2416.66675       1.84438860    
   2455.73755       1.72005463    
   2485.85205       1.62429428    
   2500.00000       1.57933509    
   2514.14795       1.53444946    
   2544.26270       1.43896770    
   2583.33325       1.31516910    
   2622.40405       1.19144392    
   2652.51880       1.09613204    
   2666.66675       1.05137455    
   2680.81470       1.00666738    
   2710.92920      0.911546052    
   2750.00000      0.788187087    
   2789.07080      0.664873064    
   2819.18530      0.569855750    
   2833.33350      0.525227070    
   2847.48145      0.480623931    
   2877.59595      0.385703355    
   2916.66675      0.262575239    
   2955.73755      0.139462233    
   2985.85205       4.45766933E-02
   3000.00000       1.26029263E-04
