   0.00000000       9.99995327    
   42.4440269       9.85054016    
   132.787796       9.53247166    
   250.000000       9.12004089    
   367.212189       8.70802689    
   457.555969       8.39092255    
   500.000000       8.24218750    
   542.444031       8.09414291    
   632.787781       7.77965069    
   750.000000       7.37262917    
   867.212219       6.96674824    
   957.555969       6.65488911    
   1000.00000       6.50882483    
   1042.44397       6.36395741    
   1132.78784       6.05662012    
   1250.00000       5.65938520    
   1367.21216       5.26370716    
   1457.55603       4.95996666    
   1500.00000       4.81780291    
   1514.14795       4.77072191    
   1544.26257       4.67063570    
   1583.33337       4.54096508    
   1622.40405       4.41147470    
   1652.51868       4.31180573    
   1666.66663       4.26503992    
   1680.81470       4.21842527    
   1710.92932       4.11932898    
   1750.00000       3.99093843    
   1789.07080       3.86272287    
   1819.18530       3.76403141    
   1833.33337       3.71772218    
   1847.48132       3.67155743    
   1877.59595       3.57341218    
   1916.66663       3.44624567    
   1955.73743       3.31924343    
   1985.85205       3.22147799    
   2000.00000       3.17559958    
   2014.14807       3.12985420    
   2044.26257       3.03259206    
   2083.33325       2.90655661    
   2122.40405       2.78066945    
   2152.51880       2.68375063    
   2166.66675       2.63826418    
   2180.81470       2.59289527    
   2210.92920       2.49642158    
   2250.00000       2.37138963    
   2289.07080       2.24648595    
   2319.18530       2.15030861    
   2333.33325       2.10516310    
   2347.48145       2.06011629    
   2377.59595       1.96431243    
   2416.66675       1.84012616    
   2455.73755       1.71604371    
   2485.85205       1.62048018    
   2500.00000       1.57561481    
   2514.14795       1.53082609    
   2544.26270       1.43555295    
   2583.33325       1.31202865    
   2622.40405       1.18858087    
   2652.51880       1.09348500    
   2666.66675       1.04882979    
   2680.81470       1.00422716    
   2710.92920      0.909329891    
   2750.00000      0.786263883    
   2789.07080      0.663244724    
   2819.18530      0.568455935    
   2833.33350      0.523935080    
   2847.48145      0.479440868    
   2877.59595      0.384752959    
   2916.66675      0.261927605    
   2955.73755      0.139118031    
   2985.85205       4.44666483E-02
   3000.00000       1.25718114E-04
