   0.00000000       9.99995327    
   42.4440269       9.85147858    
   132.787796       9.53540134    
   250.000000       9.12552643    
   367.212189       8.71601868    
   457.555969       8.40079212    
   500.000000       8.25291061    
   542.444031       8.10563850    
   632.787781       7.79271650    
   750.000000       7.38761425    
   867.212219       6.98351860    
   957.555969       6.67291975    
   1000.00000       6.52739477    
   1042.44397       6.38292551    
   1132.78784       6.07631683    
   1250.00000       5.67984915    
   1367.21216       5.28475618    
   1457.55603       4.98132086    
   1500.00000       4.83923721    
   1514.14795       4.79214716    
   1544.26257       4.69202614    
   1583.33337       4.56228876    
   1622.40405       4.43271065    
   1652.51868       4.33295774    
   1666.66663       4.28614569    
   1680.81470       4.23946667    
   1710.92932       4.14021921    
   1750.00000       4.01161146    
   1789.07080       3.88315821    
   1819.18530       3.78426790    
   1833.33337       3.73785853    
   1847.48132       3.69157648    
   1877.59595       3.59316826    
   1916.66663       3.46564054    
   1955.73743       3.33825779    
   1985.85205       3.24018478    
   2000.00000       3.19415545    
   2014.14807       3.14824367    
   2044.26257       3.05061436    
   2083.33325       2.92408490    
   2122.40405       2.79768610    
   2152.51880       2.70035982    
   2166.66675       2.65467644    
   2180.81470       2.60909677    
   2210.92920       2.51216340    
   2250.00000       2.38651943    
   2289.07080       2.26098824    
   2319.18530       2.16431618    
   2333.33325       2.11893392    
   2347.48145       2.07363844    
   2377.59595       1.97729599    
   2416.66675       1.85239804    
   2455.73755       1.72759163    
   2485.85205       1.63146126    
   2500.00000       1.58632588    
   2514.14795       1.54125822    
   2544.26270       1.44538414    
   2583.33325       1.32107031    
   2622.40405       1.19682395    
   2652.51880       1.10110629    
   2666.66675       1.05615640    
   2680.81470       1.01125288    
   2710.92920      0.915710449    
   2750.00000      0.791801035    
   2789.07080      0.667932868    
   2819.18530      0.572486103    
   2833.33350      0.527654827    
   2847.48145      0.482847035    
   2877.59595      0.387489289    
   2916.66675      0.263792187    
   2955.73755      0.140109003    
   2985.85205       4.47834879E-02
   3000.00000       1.26613944E-04
