   0.00000000       9.99995327    
   42.4440269       9.85176659    
   132.787796       9.53629971    
   250.000000       9.12720680    
   367.212189       8.71846867    
   457.555969       8.40381718    
   500.000000       8.25619698    
   542.444031       8.10916233    
   632.787781       7.79672050    
   750.000000       7.39220667    
   867.212219       6.98865795    
   957.555969       6.67844534    
   1000.00000       6.53308582    
   1042.44397       6.38873863    
   1132.78784       6.08235312    
   1250.00000       5.68612099    
   1367.21216       5.29120684    
   1457.55603       4.98786497    
   1500.00000       4.84580612    
   1514.14795       4.79871321    
   1544.26257       4.69858122    
   1583.33337       4.56882381    
   1622.40405       4.43921852    
   1652.51868       4.33944035    
   1666.66663       4.29261398    
   1680.81470       4.24591541    
   1710.92932       4.14662170    
   1750.00000       4.01794720    
   1789.07080       3.88942099    
   1819.18530       3.79046988    
   1833.33337       3.74402976    
   1847.48132       3.69771194    
   1877.59595       3.59922290    
   1916.66663       3.47158456    
   1955.73743       3.34408522    
   1985.85205       3.24591780    
   2000.00000       3.19984245    
   2014.14807       3.15387940    
   2044.26257       3.05613780    
   2083.33325       2.92945671    
   2122.40405       2.80290127    
   2152.51880       2.70545030    
   2166.66675       2.65970659    
   2180.81470       2.61406231    
   2210.92920       2.51698780    
   2250.00000       2.39115620    
   2289.07080       2.26543283    
   2319.18530       2.16860914    
   2333.33325       2.12315416    
   2347.48145       2.07778263    
   2377.59595       1.98127508    
   2416.66675       1.85615897    
   2455.73755       1.73113084    
   2485.85205       1.63482678    
   2500.00000       1.58960867    
   2514.14795       1.54445553    
   2544.26270       1.44839728    
   2583.33325       1.32384145    
   2622.40405       1.19935036    
   2652.51880       1.10344195    
   2666.66675       1.05840182    
   2680.81470       1.01340616    
   2710.92920      0.917665958    
   2750.00000      0.793497980    
   2789.07080      0.669369698    
   2819.18530      0.573721290    
   2833.33350      0.528794825    
   2847.48145      0.483890921    
   2877.59595      0.388327897    
   2916.66675      0.264363617    
   2955.73755      0.140412718    
   2985.85205       4.48805951E-02
   3000.00000       1.26888495E-04
