   0.00000000       9.99995327    
   42.4440269       9.85230732    
   132.787796       9.53798676    
   250.000000       9.13036633    
   367.212189       8.72307110    
   457.555969       8.40950108    
   500.000000       8.26237202    
   542.444031       8.11578178    
   632.787781       7.80424500    
   750.000000       7.40083599    
   867.212219       6.99831533    
   957.555969       6.68882895    
   1000.00000       6.54377937    
   1042.44397       6.39966202    
   1132.78784       6.09369564    
   1250.00000       5.69790602    
   1367.21216       5.30332851    
   1457.55603       5.00016260    
   1500.00000       4.85815001    
   1514.14795       4.81105185    
   1544.26257       4.71089983    
   1583.33337       4.58110380    
   1622.40405       4.45144844    
   1652.51868       4.35162163    
   1666.66663       4.30476856    
   1680.81470       4.25803280    
   1710.92932       4.15865183    
   1750.00000       4.02985287    
   1789.07080       3.90118957    
   1819.18530       3.80212379    
   1833.33337       3.75562620    
   1847.48132       3.70924091    
   1877.59595       3.61060023    
   1916.66663       3.48275399    
   1955.73743       3.35503554    
   1985.85205       3.25669074    
   2000.00000       3.21052861    
   2014.14807       3.16446996    
   2044.26257       3.06651688    
   2083.33325       2.93955112    
   2122.40405       2.81270099    
   2152.51880       2.71501541    
   2166.66675       2.66915822    
   2180.81470       2.62339282    
   2210.92920       2.52605343    
   2250.00000       2.39986920    
   2289.07080       2.27378464    
   2319.18530       2.17667627    
   2333.33325       2.13108468    
   2347.48145       2.08556986    
   2377.59595       1.98875225    
   2416.66675       1.86322641    
   2455.73755       1.73778129    
   2485.85205       1.64115083    
   2500.00000       1.59577715    
   2514.14795       1.55046344    
   2544.26270       1.45405900    
   2583.33325       1.32904851    
   2622.40405       1.20409751    
   2652.51880       1.10783112    
   2666.66675       1.06262124    
   2680.81470       1.01745236    
   2710.92920      0.921340525    
   2750.00000      0.796686828    
   2789.07080      0.672069609    
   2819.18530      0.576042295    
   2833.33350      0.530937016    
   2847.48145      0.485852540    
   2877.59595      0.389903724    
   2916.66675      0.265437424    
   2955.73755      0.140983418    
   2985.85205       4.50630635E-02
   3000.00000       1.27404404E-04
