   0.00000000       9.99995327    
   42.4440269       9.85204220    
   132.787796       9.53716087    
   250.000000       9.12881947    
   367.212189       8.72081757    
   457.555969       8.40671825    
   500.000000       8.25934887    
   542.444031       8.11254120    
   632.787781       7.80056095    
   750.000000       7.39661121    
   867.212219       6.99358749    
   957.555969       6.68374538    
   1000.00000       6.53854418    
   1042.44397       6.39431429    
   1132.78784       6.08814287    
   1250.00000       5.69213629    
   1367.21216       5.29739428    
   1457.55603       4.99414206    
   1500.00000       4.85210705    
   1514.14795       4.80501127    
   1544.26257       4.70486927    
   1583.33337       4.57509184    
   1622.40405       4.44546080    
   1652.51868       4.34565783    
   1666.66663       4.29881811    
   1680.81470       4.25210047    
   1710.92932       4.15276241    
   1750.00000       4.02402401    
   1789.07080       3.89542794    
   1819.18530       3.79641843    
   1833.33337       3.74994898    
   1847.48132       3.70359659    
   1877.59595       3.60503006    
   1916.66663       3.47728586    
   1955.73743       3.34967470    
   1985.85205       3.25141668    
   2000.00000       3.20529699    
   2014.14807       3.15928507    
   2044.26257       3.06143546    
   2083.33325       2.93460917    
   2122.40405       2.80790329    
   2152.51880       2.71033263    
   2166.66675       2.66453099    
   2180.81470       2.61882472    
   2210.92920       2.52161527    
   2250.00000       2.39560366    
   2289.07080       2.26969576    
   2319.18530       2.17272687    
   2333.33325       2.12720203    
   2347.48145       2.08175755    
   2377.59595       1.98509169    
   2416.66675       1.85976636    
   2455.73755       1.73452544    
   2485.85205       1.63805473    
   2500.00000       1.59275723    
   2514.14795       1.54752207    
   2544.26270       1.45128715    
   2583.33325       1.32649922    
   2622.40405       1.20177341    
   2652.51880       1.10568225    
   2666.66675       1.06055558    
   2680.81470       1.01547146    
   2710.92920      0.919541538    
   2750.00000      0.795125663    
   2789.07080      0.670747817    
   2819.18530      0.574905992    
   2833.33350      0.529888272    
   2847.48145      0.484892190    
   2877.59595      0.389132231    
   2916.66675      0.264911741    
   2955.73755      0.140704021    
   2985.85205       4.49737310E-02
   3000.00000       1.27151827E-04
