   0.00000000       9.99995422    
   42.4440269       9.85280418    
   132.787796       9.53953838    
   250.000000       9.13327217    
   367.212189       8.72730446    
   457.555969       8.41472912    
   500.000000       8.26805305    
   542.444031       8.12187195    
   632.787781       7.81116676    
   750.000000       7.40877485    
   867.212219       7.00719976    
   957.555969       6.69838095    
   1000.00000       6.55361748    
   1042.44397       6.40971088    
   1132.78784       6.10413074    
   1250.00000       5.70874739    
   1367.21216       5.31447983    
   1457.55603       5.01147556    
   1500.00000       4.86950588    
   1514.14795       4.82240248    
   1544.26257       4.72223186    
   1583.33337       4.59240055    
   1622.40405       4.46269894    
   1652.51868       4.36282778    
   1666.66663       4.31594992    
   1680.81470       4.26918030    
   1710.92932       4.16971922    
   1750.00000       4.04080486    
   1789.07080       3.91201591    
   1819.18530       3.81284499    
   1833.33337       3.76629424    
   1847.48132       3.71984673    
   1877.59595       3.62106681    
   1916.66663       3.49302936    
   1955.73743       3.36510944    
   1985.85205       3.26660156    
   2000.00000       3.22035933    
   2014.14807       3.17421246    
   2044.26257       3.07606506    
   2083.33325       2.94883752    
   2122.40405       2.82171655    
   2152.51880       2.72381496    
   2166.66675       2.67785358    
   2180.81470       2.63197637    
   2210.92920       2.53439355    
   2250.00000       2.40788484    
   2289.07080       2.28146791    
   2319.18530       2.18409753    
   2333.33325       2.13838029    
   2347.48145       2.09273386    
   2377.59595       1.99563098    
   2416.66675       1.86972797    
   2455.73755       1.74389946    
   2485.85205       1.64696860    
   2500.00000       1.60145199    
   2514.14795       1.55599034    
   2544.26270       1.45926762    
   2583.33325       1.33383882    
   2622.40405       1.20846486    
   2652.51880       1.11186886    
   2666.66675       1.06650293    
   2680.81470       1.02117455    
   2710.92920      0.924721003    
   2750.00000      0.799620450    
   2789.07080      0.674553454    
   2819.18530      0.578177512    
   2833.33350      0.532907784    
   2847.48145      0.487657130    
   2877.59595      0.391353458    
   2916.66675      0.266425282    
   2955.73755      0.141508445    
   2985.85205       4.52309288E-02
   3000.00000       1.27879015E-04
