   0.00000000       9.99995327    
   42.4440269       9.85256100    
   132.787796       9.53877926    
   250.000000       9.13184929    
   367.212189       8.72523212    
   457.555969       8.41216946    
   500.000000       8.26527214    
   542.444031       8.11889076    
   632.787781       7.80777788    
   750.000000       7.40488815    
   867.212219       7.00285006    
   957.555969       6.69370413    
   1000.00000       6.54880095    
   1042.44397       6.40479136    
   1132.78784       6.09902191    
   1250.00000       5.70343971    
   1367.21216       5.30902052    
   1457.55603       5.00593710    
   1500.00000       4.86394644    
   1514.14795       4.81684542    
   1544.26257       4.71668386    
   1583.33337       4.58687019    
   1622.40405       4.45719099    
   1652.51868       4.35734129    
   1666.66663       4.31047583    
   1680.81470       4.26372290    
   1710.92932       4.16430092    
   1750.00000       4.03544283    
   1789.07080       3.90671563    
   1819.18530       3.80759621    
   1833.33337       3.76107144    
   1847.48132       3.71465445    
   1877.59595       3.61594272    
   1916.66663       3.48799896    
   1955.73743       3.36017752    
   1985.85205       3.26174951    
   2000.00000       3.21554661    
   2014.14807       3.16944265    
   2044.26257       3.07139039    
   2083.33325       2.94429135    
   2122.40405       2.81730270    
   2152.51880       2.71950698    
   2166.66675       2.67359662    
   2180.81470       2.62777400    
   2210.92920       2.53031039    
   2250.00000       2.40396070    
   2289.07080       2.27770638    
   2319.18530       2.18046427    
   2333.33325       2.13480854    
   2347.48145       2.08922672    
   2377.59595       1.99226332    
   2416.66675       1.86654496    
   2455.73755       1.74090421    
   2485.85205       1.64412034    
   2500.00000       1.59867382    
   2514.14795       1.55328453    
   2544.26270       1.45671761    
   2583.33325       1.33149362    
   2622.40405       1.20632672    
   2652.51880       1.10989213    
   2666.66675       1.06460261    
   2680.81470       1.01935232    
   2710.92920      0.923066020    
   2750.00000      0.798184216    
   2789.07080      0.673337460    
   2819.18530      0.577132165    
   2833.33350      0.531942964    
   2847.48145      0.486773640    
   2877.59595      0.390643716    
   2916.66675      0.265941679    
   2955.73755      0.141251400    
   2985.85205       4.51487452E-02
   3000.00000       1.27646665E-04
