   0.00000000       9.99995422    
   42.4440269       9.85303783    
   132.787796       9.54026794    
   250.000000       9.13463688    
   367.212189       8.72929287    
   457.555969       8.41718483    
   500.000000       8.27072048    
   542.444031       8.12473106    
   632.787781       7.81441689    
   750.000000       7.41250229    
   867.212219       7.01137161    
   957.555969       6.70286608    
   1000.00000       6.55823660    
   1042.44397       6.41442966    
   1132.78784       6.10903025    
   1250.00000       5.71383810    
   1367.21216       5.31971645    
   1457.55603       5.01678753    
   1500.00000       4.87483788    
   1514.14795       4.82773209    
   1544.26257       4.72755337    
   1583.33337       4.59770536    
   1622.40405       4.46798182    
   1652.51868       4.36808968    
   1666.66663       4.32120037    
   1680.81470       4.27441502    
   1710.92932       4.17491627    
   1750.00000       4.04594803    
   1789.07080       3.91709971    
   1819.18530       3.81787920    
   1833.33337       3.77130365    
   1847.48132       3.72482705    
   1877.59595       3.62598157    
   1916.66663       3.49785423    
   1955.73743       3.36983967    
   1985.85205       3.27125525    
   2000.00000       3.22497559    
   2014.14807       3.17878723    
   2044.26257       3.08054852    
   2083.33325       2.95319819    
   2122.40405       2.82594991    
   2152.51880       2.72794700    
   2166.66675       2.68193650    
   2180.81470       2.63600683    
   2210.92920       2.53830981    
   2250.00000       2.41164875    
   2289.07080       2.28507590    
   2319.18530       2.18758225    
   2333.33325       2.14180636    
   2347.48145       2.09609795    
   2377.59595       1.99886096    
   2416.66675       1.87278092    
   2455.73755       1.74677229    
   2485.85205       1.64970040    
   2500.00000       1.60411668    
   2514.14795       1.55858576    
   2544.26270       1.46171343    
   2583.33325       1.33608818    
   2622.40405       1.21051550    
   2652.51880       1.11376488    
   2666.66675       1.06832564    
   2680.81470       1.02292252    
   2710.92920      0.926308334    
   2750.00000      0.800997972    
   2789.07080      0.675719798    
   2819.18530      0.579180181    
   2833.33350      0.533833206    
   2847.48145      0.488504499    
   2877.59595      0.392034203    
   2916.66675      0.266889155    
   2955.73755      0.141754970    
   2985.85205       4.53097522E-02
   3000.00000       1.28101892E-04
