   0.00000000       9.99995422    
   42.4440269       9.85388088    
   132.787796       9.54289722    
   250.000000       9.13955975    
   367.212189       8.73646545    
   457.555969       8.42604256    
   500.000000       8.28034401    
   542.444031       8.13504791    
   632.787781       7.82614279    
   750.000000       7.42595100    
   867.212219       7.02642202    
   957.555969       6.71904755    
   1000.00000       6.57490253    
   1042.44397       6.43145275    
   1132.78784       6.12670755    
   1250.00000       5.73220444    
   1367.21216       5.33860731    
   1457.55603       5.03595257    
   1500.00000       4.89407492    
   1514.14795       4.84696102    
   1544.26257       4.74675083    
   1583.33337       4.61684370    
   1622.40405       4.48704100    
   1652.51868       4.38707352    
   1666.66663       4.34014273    
   1680.81470       4.29329967    
   1710.92932       4.19366503    
   1750.00000       4.06450224    
   1789.07080       3.93544078    
   1819.18530       3.83604145    
   1833.33337       3.78937626    
   1847.48132       3.74279451    
   1877.59595       3.64371300    
   1916.66663       3.51526165    
   1955.73743       3.38690567    
   1985.85205       3.28804493    
   2000.00000       3.24162984    
   2014.14807       3.19529223    
   2044.26257       3.09672403    
   2083.33325       2.96893024    
   2122.40405       2.84122276    
   2152.51880       2.74285412    
   2166.66675       2.69666696    
   2180.81470       2.65054822    
   2210.92920       2.55243850    
   2250.00000       2.42522812    
   2289.07080       2.29809213    
   2319.18530       2.20015478    
   2333.33325       2.15416598    
   2347.48145       2.10823441    
   2377.59595       2.01051402    
   2416.66675       1.88379538    
   2455.73755       1.75713706    
   2485.85205       1.65955639    
   2500.00000       1.61373043    
   2514.14795       1.56794906    
   2544.26270       1.47053730    
   2583.33325       1.34420347    
   2622.40405       1.21791410    
   2652.51880       1.12060535    
   2666.66675       1.07490158    
   2680.81470       1.02922845    
   2710.92920      0.932035148    
   2750.00000      0.805967808    
   2789.07080      0.679927647    
   2819.18530      0.582797468    
   2833.33350      0.537171841    
   2847.48145      0.491561681    
   2877.59595      0.394490153    
   2916.66675      0.268562704    
   2955.73755      0.142644420    
   2985.85205       4.55941334E-02
   3000.00000       1.28905944E-04
