   0.00000000       9.99995422    
   42.4440269       9.85326195    
   132.787796       9.54096699    
   250.000000       9.13594532    
   367.212189       8.73120022    
   457.555969       8.41953945    
   500.000000       8.27327919    
   542.444031       8.12747383    
   632.787781       7.81753445    
   750.000000       7.41607761    
   867.212219       7.01537275    
   957.555969       6.70716810    
   1000.00000       6.56266737    
   1042.44397       6.41895533    
   1132.78784       6.11372995    
   1250.00000       5.71872091    
   1367.21216       5.32473850    
   1457.55603       5.02188301    
   1500.00000       4.87995243    
   1514.14795       4.83284426    
   1544.26257       4.73265696    
   1583.33337       4.60279322    
   1622.40405       4.47304869    
   1652.51868       4.37313652    
   1666.66663       4.32623625    
   1680.81470       4.27943563    
   1710.92932       4.17990065    
   1750.00000       4.05088043    
   1789.07080       3.92197585    
   1819.18530       3.82270765    
   1833.33337       3.77610826    
   1847.48132       3.72960377    
   1877.59595       3.63069558    
   1916.66663       3.50248218    
   1955.73743       3.37437677    
   1985.85205       3.27571893    
   2000.00000       3.22940326    
   2014.14807       3.18317533    
   2044.26257       3.08484888    
   2083.33325       2.95738053    
   2122.40405       2.83001018    
   2152.51880       2.73190999    
   2166.66675       2.68585277    
   2180.81470       2.63987279    
   2210.92920       2.54206586    
   2250.00000       2.41525888    
   2289.07080       2.28853631    
   2319.18530       2.19092464    
   2333.33325       2.14509201    
   2347.48145       2.09932446    
   2377.59595       2.00195909    
   2416.66675       1.87570918    
   2455.73755       1.74952781    
   2485.85205       1.65232074    
   2500.00000       1.60667253    
   2514.14795       1.56107497    
   2544.26270       1.46405923    
   2583.33325       1.33824563    
   2622.40405       1.21248245    
   2652.51880       1.11558342    
   2666.66675       1.07007396    
   2680.81470       1.02459896    
   2710.92920      0.927830875    
   2750.00000      0.802319229    
   2789.07080      0.676838458    
   2819.18530      0.580141842    
   2833.33350      0.534720778    
   2847.48145      0.489317268    
   2877.59595      0.392687112    
   2916.66675      0.267334074    
   2955.73755      0.141991436    
   2985.85205       4.53853570E-02
   3000.00000       1.28315645E-04
