   0.00000000       9.99995422    
   42.4440269       9.85368347    
   132.787796       9.54228020    
   250.000000       9.13840485    
   367.212189       8.73478317    
   457.555969       8.42396450    
   500.000000       8.27808666    
   542.444031       8.13262844    
   632.787781       7.82339191    
   750.000000       7.42279625    
   867.212219       7.02289152    
   957.555969       6.71525192    
   1000.00000       6.57099295    
   1042.44397       6.42745972    
   1132.78784       6.12256050    
   1250.00000       5.72789621    
   1367.21216       5.33417606    
   1457.55603       5.03145695    
   1500.00000       4.88956261    
   1514.14795       4.84245014    
   1544.26257       4.74224758    
   1583.33337       4.61235428    
   1622.40405       4.48257017    
   1652.51868       4.38262033    
   1666.66663       4.33569908    
   1680.81470       4.28886986    
   1710.92932       4.18926716    
   1750.00000       4.06014967    
   1789.07080       3.93113828    
   1819.18530       3.83178115    
   1833.33337       3.78513670    
   1847.48132       3.73857975    
   1877.59595       3.63955355    
   1916.66663       3.51117826    
   1955.73743       3.38290238    
   1985.85205       3.28410625    
   2000.00000       3.23772311    
   2014.14807       3.19142056    
   2044.26257       3.09292960    
   2083.33325       2.96523976    
   2122.40405       2.83764005    
   2152.51880       2.73935723    
   2166.66675       2.69321156    
   2180.81470       2.64713717    
   2210.92920       2.54912400    
   2250.00000       2.42204261    
   2289.07080       2.29503870    
   2319.18530       2.19720554    
   2333.33325       2.15126657    
   2347.48145       2.10538745    
   2377.59595       2.00778055    
   2416.66675       1.88121164    
   2455.73755       1.75470567    
   2485.85205       1.65724444    
   2500.00000       1.61147523    
   2514.14795       1.56575263    
   2544.26270       1.46846735    
   2583.33325       1.34229982    
   2622.40405       1.21617854    
   2652.51880       1.11900067    
   2666.66675       1.07335901    
   2680.81470       1.02774918    
   2710.92920      0.930691779    
   2750.00000      0.804801941    
   2789.07080      0.678940535    
   2819.18530      0.581948936    
   2833.33350      0.536388636    
   2847.48145      0.490844518    
   2877.59595      0.393914044    
   2916.66675      0.268170118    
   2955.73755      0.142435774    
   2985.85205       4.55274209E-02
   3000.00000       1.28717322E-04
