   0.00000000       9.99995422    
   42.4440269       9.85407066    
   132.787796       9.54348850    
   250.000000       9.14066792    
   367.212189       8.73807907    
   457.555969       8.42803478    
   500.000000       8.28250980    
   542.444031       8.13736916    
   632.787781       7.82878113    
   750.000000       7.42897654    
   867.212219       7.02980804    
   957.555969       6.72268820    
   1000.00000       6.57865191    
   1042.44397       6.43528318    
   1132.78784       6.13068438    
   1250.00000       5.73633671    
   1367.21216       5.34285784    
   1457.55603       5.04026461    
   1500.00000       4.89840317    
   1514.14795       4.85128736    
   1544.26257       4.75107002    
   1583.33337       4.62114954    
   1622.40405       4.49132919    
   1652.51868       4.39134502    
   1666.66663       4.34440470    
   1680.81470       4.29754877    
   1710.92932       4.19788361    
   1750.00000       4.06867647    
   1789.07080       3.93956733    
   1819.18530       3.84012794    
   1833.33337       3.79344249    
   1847.48132       3.74683714    
   1877.59595       3.64770246    
   1916.66663       3.51917815    
   1955.73743       3.39074540    
   1985.85205       3.29182243    
   2000.00000       3.24537706    
   2014.14807       3.19900584    
   2044.26257       3.10036349    
   2083.33325       2.97246981    
   2122.40405       2.84465885    
   2152.51880       2.74620819    
   2166.66675       2.69998121    
   2180.81470       2.65382004    
   2210.92920       2.55561733    
   2250.00000       2.42828345    
   2289.07080       2.30102086    
   2319.18530       2.20298338    
   2333.33325       2.15694666    
   2347.48145       2.11096525    
   2377.59595       2.01313591    
   2416.66675       1.88627362    
   2455.73755       1.75946903    
   2485.85205       1.66177392    
   2500.00000       1.61589348    
   2514.14795       1.57005572    
   2544.26270       1.47252262    
   2583.33325       1.34602940    
   2622.40405       1.21957874    
   2652.51880       1.12214446    
   2666.66675       1.07638121    
   2680.81470       1.03064716    
   2710.92920      0.933323681    
   2750.00000      0.807085991    
   2789.07080      0.680874407    
   2819.18530      0.583611310    
   2833.33350      0.537922978    
   2847.48145      0.492249519    
   2877.59595      0.395042717    
   2916.66675      0.268939227    
   2955.73755      0.142844543    
   2985.85205       4.56581153E-02
   3000.00000       1.29086839E-04
