   0.00000000       9.99995422    
   42.4440269       9.85347652    
   132.787796       9.54163742    
   250.000000       9.13720131    
   367.212189       8.73302841    
   457.555969       8.42179775    
   500.000000       8.27573299    
   542.444031       8.13010502    
   632.787781       7.82052422    
   750.000000       7.41950703    
   867.212219       7.01921034    
   957.555969       6.71129417    
   1000.00000       6.56691694    
   1042.44397       6.42329597    
   1132.78784       6.11823750    
   1250.00000       5.72340441    
   1367.21216       5.32955551    
   1457.55603       5.02676964    
   1500.00000       4.88485765    
   1514.14795       4.83774757    
   1544.26257       4.73755217    
   1583.33337       4.60767365    
   1622.40405       4.47790861    
   1652.51868       4.37797737    
   1666.66663       4.33106661    
   1680.81470       4.28425121    
   1710.92932       4.18468142    
   1750.00000       4.05561161    
   1789.07080       3.92665267    
   1819.18530       3.82733893    
   1833.33337       3.78071666    
   1847.48132       3.73418546    
   1877.59595       3.63521695    
   1916.66663       3.50692081    
   1955.73743       3.37872839    
   1985.85205       3.27999997    
   2000.00000       3.23364997    
   2014.14807       3.18738389    
   2044.26257       3.08897352    
   2083.33325       2.96139216    
   2122.40405       2.83390450    
   2152.51880       2.73571134    
   2166.66675       2.68960881    
   2180.81470       2.64358068    
   2210.92920       2.54566860    
   2250.00000       2.41872144    
   2289.07080       2.29185534    
   2319.18530       2.19413066    
   2333.33325       2.14824367    
   2347.48145       2.10241914    
   2377.59595       2.00493050    
   2416.66675       1.87851775    
   2455.73755       1.75217068    
   2485.85205       1.65483391    
   2500.00000       1.60912395    
   2514.14795       1.56346262    
   2544.26270       1.46630931    
   2583.33325       1.34031498    
   2622.40405       1.21436906    
   2652.51880       1.11732769    
   2666.66675       1.07175076    
   2680.81470       1.02620685    
   2710.92920      0.929291129    
   2750.00000      0.803586483    
   2789.07080      0.677911401    
   2819.18530      0.581064224    
   2833.33350      0.535572112    
   2847.48145      0.490096807    
   2877.59595      0.393313378    
   2916.66675      0.267760813    
   2955.73755      0.142218232    
   2985.85205       4.54578698E-02
   3000.00000       1.28520667E-04
