   0.00000000       9.99995422    
   42.4440269       9.85459328    
   132.787796       9.54512215    
   250.000000       9.14372635    
   367.212189       8.74253559    
   457.555969       8.43353844    
   500.000000       8.28848839    
   542.444031       8.14377880    
   632.787781       7.83606625    
   750.000000       7.43733215    
   867.212219       7.03915930    
   957.555969       6.73274231    
   1000.00000       6.58900642    
   1042.44397       6.44585991    
   1132.78784       6.14166737    
   1250.00000       5.74774790    
   1367.21216       5.35459471    
   1457.55603       5.05217218    
   1500.00000       4.91035557    
   1514.14795       4.86323452    
   1544.26257       4.76299810    
   1583.33337       4.63303995    
   1622.40405       4.50317097    
   1652.51868       4.40314007    
   1666.66663       4.35617352    
   1680.81470       4.30928183    
   1710.92932       4.20953274    
   1750.00000       4.08020449    
   1789.07080       3.95096278    
   1819.18530       3.85141253    
   1833.33337       3.80467105    
   1847.48132       3.75800061    
   1877.59595       3.65871906    
   1916.66663       3.52999353    
   1955.73743       3.40134859    
   1985.85205       3.30225396    
   2000.00000       3.25572443    
   2014.14807       3.20926046    
   2044.26257       3.11041355    
   2083.33325       2.98224425    
   2122.40405       2.85414815    
   2152.51880       2.75547004    
   2166.66675       2.70913339    
   2180.81470       2.66285467    
   2210.92920       2.56439567    
   2250.00000       2.43672037    
   2289.07080       2.30910802    
   2319.18530       2.21079469    
   2333.33325       2.16462588    
   2347.48145       2.11850572    
   2377.59595       2.02037621    
   2416.66675       1.89311695    
   2455.73755       1.76590872    
   2485.85205       1.66789758    
   2500.00000       1.62186658    
   2514.14795       1.57587326    
   2544.26270       1.47800505    
   2583.33325       1.35107148    
   2622.40405       1.22417557    
   2652.51880       1.12639451    
   2666.66675       1.08046687    
   2680.81470       1.03456521    
   2710.92920      0.936881840    
   2750.00000      0.810173810    
   2789.07080      0.683488786    
   2819.18530      0.585858822    
   2833.33350      0.539997339    
   2847.48145      0.494148970    
   2877.59595      0.396568656    
   2916.66675      0.269979030    
   2955.73755      0.143397167    
   2985.85205       4.58348058E-02
   3000.00000       1.29586406E-04
