   0.00000000       9.99995422    
   42.4440269       9.85475445    
   132.787796       9.54562283    
   250.000000       9.14466381    
   367.212189       8.74390125    
   457.555969       8.43522549    
   500.000000       8.29032135    
   542.444031       8.14574337    
   632.787781       7.83829880    
   750.000000       7.43989277    
   867.212219       7.04202509    
   957.555969       6.73582315    
   1000.00000       6.59217978    
   1042.44397       6.44910097    
   1132.78784       6.14503336    
   1250.00000       5.75124502    
   1367.21216       5.35819197    
   1457.55603       5.05582142    
   1500.00000       4.91401863    
   1514.14795       4.86689568    
   1544.26257       4.76665354    
   1583.33337       4.63668394    
   1622.40405       4.50680017    
   1652.51868       4.40675449    
   1666.66663       4.35978079    
   1680.81470       4.31287813    
   1710.92932       4.21310282    
   1750.00000       4.08373737    
   1789.07080       3.95445514    
   1819.18530       3.85487080    
   1833.33337       3.80811238    
   1847.48132       3.76142192    
   1877.59595       3.66209531    
   1916.66663       3.53330803    
   1955.73743       3.40459824    
   1985.85205       3.30545092    
   2000.00000       3.25889564    
   2014.14807       3.21240330    
   2044.26257       3.11349344    
   2083.33325       2.98523998    
   2122.40405       2.85705638    
   2152.51880       2.75830865    
   2166.66675       2.71193838    
   2180.81470       2.66562366    
   2210.92920       2.56708598    
   2250.00000       2.43930602    
   2289.07080       2.31158638    
   2319.18530       2.21318865    
   2333.33325       2.16697931    
   2347.48145       2.12081671    
   2377.59595       2.02259517    
   2416.66675       1.89521432    
   2455.73755       1.76788235    
   2485.85205       1.66977429    
   2500.00000       1.62369716    
   2514.14795       1.57765615    
   2544.26270       1.47968519    
   2583.33325       1.35261679    
   2622.40405       1.22558439    
   2652.51880       1.12769699    
   2666.66675       1.08171904    
   2680.81470       1.03576589    
   2710.92920      0.937972307    
   2750.00000      0.811120093    
   2789.07080      0.684289992    
   2819.18530      0.586547613    
   2833.33350      0.540633082    
   2847.48145      0.494731128    
   2877.59595      0.397036314    
   2916.66675      0.270297706    
   2955.73755      0.143566519    
   2985.85205       4.58889566E-02
   3000.00000       1.29739521E-04
