   0.00000000       9.99995422    
   42.4440269       9.85490799    
   132.787796       9.54610252    
   250.000000       9.14556313    
   367.212189       8.74521160    
   457.555969       8.43684292    
   500.000000       8.29207897    
   542.444031       8.14762783    
   632.787781       7.84044075    
   750.000000       7.44234896    
   867.212219       7.04477358    
   957.555969       6.73877859    
   1000.00000       6.59522343    
   1042.44397       6.45220995    
   1132.78784       6.14826155    
   1250.00000       5.75459957    
   1367.21216       5.36164188    
   1457.55603       5.05932140    
   1500.00000       4.91753197    
   1514.14795       4.87040758    
   1544.26257       4.77015972    
   1583.33337       4.64017916    
   1622.40405       4.51028109    
   1652.51868       4.41022158    
   1666.66663       4.36324024    
   1680.81470       4.31632710    
   1710.92932       4.21652699    
   1750.00000       4.08712626    
   1789.07080       3.95780468    
   1819.18530       3.85818791    
   1833.33337       3.81141305    
   1847.48132       3.76470327    
   1877.59595       3.66533375    
   1916.66663       3.53648710    
   1955.73743       3.40771484    
   1985.85205       3.30851722    
   2000.00000       3.26193738    
   2014.14807       3.21541762    
   2044.26257       3.11644769    
   2083.33325       2.98811316    
   2122.40405       2.85984564    
   2152.51880       2.76103115    
   2166.66675       2.71462870    
   2180.81470       2.66827941    
   2210.92920       2.56966639    
   2250.00000       2.44178605    
   2289.07080       2.31396365    
   2319.18530       2.21548486    
   2333.33325       2.16923666    
   2347.48145       2.12303329    
   2377.59595       2.02472353    
   2416.66675       1.89722586    
   2455.73755       1.76977527    
   2485.85205       1.67157435    
   2500.00000       1.62545300    
   2514.14795       1.57936621    
   2544.26270       1.48129678    
   2583.33325       1.35409892    
   2622.40405       1.22693563    
   2652.51880       1.12894630    
   2666.66675       1.08292007    
   2680.81470       1.03691757    
   2710.92920      0.939018250    
   2750.00000      0.812027752    
   2789.07080      0.685058534    
   2819.18530      0.587208271    
   2833.33350      0.541242838    
   2847.48145      0.495289475    
   2877.59595      0.397484839    
   2916.66675      0.270603329    
   2955.73755      0.143728971    
   2985.85205       4.59408946E-02
   3000.00000       1.29886364E-04
