   0.00000000       9.99995422    
   42.4440269       9.85425186    
   132.787796       9.54405594    
   250.000000       9.14173031    
   367.212189       8.73962688    
   457.555969       8.42994690    
   500.000000       8.28458595    
   542.444031       8.13959599    
   632.787781       7.83131123    
   750.000000       7.43187857    
   867.212219       7.03305626    
   957.555969       6.72618055    
   1000.00000       6.58224869    
   1042.44397       6.43895674    
   1132.78784       6.13449907    
   1250.00000       5.74030018    
   1367.21216       5.34693432    
   1457.55603       5.04440069    
   1500.00000       4.90255499    
   1514.14795       4.85543680    
   1544.26257       4.75521326    
   1583.33337       4.62527943    
   1622.40405       4.49544239    
   1652.51868       4.39544153    
   1666.66663       4.34849262    
   1680.81470       4.30162430    
   1710.92932       4.20192957    
   1750.00000       4.07268047    
   1789.07080       3.94352531    
   1819.18530       3.84404755    
   1833.33337       3.79734254    
   1847.48132       3.75071454    
   1877.59595       3.65152884    
   1916.66663       3.52293468    
   1955.73743       3.39442825    
   1985.85205       3.29544568    
   2000.00000       3.24897099    
   2014.14807       3.20256758    
   2044.26257       3.10385418    
   2083.33325       2.97586489    
   2122.40405       2.84795475    
   2152.51880       2.74942517    
   2166.66675       2.70316005    
   2180.81470       2.65695810    
   2210.92920       2.55866623    
   2250.00000       2.43121386    
   2289.07080       2.30382967    
   2319.18530       2.20569658    
   2333.33325       2.15961409    
   2347.48145       2.11358428    
   2377.59595       2.01565075    
   2416.66675       1.88865054    
   2455.73755       1.76170576    
   2485.85205       1.66390085    
   2500.00000       1.61796808    
   2514.14795       1.57207632    
   2544.26270       1.47442687    
   2583.33325       1.34778059    
   2622.40405       1.22117531    
   2652.51880       1.12362063    
   2666.66675       1.07780027    
   2680.81470       1.03200805    
   2710.92920      0.934559524    
   2750.00000      0.808158457    
   2789.07080      0.681782424    
   2819.18530      0.584391952    
   2833.33350      0.538643479    
   2847.48145      0.492909253    
   2877.59595      0.395572722    
   2916.66675      0.269300401    
   2955.73755      0.143036485    
   2985.85205       4.57194857E-02
   3000.00000       1.29260356E-04
