   0.00000000       9.99995422    
   42.4440269       9.85442638    
   132.787796       9.54460049    
   250.000000       9.14274883    
   367.212189       8.74111176    
   457.555969       8.43177986    
   500.000000       8.28657818    
   542.444031       8.14173126    
   632.787781       7.83373833    
   750.000000       7.43466234    
   867.212219       7.03617144    
   957.555969       6.72952986    
   1000.00000       6.58569813    
   1042.44397       6.44248009    
   1132.78784       6.13815784    
   1250.00000       5.74410200    
   1367.21216       5.35084438    
   1457.55603       5.04836750    
   1500.00000       4.90653658    
   1514.14795       4.85941696    
   1544.26257       4.75918674    
   1583.33337       4.62924051    
   1622.40405       4.49938726    
   1652.51868       4.39937115    
   1666.66663       4.35241318    
   1680.81470       4.30553293    
   1710.92932       4.20581055    
   1750.00000       4.07652092    
   1789.07080       3.94732141    
   1819.18530       3.84780669    
   1833.33337       3.80108309    
   1847.48132       3.75443363    
   1877.59595       3.65519905    
   1916.66663       3.52653766    
   1955.73743       3.39796042    
   1985.85205       3.29892087    
   2000.00000       3.25241828    
   2014.14807       3.20598388    
   2044.26257       3.10720229    
   2083.33325       2.97912121    
   2122.40405       2.85111618    
   2152.51880       2.75251055    
   2166.66675       2.70620918    
   2180.81470       2.65996790    
   2210.92920       2.56159067    
   2250.00000       2.43402457    
   2289.07080       2.30652380    
   2319.18530       2.20829892    
   2333.33325       2.16217232    
   2347.48145       2.11609626    
   2377.59595       2.01806283    
   2416.66675       1.89093029    
   2455.73755       1.76385105    
   2485.85205       1.66594088    
   2500.00000       1.61995792    
   2514.14795       1.57401443    
   2544.26270       1.47625327    
   2583.33325       1.34946036    
   2622.40405       1.22270679    
   2652.51880       1.12503648    
   2666.66675       1.07916141    
   2680.81470       1.03331327    
   2710.92920      0.935744882    
   2750.00000      0.809187114    
   2789.07080      0.682653427    
   2819.18530      0.585140705    
   2833.33350      0.539334536    
   2847.48145      0.493542045    
   2877.59595      0.396081090    
   2916.66675      0.269646794    
   2955.73755      0.143220589    
   2985.85205       4.57783490E-02
   3000.00000       1.29426786E-04
