   0.00000000       9.99995422    
   42.4440269       9.85519695    
   132.787796       9.54700470    
   250.000000       9.14725208    
   367.212189       8.74767303    
   457.555969       8.43988228    
   500.000000       8.29538155    
   542.444031       8.15116787    
   632.787781       7.84446478    
   750.000000       7.44696426    
   867.212219       7.04993868    
   957.555969       6.74433184    
   1000.00000       6.60094261    
   1042.44397       6.45805216    
   1132.78784       6.15432787    
   1250.00000       5.76090240    
   1367.21216       5.36812496    
   1457.55603       5.06589890    
   1500.00000       4.92413378    
   1514.14795       4.87700653    
   1544.26257       4.77674770    
   1583.33337       4.64674711    
   1622.40405       4.51682186    
   1652.51868       4.41673660    
   1666.66663       4.36974096    
   1680.81470       4.32280779    
   1710.92932       4.22296095    
   1750.00000       4.09349346    
   1789.07080       3.96409893    
   1819.18530       3.86442089    
   1833.33337       3.81761527    
   1847.48132       3.77086949    
   1877.59595       3.67141891    
   1916.66663       3.54246116    
   1955.73743       3.41357160    
   1985.85205       3.31427932    
   2000.00000       3.26765275    
   2014.14807       3.22108173    
   2044.26257       3.12199879    
   2083.33325       2.99351215    
   2122.40405       2.86508703    
   2152.51880       2.76614714    
   2166.66675       2.71968389    
   2180.81470       2.67326975    
   2210.92920       2.57451510    
   2250.00000       2.44644618    
   2289.07080       2.31843066    
   2319.18530       2.21979952    
   2333.33325       2.17347836    
   2347.48145       2.12719822    
   2377.59595       2.02872276    
   2416.66675       1.90100586    
   2455.73755       1.77333236    
   2485.85205       1.67495680    
   2500.00000       1.62875223    
   2514.14795       1.58257961    
   2544.26270       1.48432505    
   2583.33325       1.35688388    
   2622.40405       1.22947466    
   2652.51880       1.13129377    
   2666.66675       1.08517683    
   2680.81470       1.03908169    
   2710.92920      0.940983593    
   2750.00000      0.813733339    
   2789.07080      0.686502576    
   2819.18530      0.588449657    
   2833.33350      0.542388618    
   2847.48145      0.496338636    
   2877.59595      0.398327708    
   2916.66675      0.271177679    
   2955.73755      0.144034207    
   2985.85205       4.60384898E-02
   3000.00000       1.30162298E-04
