   0.00000000       9.99995422    
   42.4440269       9.85533333    
   132.787796       9.54742908    
   250.000000       9.14804554    
   367.212189       8.74882889    
   457.555969       8.44130993    
   500.000000       8.29693222    
   542.444031       8.15283012    
   632.787781       7.84635401    
   750.000000       7.44913149    
   867.212219       7.05236387    
   957.555969       6.74693918    
   1000.00000       6.60362816    
   1042.44397       6.46079540    
   1132.78784       6.15717649    
   1250.00000       5.76386213    
   1367.21216       5.37116957    
   1457.55603       5.06898689    
   1500.00000       4.92723370    
   1514.14795       4.88010550    
   1544.26257       4.77984142    
   1583.33337       4.64983130    
   1622.40405       4.51989317    
   1652.51868       4.41979599    
   1666.66663       4.37279320    
   1680.81470       4.32585096    
   1710.92932       4.22598267    
   1750.00000       4.09648371    
   1789.07080       3.96705461    
   1819.18530       3.86734772    
   1833.33337       3.82052755    
   1847.48132       3.77376485    
   1877.59595       3.67427611    
   1916.66663       3.54526615    
   1955.73743       3.41632175    
   1985.85205       3.31698489    
   2000.00000       3.27033663    
   2014.14807       3.22374153    
   2044.26257       3.12460566    
   2083.33325       2.99604726    
   2122.40405       2.86754823    
   2152.51880       2.76854944    
   2166.66675       2.72205782    
   2180.81470       2.67561316    
   2210.92920       2.57679200    
   2250.00000       2.44863462    
   2289.07080       2.32052827    
   2319.18530       2.22182560    
   2333.33325       2.17547011    
   2347.48145       2.12915421    
   2377.59595       2.03060055    
   2416.66675       1.90278089    
   2455.73755       1.77500260    
   2485.85205       1.67654502    
   2500.00000       1.63030148    
   2514.14795       1.58408856    
   2544.26270       1.48574698    
   2583.33325       1.35819173    
   2622.40405       1.23066700    
   2652.51880       1.13239610    
   2666.66675       1.08623660    
   2680.81470       1.04009795    
   2710.92920      0.941906512    
   2750.00000      0.814534247    
   2789.07080      0.687180698    
   2819.18530      0.589032590    
   2833.33350      0.542926610    
   2847.48145      0.496831298    
   2877.59595      0.398723483    
   2916.66675      0.271447361    
   2955.73755      0.144177541    
   2985.85205       4.60843146E-02
   3000.00000       1.30291883E-04
