   0.00000000       9.99995422    
   42.4440269       9.85505581    
   132.787796       9.54656315    
   250.000000       9.14642525    
   367.212189       8.74646759    
   457.555969       8.43839455    
   500.000000       8.29376411    
   542.444031       8.14943504    
   632.787781       7.84249449    
   750.000000       7.44470453    
   867.212219       7.04741001    
   957.555969       6.74161291    
   1000.00000       6.59814262    
   1042.44397       6.45519209    
   1132.78784       6.15135813    
   1250.00000       5.75781679    
   1367.21216       5.36495113    
   1457.55603       5.06267881    
   1500.00000       4.92090178    
   1514.14795       4.87377596    
   1544.26257       4.77352238    
   1583.33337       4.64353180    
   1622.40405       4.51361942    
   1652.51868       4.41354704    
   1666.66663       4.36655807    
   1680.81470       4.31963491    
   1710.92932       4.21981096    
   1750.00000       4.09037638    
   1789.07080       3.96101737    
   1819.18530       3.86136937    
   1833.33337       3.81457877    
   1847.48132       3.76785064    
   1877.59595       3.66843963    
   1916.66663       3.53953648    
   1955.73743       3.41070437    
   1985.85205       3.31145835    
   2000.00000       3.26485467    
   2014.14807       3.21830869    
   2044.26257       3.11928129    
   2083.33325       2.99086881    
   2122.40405       2.86252093    
   2152.51880       2.76364255    
   2166.66675       2.71720910    
   2180.81470       2.67082667    
   2210.92920       2.57214141    
   2250.00000       2.44416475    
   2289.07080       2.31624389    
   2319.18530       2.21768713    
   2333.33325       2.17140174    
   2347.48145       2.12515926    
   2377.59595       2.02676487    
   2416.66675       1.89915526    
   2455.73755       1.77159095    
   2485.85205       1.67330086    
   2500.00000       1.62713695    
   2514.14795       1.58100641    
   2544.26270       1.48284245    
   2583.33325       1.35552049    
   2622.40405       1.22823155    
   2652.51880       1.13014448    
   2666.66675       1.08407199    
   2680.81470       1.03802228    
   2710.92920      0.940021396    
   2750.00000      0.812898338    
   2789.07080      0.685795605    
   2819.18530      0.587841928    
   2833.33350      0.541827679    
   2847.48145      0.495824993    
   2877.59595      0.397915065    
   2916.66675      0.270896494    
   2955.73755      0.143884778    
   2985.85205       4.59907092E-02
   3000.00000       1.30027212E-04
