   0.00000000       9.99995422    
   42.4440269       9.85558796    
   132.787796       9.54822540    
   250.000000       9.14953613    
   367.212189       8.75100040    
   457.555969       8.44399166    
   500.000000       8.29984570    
   542.444031       8.15595436    
   632.787781       7.84990501    
   750.000000       7.45320368    
   867.212219       7.05692148    
   957.555969       6.75183916    
   1000.00000       6.60867500    
   1042.44397       6.46595001    
   1132.78784       6.16252947    
   1250.00000       5.76942348    
   1367.21216       5.37688971    
   1457.55603       5.07479048    
   1500.00000       4.93305922    
   1514.14795       4.88592815    
   1544.26257       4.78565454    
   1583.33337       4.65562630    
   1622.40405       4.52566433    
   1652.51868       4.42554426    
   1666.66663       4.37852907    
   1680.81470       4.33156967    
   1710.92932       4.23165989    
   1750.00000       4.10210180    
   1789.07080       3.97260833    
   1819.18530       3.87284756    
   1833.33337       3.82600021    
   1847.48132       3.77920556    
   1877.59595       3.67964554    
   1916.66663       3.55053735    
   1955.73743       3.42148948    
   1985.85205       3.32206893    
   2000.00000       3.27537966    
   2014.14807       3.22873950    
   2044.26257       3.12950373    
   2083.33325       3.00081110    
   2122.40405       2.87217307    
   2152.51880       2.77306342    
   2166.66675       2.72651839    
   2180.81470       2.68001628    
   2210.92920       2.58107042    
   2250.00000       2.45274663    
   2289.07080       2.32446980    
   2319.18530       2.22563267    
   2333.33325       2.17921281    
   2347.48145       2.13282919    
   2377.59595       2.03412938    
   2416.66675       1.90611613    
   2455.73755       1.77814114    
   2485.85205       1.67952955    
   2500.00000       1.63321257    
   2514.14795       1.58692384    
   2544.26270       1.48841894    
   2583.33325       1.36064911    
   2622.40405       1.23290730    
   2652.51880       1.13446748    
   2666.66675       1.08822787    
   2680.81470       1.04200745    
   2710.92920      0.943640649    
   2750.00000      0.816039145    
   2789.07080      0.688454866    
   2819.18530      0.590127945    
   2833.33350      0.543937624    
   2847.48145      0.497757047    
   2877.59595      0.399467200    
   2916.66675      0.271954149    
   2955.73755      0.144446880    
   2985.85205       4.61704321E-02
   3000.00000       1.30535351E-04
