   0.00000000       9.99995422    
   42.4440269       9.85546303    
   132.787796       9.54783535    
   250.000000       9.14880657    
   367.212189       8.74993706    
   457.555969       8.44267845    
   500.000000       8.29841995    
   542.444031       8.15442467    
   632.787781       7.84816647    
   750.000000       7.45121002    
   867.212219       7.05468988    
   957.555969       6.74944019    
   1000.00000       6.60620403    
   1042.44397       6.46342659    
   1132.78784       6.15990877    
   1250.00000       5.76670074    
   1367.21216       5.37408924    
   1457.55603       5.07194901    
   1500.00000       4.93020725    
   1514.14795       4.88307762    
   1544.26257       4.78280878    
   1583.33337       4.65278912    
   1622.40405       4.52283907    
   1652.51868       4.42272997    
   1666.66663       4.37572098    
   1680.81470       4.32877016    
   1710.92932       4.22888041    
   1750.00000       4.09935141    
   1789.07080       3.96988940    
   1819.18530       3.87015510    
   1833.33337       3.82332087    
   1847.48132       3.77654195    
   1877.59595       3.67701674    
   1916.66663       3.54795671    
   1955.73743       3.41895962    
   1985.85205       3.31957984    
   2000.00000       3.27291083    
   2014.14807       3.22629261    
   2044.26257       3.12710571    
   2083.33325       2.99847889    
   2122.40405       2.86990881    
   2152.51880       2.77085352    
   2166.66675       2.72433448    
   2180.81470       2.67786074    
   2210.92920       2.57897568    
   2250.00000       2.45073342    
   2289.07080       2.32254004    
   2319.18530       2.22376871    
   2333.33325       2.17738056    
   2347.48145       2.13103008    
   2377.59595       2.03240180    
   2416.66675       1.90448332    
   2455.73755       1.77660465    
   2485.85205       1.67806840    
   2500.00000       1.63178742    
   2514.14795       1.58553576    
   2544.26270       1.48711085    
   2583.33325       1.35944605    
   2622.40405       1.23181045    
   2652.51880       1.13345349    
   2666.66675       1.08725297    
   2680.81470       1.04107261    
   2710.92920      0.942791641    
   2750.00000      0.815302372    
   2789.07080      0.687831104    
   2819.18530      0.589591682    
   2833.33350      0.543442667    
   2847.48145      0.497303843    
   2877.59595      0.399103105    
   2916.66675      0.271706045    
   2955.73755      0.144315019    
   2985.85205       4.61282730E-02
   3000.00000       1.30416156E-04
