   0.00000000       9.99995422    
   42.4440269       9.85570812    
   132.787796       9.54859924    
   250.000000       9.15023613    
   367.212189       8.75202084    
   457.555969       8.44525146    
   500.000000       8.30121422    
   542.444031       8.15742111    
   632.787781       7.85157204    
   750.000000       7.45511580    
   867.212219       7.05906105    
   957.555969       6.75413990    
   1000.00000       6.61104441    
   1042.44397       6.46837044    
   1132.78784       6.16504288    
   1250.00000       5.77203512    
   1367.21216       5.37957573    
   1457.55603       5.07751560    
   1500.00000       4.93579435    
   1514.14795       4.88866234    
   1544.26257       4.78838444    
   1583.33337       4.65834761    
   1622.40405       4.52837420    
   1652.51868       4.42824364    
   1666.66663       4.38122272    
   1680.81470       4.33425474    
   1710.92932       4.23432589    
   1750.00000       4.10474014    
   1789.07080       3.97521639    
   1819.18530       3.87543011    
   1833.33337       3.82856989    
   1847.48132       3.78176045    
   1877.59595       3.68216658    
   1916.66663       3.55301237    
   1955.73743       3.42391610    
   1985.85205       3.32445621    
   2000.00000       3.27774787    
   2014.14807       3.23108625    
   2044.26257       3.13180375    
   2083.33325       3.00304818    
   2122.40405       2.87434483    
   2152.51880       2.77518320    
   2166.66675       2.72861290    
   2180.81470       2.68208408    
   2210.92920       2.58307934    
   2250.00000       2.45467734    
   2289.07080       2.32632065    
   2319.18530       2.22742033    
   2333.33325       2.18097019    
   2347.48145       2.13455486    
   2377.59595       2.03578615    
   2416.66675       1.90768230    
   2455.73755       1.77961493    
   2485.85205       1.68093097    
   2500.00000       1.63457966    
   2514.14795       1.58825529    
   2544.26270       1.48967361    
   2583.33325       1.36180305    
   2622.40405       1.23395932    
   2652.51880       1.13544023    
   2666.66675       1.08916295    
   2680.81470       1.04290414    
   2710.92920      0.944454968    
   2750.00000      0.816745818    
   2789.07080      0.689053237    
   2819.18530      0.590642273    
   2833.33350      0.544412315    
   2847.48145      0.498191774    
   2877.59595      0.399816394    
   2916.66675      0.272192091    
   2955.73755      0.144573346    
   2985.85205       4.62108664E-02
   3000.00000       1.30649685E-04
