   0.00000000       9.99995518    
   42.4440269       9.85614014    
   132.787796       9.54994774    
   250.000000       9.15276146    
   367.212189       8.75570011    
   457.555969       8.44979477    
   500.000000       8.30615139    
   542.444031       8.16271305    
   632.787781       7.85758686    
   750.000000       7.46201420    
   867.212219       7.06678152    
   957.555969       6.76244068    
   1000.00000       6.61959362    
   1042.44397       6.47710323    
   1132.78784       6.17411089    
   1250.00000       5.78145647    
   1367.21216       5.38926649    
   1457.55603       5.08734655    
   1500.00000       4.94566250    
   1514.14795       4.89852619    
   1544.26257       4.79823256    
   1583.33337       4.66816521    
   1622.40405       4.53815126    
   1652.51868       4.43798208    
   1666.66663       4.39093971    
   1680.81470       4.34394217    
   1710.92932       4.24394369    
   1750.00000       4.11425829    
   1789.07080       3.98462486    
   1819.18530       3.88474703    
   1833.33337       3.83784080    
   1847.48132       3.79097748    
   1877.59595       3.69126248    
   1916.66663       3.56194210    
   1955.73743       3.43267059    
   1985.85205       3.33306909    
   2000.00000       3.28629112    
   2014.14807       3.23955297    
   2044.26257       3.14010143    
   2083.33325       3.01111841    
   2122.40405       2.88217950    
   2152.51880       2.78283048    
   2166.66675       2.73616934    
   2180.81470       2.68954349    
   2210.92920       2.59032726    
   2250.00000       2.46164346    
   2289.07080       2.33299780    
   2319.18530       2.23386979    
   2333.33325       2.18731046    
   2347.48145       2.14078069    
   2377.59595       2.04176426    
   2416.66675       1.91333258    
   2455.73755       1.78493190    
   2485.85205       1.68598700    
   2500.00000       1.63951135    
   2514.14795       1.59305847    
   2544.26270       1.49420023    
   2583.33325       1.36596608    
   2622.40405       1.23775470    
   2652.51880       1.13894928    
   2666.66675       1.09253633    
   2680.81470       1.04613900    
   2710.92920      0.947392762    
   2750.00000      0.819295287    
   2789.07080      0.691211820    
   2819.18530      0.592497945    
   2833.33350      0.546125054    
   2847.48145      0.499760062    
   2877.59595      0.401076287    
   2916.66675      0.273050606    
   2955.73755      0.145029634    
   2985.85205       4.63567525E-02
   3000.00000       1.31062159E-04
