   0.00000000       9.99995518    
   42.4440269       9.85603905    
   132.787796       9.54963112    
   250.000000       9.15216923    
   367.212189       8.75483704    
   457.555969       8.44872952    
   500.000000       8.30499268    
   542.444031       8.16147232    
   632.787781       7.85617590    
   750.000000       7.46039629    
   867.212219       7.06497049    
   957.555969       6.76049376    
   1000.00000       6.61758804    
   1042.44397       6.47505474    
   1132.78784       6.17198372    
   1250.00000       5.77924633    
   1367.21216       5.38699341    
   1457.55603       5.08504057    
   1500.00000       4.94334793    
   1514.14795       4.89621210    
   1544.26257       4.79592228    
   1583.33337       4.66586208    
   1622.40405       4.53585815    
   1652.51868       4.43569756    
   1666.66663       4.38866043    
   1680.81470       4.34167004    
   1710.92932       4.24168777    
   1750.00000       4.11202574    
   1789.07080       3.98241782    
   1819.18530       3.88256145    
   1833.33337       3.83566594    
   1847.48132       3.78881526    
   1877.59595       3.68912888    
   1916.66663       3.55984735    
   1955.73743       3.43061709    
   1985.85205       3.33104873    
   2000.00000       3.28428721    
   2014.14807       3.23756695    
   2044.26257       3.13815498    
   2083.33325       3.00922537    
   2122.40405       2.88034153    
   2152.51880       2.78103662    
   2166.66675       2.73439693    
   2180.81470       2.68779373    
   2210.92920       2.58862710    
   2250.00000       2.46000934    
   2289.07080       2.33143139    
   2319.18530       2.23235679    
   2333.33325       2.18582320    
   2347.48145       2.13932037    
   2377.59595       2.04036188    
   2416.66675       1.91200709    
   2455.73755       1.78368473    
   2485.85205       1.68480098    
   2500.00000       1.63835442    
   2514.14795       1.59193182    
   2544.26270       1.49313843    
   2583.33325       1.36498952    
   2622.40405       1.23686445    
   2652.51880       1.13812613    
   2666.66675       1.09174490    
   2680.81470       1.04538012    
   2710.92920      0.946703613    
   2750.00000      0.818697214    
   2789.07080      0.690705419    
   2819.18530      0.592062652    
   2833.33350      0.545723259    
   2847.48145      0.499392182    
   2877.59595      0.400780737    
   2916.66675      0.272849232    
   2955.73755      0.144922599    
   2985.85205       4.63225283E-02
   3000.00000       1.30965404E-04
