   0.00000000       9.99995518    
   42.4440269       9.85582256    
   132.787796       9.54895782    
   250.000000       9.15090752    
   367.212189       8.75299835    
   457.555969       8.44645882    
   500.000000       8.30252647    
   542.444031       8.15882778    
   632.787781       7.85317135    
   750.000000       7.45694971    
   867.212219       7.06111383    
   957.555969       6.75634670    
   1000.00000       6.61331749    
   1042.44397       6.47069216    
   1132.78784       6.16745377    
   1250.00000       5.77453947    
   1367.21216       5.38215208    
   1457.55603       5.08012915    
   1500.00000       4.93841791    
   1514.14795       4.89128447    
   1544.26257       4.79100227    
   1583.33337       4.66095781    
   1622.40405       4.53097391    
   1652.51868       4.43083286    
   1666.66663       4.38380575    
   1680.81470       4.33683014    
   1710.92932       4.23688269    
   1750.00000       4.10727072    
   1789.07080       3.97771764    
   1819.18530       3.87790704    
   1833.33337       3.83103466    
   1847.48132       3.78421092    
   1877.59595       3.68458486    
   1916.66663       3.55538654    
   1955.73743       3.42624354    
   1985.85205       3.32674599    
   2000.00000       3.28001904    
   2014.14807       3.23333716    
   2044.26257       3.13400960    
   2083.33325       3.00519371    
   2122.40405       2.87642765    
   2152.51880       2.77721620    
   2166.66675       2.73062181    
   2180.81470       2.68406725    
   2210.92920       2.58500624    
   2250.00000       2.45652938    
   2289.07080       2.32809567    
   2319.18530       2.22913504    
   2333.33325       2.18265581    
   2347.48145       2.13621020    
   2377.59595       2.03737545    
   2416.66675       1.90918446    
   2455.73755       1.78102851    
   2485.85205       1.68227518    
   2500.00000       1.63589072    
   2514.14795       1.58953226    
   2544.26270       1.49087703    
   2583.33325       1.36290979    
   2622.40405       1.23496830    
   2652.51880       1.13637304    
   2666.66675       1.09005976    
   2680.81470       1.04376411    
   2710.92920      0.945235968    
   2750.00000      0.817423642    
   2789.07080      0.689627111    
   2819.18530      0.591135621    
   2833.33350      0.544867635    
   2847.48145      0.498608708    
   2877.59595      0.400151342    
   2916.66675      0.272420347    
   2955.73755      0.144694656    
   2985.85205       4.62496504E-02
   3000.00000       1.30759334E-04
