   0.00000000       9.99995518    
   42.4440269       9.85593319    
   132.787796       9.54930115    
   250.000000       9.15155125    
   367.212189       8.75393677    
   457.555969       8.44761753    
   500.000000       8.30378532    
   542.444031       8.16017723    
   632.787781       7.85470486    
   750.000000       7.45870876    
   867.212219       7.06308222    
   957.555969       6.75846338    
   1000.00000       6.61549711    
   1042.44397       6.47291899    
   1132.78784       6.16976595    
   1250.00000       5.77694225    
   1367.21216       5.38462305    
   1457.55603       5.08263588    
   1500.00000       4.94093418    
   1514.14795       4.89379978    
   1544.26257       4.79351377    
   1583.33337       4.66346121    
   1622.40405       4.53346682    
   1652.51868       4.43331623    
   1666.66663       4.38628387    
   1680.81470       4.33930063    
   1710.92932       4.23933554    
   1750.00000       4.10969782    
   1789.07080       3.98011661    
   1819.18530       3.88028288    
   1833.33337       3.83339858    
   1847.48132       3.78656101    
   1877.59595       3.68690419    
   1916.66663       3.55766344    
   1955.73743       3.42847586    
   1985.85205       3.32894206    
   2000.00000       3.28219771    
   2014.14807       3.23549604    
   2044.26257       3.13612556    
   2083.33325       3.00725150    
   2122.40405       2.87842536    
   2152.51880       2.77916622    
   2166.66675       2.73254871    
   2180.81470       2.68596935    
   2210.92920       2.58685446    
   2250.00000       2.45830560    
   2289.07080       2.32979846    
   2319.18530       2.23077941    
   2333.33325       2.18427253    
   2347.48145       2.13779759    
   2377.59595       2.03889990    
   2416.66675       1.91062522    
   2455.73755       1.78238428    
   2485.85205       1.68356442    
   2500.00000       1.63714826    
   2514.14795       1.59075701    
   2544.26270       1.49203134    
   2583.33325       1.36397135    
   2622.40405       1.23593616    
   2652.51880       1.13726783    
   2666.66675       1.09091997    
   2680.81470       1.04458892    
   2710.92920      0.945985079    
   2750.00000      0.818073690    
   2789.07080      0.690177500    
   2819.18530      0.591608822    
   2833.33350      0.545304358    
   2847.48145      0.499008596    
   2877.59595      0.400472611    
   2916.66675      0.272639245    
   2955.73755      0.144811004    
   2985.85205       4.62868512E-02
   3000.00000       1.30864515E-04
