   0.00000000       9.99995518    
   42.4440269       9.85642052    
   132.787796       9.55082130    
   250.000000       9.15439701    
   367.212189       8.75808334    
   457.555969       8.45273781    
   500.000000       8.30934906    
   542.444031       8.16614151    
   632.787781       7.86148357    
   750.000000       7.46648312    
   867.212219       7.07178307    
   957.555969       6.76781797    
   1000.00000       6.62513161    
   1042.44397       6.48275995    
   1132.78784       6.17998457    
   1250.00000       5.78755951    
   1367.21216       5.39554405    
   1457.55603       5.09371519    
   1500.00000       4.95205498    
   1514.14795       4.90491581    
   1544.26257       4.80461168    
   1583.33337       4.67452431    
   1622.40405       4.54448509    
   1652.51868       4.44429064    
   1666.66663       4.39723444    
   1680.81470       4.35021782    
   1710.92932       4.25017405    
   1750.00000       4.12042379    
   1789.07080       3.99071956    
   1819.18530       3.89078236    
   1833.33337       3.84384632    
   1847.48132       3.79694819    
   1877.59595       3.69715476    
   1916.66663       3.56772661    
   1955.73743       3.43834162    
   1985.85205       3.33864832    
   2000.00000       3.29182553    
   2014.14807       3.24503756    
   2044.26257       3.14547658    
   2083.33325       3.01634622    
   2122.40405       2.88725471    
   2152.51880       2.78778410    
   2166.66675       2.74106431    
   2180.81470       2.69437575    
   2210.92920       2.59502220    
   2250.00000       2.46615577    
   2289.07080       2.33732319    
   2319.18530       2.23804760    
   2333.33325       2.19141769    
   2347.48145       2.14481378    
   2377.59595       2.04563665    
   2416.66675       1.91699266    
   2455.73755       1.78837621    
   2485.85205       1.68926215    
   2500.00000       1.64270604    
   2514.14795       1.59616995    
   2544.26270       1.49713242    
   2583.33325       1.36866283    
   2622.40405       1.24021327    
   2652.51880       1.14122236    
   2666.66675       1.09472156    
   2680.81470       1.04823446    
   2710.92920      0.949295819    
   2750.00000      0.820946813    
   2789.07080      0.692610085    
   2819.18530      0.593699992    
   2833.33350      0.547234476    
   2847.48145      0.500775993    
   2877.59595      0.401892424    
   2916.66675      0.273606718    
   2955.73755      0.145325199    
   2985.85205       4.64512520E-02
   3000.00000       1.31329347E-04
