   0.00000000       9.99995518    
   42.4440269       9.85650539    
   132.787796       9.55108929    
   250.000000       9.15489864    
   367.212189       8.75881386    
   457.555969       8.45363998    
   500.000000       8.31032944    
   542.444031       8.16719246    
   632.787781       7.86267757    
   750.000000       7.46785259    
   867.212219       7.07331562    
   957.555969       6.76946592    
   1000.00000       6.62682867    
   1042.44397       6.48449373    
   1132.78784       6.18178463    
   1250.00000       5.78942966    
   1367.21216       5.39746761    
   1457.55603       5.09566689    
   1500.00000       4.95401430    
   1514.14795       4.90687418    
   1544.26257       4.80656672    
   1583.33337       4.67647362    
   1622.40405       4.54642582    
   1652.51868       4.44622374    
   1666.66663       4.39916325    
   1680.81470       4.35214090    
   1710.92932       4.25208330    
   1750.00000       4.12231350    
   1789.07080       3.99258733    
   1819.18530       3.89263201    
   1833.33337       3.84568667    
   1847.48132       3.79877782    
   1877.59595       3.69896054    
   1916.66663       3.56949925    
   1955.73743       3.44007969    
   1985.85205       3.34035802    
   2000.00000       3.29352140    
   2014.14807       3.24671841    
   2044.26257       3.14712405    
   2083.33325       3.01794839    
   2122.40405       2.88881016    
   2152.51880       2.78930211    
   2166.66675       2.74256468    
   2180.81470       2.69585657    
   2210.92920       2.59646106    
   2250.00000       2.46753883    
   2289.07080       2.33864880    
   2319.18530       2.23932791    
   2333.33325       2.19267654    
   2347.48145       2.14604974    
   2377.59595       2.04682326    
   2416.66675       1.91811442    
   2455.73755       1.78943169    
   2485.85205       1.69026589    
   2500.00000       1.64368510    
   2514.14795       1.59712350    
   2544.26270       1.49803102    
   2583.33325       1.36948931    
   2622.40405       1.24096680    
   2652.51880       1.14191902    
   2666.66675       1.09539115    
   2680.81470       1.04887664    
   2710.92920      0.949879050    
   2750.00000      0.821452916    
   2789.07080      0.693038642    
   2819.18530      0.594068348    
   2833.33350      0.547574461    
   2847.48145      0.501087308    
   2877.59595      0.402142525    
   2916.66675      0.273777157    
   2955.73755      0.145415783    
   2985.85205       4.64802124E-02
   3000.00000       1.31411231E-04
