   0.00000000       9.99995518    
   42.4440269       9.85633087    
   132.787796       9.55054188    
   250.000000       9.15387440    
   367.212189       8.75732136    
   457.555969       8.45179749    
   500.000000       8.30832672    
   542.444031       8.16504574    
   632.787781       7.86023855    
   750.000000       7.46505547    
   867.212219       7.07018471    
   957.555969       6.76609993    
   1000.00000       6.62336206    
   1042.44397       6.48095226    
   1132.78784       6.17810774    
   1250.00000       5.78560925    
   1367.21216       5.39353800    
   1457.55603       5.09168005    
   1500.00000       4.95001268    
   1514.14795       4.90287399    
   1544.26257       4.80257320    
   1583.33337       4.67249250    
   1622.40405       4.54246140    
   1652.51868       4.44227505    
   1666.66663       4.39522314    
   1680.81470       4.34821272    
   1710.92932       4.24818325    
   1750.00000       4.11845350    
   1789.07080       3.98877215    
   1819.18530       3.88885403    
   1833.33337       3.84192729    
   1847.48132       3.79504037    
   1877.59595       3.69527197    
   1916.66663       3.56587839    
   1955.73743       3.43652964    
   1985.85205       3.33686543    
   2000.00000       3.29005718    
   2014.14807       3.24328518    
   2044.26257       3.14375901    
   2083.33325       3.01467586    
   2122.40405       2.88563299    
   2152.51880       2.78620124    
   2166.66675       2.73950028    
   2180.81470       2.69283175    
   2210.92920       2.59352207    
   2250.00000       2.46471405    
   2289.07080       2.33594108    
   2319.18530       2.23671269    
   2333.33325       2.19010544    
   2347.48145       2.14352512    
   2377.59595       2.04439926    
   2416.66675       1.91582322    
   2455.73755       1.78727567    
   2485.85205       1.68821573    
   2500.00000       1.64168525    
   2514.14795       1.59517574    
   2544.26270       1.49619555    
   2583.33325       1.36780107    
   2622.40405       1.23942769    
   2652.51880       1.14049602    
   2666.66675       1.09402323    
   2680.81470       1.04756486    
   2710.92920      0.948687732    
   2750.00000      0.820419073    
   2789.07080      0.692163289    
   2819.18530      0.593315899    
   2833.33350      0.546879947    
   2847.48145      0.500451386    
   2877.59595      0.401631653    
   2916.66675      0.273429036    
   2955.73755      0.145230755    
   2985.85205       4.64210548E-02
   3000.00000       1.31243971E-04
