   0.00000000       9.99995518    
   42.4440269       9.85658836    
   132.787796       9.55134583    
   250.000000       9.15537930    
   367.212189       8.75951481    
   457.555969       8.45450497    
   500.000000       8.31126881    
   542.444031       8.16819954    
   632.787781       7.86382294    
   750.000000       7.46916628    
   867.212219       7.07478571    
   957.555969       6.77104616    
   1000.00000       6.62845659    
   1042.44397       6.48615646    
   1132.78784       6.18351173    
   1250.00000       5.79122400    
   1367.21216       5.39931297    
   1457.55603       5.09753895    
   1500.00000       4.95589352    
   1514.14795       4.90875244    
   1544.26257       4.80844212    
   1583.33337       4.67834282    
   1622.40405       4.54828739    
   1652.51868       4.44807816    
   1666.66663       4.40101337    
   1680.81470       4.35398579    
   1710.92932       4.25391483    
   1750.00000       4.12412548    
   1789.07080       3.99437881    
   1819.18530       3.89440608    
   1833.33337       3.84745216    
   1847.48132       3.80053306    
   1877.59595       3.70069242    
   1916.66663       3.57119966    
   1955.73743       3.44174671    
   1985.85205       3.34199810    
   2000.00000       3.29514837    
   2014.14807       3.24833059    
   2044.26257       3.14870405    
   2083.33325       3.01948500    
   2122.40405       2.89030194    
   2152.51880       2.79075837    
   2166.66675       2.74400353    
   2180.81470       2.69727707    
   2210.92920       2.59784126    
   2250.00000       2.46886516    
   2289.07080       2.33992004    
   2319.18530       2.24055600    
   2333.33325       2.19388366    
   2347.48145       2.14723539    
   2377.59595       2.04796147    
   2416.66675       1.91919029    
   2455.73755       1.79044414    
   2485.85205       1.69122863    
   2500.00000       1.64462411    
   2514.14795       1.59803820    
   2544.26270       1.49889302    
   2583.33325       1.37028193    
   2622.40405       1.24168944    
   2652.51880       1.14258718    
   2666.66675       1.09603357    
   2680.81470       1.04949260    
   2710.92920      0.950438440    
   2750.00000      0.821938396    
   2789.07080      0.693449616    
   2819.18530      0.594421744    
   2833.33350      0.547900617    
   2847.48145      0.501385927    
   2877.59595      0.402382433    
   2916.66675      0.273940623    
   2955.73755      0.145502657    
   2985.85205       4.65079919E-02
   3000.00000       1.31489767E-04
