   0.00000000       9.99995518    
   42.4440269       9.85623741    
   132.787796       9.55025101    
   250.000000       9.15332985    
   367.212189       8.75652790    
   457.555969       8.45081711    
   500.000000       8.30726147    
   542.444031       8.16390419    
   632.787781       7.85894060    
   750.000000       7.46356630    
   867.212219       7.06851864    
   957.555969       6.76430845    
   1000.00000       6.62151718    
   1042.44397       6.47906780    
   1132.78784       6.17615080    
   1250.00000       5.78357601    
   1367.21216       5.39144707    
   1457.55603       5.08955860    
   1500.00000       4.94788313    
   1514.14795       4.90074539    
   1544.26257       4.80044794    
   1583.33337       4.67037392    
   1622.40405       4.54035139    
   1652.51868       4.44017315    
   1666.66663       4.39312601    
   1680.81470       4.34612179    
   1710.92932       4.24610758    
   1750.00000       4.11639977    
   1789.07080       3.98674178    
   1819.18530       3.88684344    
   1833.33337       3.83992672    
   1847.48132       3.79305124    
   1877.59595       3.69330907    
   1916.66663       3.56395125    
   1955.73743       3.43464041    
   1985.85205       3.33500695    
   2000.00000       3.28821349    
   2014.14807       3.24145794    
   2044.26257       3.14196849    
   2083.33325       3.01293421    
   2122.40405       2.88394237    
   2152.51880       2.78455091    
   2166.66675       2.73786974    
   2180.81470       2.69122195    
   2210.92920       2.59195781    
   2250.00000       2.46321058    
   2289.07080       2.33450007    
   2319.18530       2.23532081    
   2333.33325       2.18873715    
   2347.48145       2.14218163    
   2377.59595       2.04310918    
   2416.66675       1.91460383    
   2455.73755       1.78612828    
   2485.85205       1.68712461    
   2500.00000       1.64062095    
   2514.14795       1.59413922    
   2544.26270       1.49521863    
   2583.33325       1.36690271    
   2622.40405       1.23860872    
   2652.51880       1.13973880    
   2666.66675       1.09329534    
   2680.81470       1.04686677    
   2710.92920      0.948053777    
   2750.00000      0.819868922    
   2789.07080      0.691697478    
   2819.18530      0.592915475    
   2833.33350      0.546510398    
   2847.48145      0.500112891    
   2877.59595      0.401359767    
   2916.66675      0.273243755    
   2955.73755      0.145132288    
   2985.85205       4.63895760E-02
   3000.00000       1.31154957E-04
