   0.00000000       9.99995518    
   42.4440269       9.85688496    
   132.787796       9.55227280    
   250.000000       9.15711403    
   367.212189       8.76204205    
   457.555969       8.45762634    
   500.000000       8.31466007    
   542.444031       8.17183495    
   632.787781       7.86795521    
   750.000000       7.47390556    
   867.212219       7.08008957    
   957.555969       6.77674866    
   1000.00000       6.63432932    
   1042.44397       6.49215508    
   1132.78784       6.18974066    
   1250.00000       5.79769611    
   1367.21216       5.40597010    
   1457.55603       5.10429239    
   1500.00000       4.96267223    
   1514.14795       4.91552877    
   1544.26257       4.81520700    
   1583.33337       4.68508720    
   1622.40405       4.55500412    
   1652.51868       4.45476818    
   1666.66663       4.40768909    
   1680.81470       4.36064053    
   1710.92932       4.26052189    
   1750.00000       4.13066435    
   1789.07080       4.00084209    
   1819.18530       3.90080667    
   1833.33337       3.85382080    
   1847.48132       3.80686474    
   1877.59595       3.70694089    
   1916.66663       3.57733393    
   1955.73743       3.44776058    
   1985.85205       3.34791470    
   2000.00000       3.30101728    
   2014.14807       3.25414705    
   2044.26257       3.15440416    
   2083.33325       3.02502894    
   2122.40405       2.89568424    
   2152.51880       2.79601169    
   2166.66675       2.74919462    
   2180.81470       2.70240140    
   2210.92920       2.60282016    
   2250.00000       2.47365046    
   2289.07080       2.34450722    
   2319.18530       2.24498653    
   2333.33325       2.19823933    
   2347.48145       2.15151215    
   2377.59595       2.05206823    
   2416.66675       1.92307186    
   2455.73755       1.79409671    
   2485.85205       1.69470191    
   2500.00000       1.64801204    
   2514.14795       1.60133779    
   2544.26270       1.50200260    
   2583.33325       1.37314177    
   2622.40405       1.24429679    
   2652.51880       1.14499784    
   2666.66675       1.09835100    
   2680.81470       1.05171490    
   2710.92920      0.952456594    
   2750.00000      0.823689759    
   2789.07080      0.694932520    
   2819.18530      0.595696449    
   2833.33350      0.549077153    
   2847.48145      0.502463281    
   2877.59595      0.403247923    
   2916.66675      0.274530411    
   2955.73755      0.145816103    
   2985.85205       4.66082096E-02
   3000.00000       1.31773122E-04
