   0.00000000       9.99995518    
   42.4440269       9.85681534    
   132.787796       9.55205536    
   250.000000       9.15670776    
   367.212189       8.76144886    
   457.555969       8.45689487    
   500.000000       8.31386471    
   542.444031       8.17098236    
   632.787781       7.86698580    
   750.000000       7.47279358    
   867.212219       7.07884502    
   957.555969       6.77541113    
   1000.00000       6.63295174    
   1042.44397       6.49074793    
   1132.78784       6.18827963    
   1250.00000       5.79617786    
   1367.21216       5.40440845    
   1457.55603       5.10270834    
   1500.00000       4.96108198    
   1514.14795       4.91393900    
   1544.26257       4.81362009    
   1583.33337       4.68350506    
   1622.40405       4.55342865    
   1652.51868       4.45319891    
   1666.66663       4.40612316    
   1680.81470       4.35907936    
   1710.92932       4.25897217    
   1750.00000       4.12913036    
   1789.07080       3.99932599    
   1819.18530       3.89930511    
   1833.33337       3.85232687    
   1847.48132       3.80537939    
   1877.59595       3.70547509    
   1916.66663       3.57589507    
   1955.73743       3.44634986    
   1985.85205       3.34652686    
   2000.00000       3.29964042    
   2014.14807       3.25278258    
   2044.26257       3.15306711    
   2083.33325       3.02372837    
   2122.40405       2.89442158    
   2152.51880       2.79477930    
   2166.66675       2.74797678    
   2180.81470       2.70119929    
   2210.92920       2.60165215    
   2250.00000       2.47252798    
   2289.07080       2.34343123    
   2319.18530       2.24394727    
   2333.33325       2.19721746    
   2347.48145       2.15050888    
   2377.59595       2.05110478    
   2416.66675       1.92216134    
   2455.73755       1.79323995    
   2485.85205       1.69388723    
   2500.00000       1.64721727    
   2514.14795       1.60056376    
   2544.26270       1.50127316    
   2583.33325       1.37247097    
   2622.40405       1.24368513    
   2652.51880       1.14443231    
   2666.66675       1.09780729    
   2680.81470       1.05119359    
   2710.92920      0.951983213    
   2750.00000      0.823278904    
   2789.07080      0.694584668    
   2819.18530      0.595397413    
   2833.33350      0.548801184    
   2847.48145      0.502210557    
   2877.59595      0.403044909    
   2916.66675      0.274392039    
   2955.73755      0.145742580    
   2985.85205       4.65846993E-02
   3000.00000       1.31706649E-04
