   0.00000000       9.99995518    
   42.4440269       9.85695171    
   132.787796       9.55248070    
   250.000000       9.15750504    
   367.212189       8.76261044    
   457.555969       8.45832920    
   500.000000       8.31542301    
   542.444031       8.17265320    
   632.787781       7.86888456    
   750.000000       7.47497177    
   867.212219       7.08128262    
   957.555969       6.77803135    
   1000.00000       6.63565063    
   1042.44397       6.49350500    
   1132.78784       6.19114256    
   1250.00000       5.79915237    
   1367.21216       5.40746784    
   1457.55603       5.10581207    
   1500.00000       4.96419764    
   1514.14795       4.91705322    
   1544.26257       4.81672907    
   1583.33337       4.68660450    
   1622.40405       4.55651522    
   1652.51868       4.45627356    
   1666.66663       4.40919065    
   1680.81470       4.36213779    
   1710.92932       4.26200867    
   1750.00000       4.13213539    
   1789.07080       4.00229645    
   1819.18530       3.90224671    
   1833.33337       3.85525370    
   1847.48132       3.80828929    
   1877.59595       3.70834684    
   1916.66663       3.57871413    
   1955.73743       3.44911385    
   1985.85205       3.34924603    
   2000.00000       3.30233765    
   2014.14807       3.25545573    
   2044.26257       3.15568686    
   2083.33325       3.02627635    
   2122.40405       2.89689517    
   2152.51880       2.79719377    
   2166.66675       2.75036240    
   2180.81470       2.70355439    
   2210.92920       2.60394049    
   2250.00000       2.47472715    
   2289.07080       2.34553909    
   2319.18530       2.24598336    
   2333.33325       2.19921923    
   2347.48145       2.15247464    
   2377.59595       2.05299211    
   2416.66675       1.92394519    
   2455.73755       1.79491854    
   2485.85205       1.69548345    
   2500.00000       1.64877427    
   2514.14795       1.60208023    
   2544.26270       1.50270224    
   2583.33325       1.37378526    
   2622.40405       1.24488342    
   2652.51880       1.14554012    
   2666.66675       1.09887230    
   2680.81470       1.05221486    
   2710.92920      0.952910662    
   2750.00000      0.824083805    
   2789.07080      0.695266128    
   2819.18530      0.595983267    
   2833.33350      0.549341857    
   2847.48145      0.502705693    
   2877.59595      0.403442651    
   2916.66675      0.274663091    
   2955.73755      0.145886630    
   2985.85205       4.66307588E-02
   3000.00000       1.31836874E-04
