   0.00000000       9.99995518    
   42.4440269       9.85674286    
   132.787796       9.55182838    
   250.000000       9.15628338    
   367.212189       8.76083088    
   457.555969       8.45613098    
   500.000000       8.31303501    
   542.444031       8.17009354    
   632.787781       7.86597538    
   750.000000       7.47163486    
   867.212219       7.07754803    
   957.555969       6.77401638    
   1000.00000       6.63151550    
   1042.44397       6.48928070    
   1132.78784       6.18675613    
   1250.00000       5.79459476    
   1367.21216       5.40278053    
   1457.55603       5.10105658    
   1500.00000       4.95942402    
   1514.14795       4.91228199    
   1544.26257       4.81196547    
   1583.33337       4.68185568    
   1622.40405       4.55178595    
   1652.51868       4.45156288    
   1666.66663       4.40449047    
   1680.81470       4.35745192    
   1710.92932       4.25735617    
   1750.00000       4.12753105    
   1789.07080       3.99774528    
   1819.18530       3.89773989    
   1833.33337       3.85076928    
   1847.48132       3.80383086    
   1877.59595       3.70394707    
   1916.66663       3.57439470    
   1955.73743       3.44487906    
   1985.85205       3.34507966    
   2000.00000       3.29820514    
   2014.14807       3.25136018    
   2044.26257       3.15167284    
   2083.33325       3.02237248    
   2122.40405       2.89310527    
   2152.51880       2.79349446    
   2166.66675       2.74670720    
   2180.81470       2.69994617    
   2210.92920       2.60043454    
   2250.00000       2.47135758    
   2289.07080       2.34230924    
   2319.18530       2.24286366    
   2333.33325       2.19615221    
   2347.48145       2.14946294    
   2377.59595       2.05010056    
   2416.66675       1.92121196    
   2455.73755       1.79234660    
   2485.85205       1.69303775    
   2500.00000       1.64638865    
   2514.14795       1.59975684    
   2544.26270       1.50051260    
   2583.33325       1.37177145    
   2622.40405       1.24304748    
   2652.51880       1.14384270    
   2666.66675       1.09724057    
   2680.81470       1.05065012    
   2710.92920      0.951489568    
   2750.00000      0.822850585    
   2789.07080      0.694221973    
   2819.18530      0.595085680    
   2833.33350      0.548513412    
   2847.48145      0.501947105    
   2877.59595      0.402833223    
   2916.66675      0.274247825    
   2955.73755      0.145665914    
   2985.85205       4.65601906E-02
   3000.00000       1.31637353E-04
