   0.00000000       9.99995518    
   42.4440269       9.85666752    
   132.787796       9.55159187    
   250.000000       9.15584087    
   367.212189       8.76018620    
   457.555969       8.45533562    
   500.000000       8.31217098    
   542.444031       8.16916656    
   632.787781       7.86492157    
   750.000000       7.47042608    
   867.212219       7.07619572    
   957.555969       6.77256250    
   1000.00000       6.63001776    
   1042.44397       6.48775101    
   1132.78784       6.18516779    
   1250.00000       5.79294443    
   1367.21216       5.40108299    
   1457.55603       5.09933424    
   1500.00000       4.95769548    
   1514.14795       4.91055393    
   1544.26257       4.81024075    
   1583.33337       4.68013573    
   1622.40405       4.55007315    
   1652.51868       4.44985676    
   1666.66663       4.40278816    
   1680.81470       4.35575485    
   1710.92932       4.25567150    
   1750.00000       4.12586403    
   1789.07080       3.99609733    
   1819.18530       3.89610767    
   1833.33337       3.84914517    
   1847.48132       3.80221629    
   1877.59595       3.70235372    
   1916.66663       3.57283044    
   1955.73743       3.44334555    
   1985.85205       3.34357095    
   2000.00000       3.29670858    
   2014.14807       3.24987698    
   2044.26257       3.15021944    
   2083.33325       3.02095890    
   2122.40405       2.89173293    
   2152.51880       2.79215503    
   2166.66675       2.74538350    
   2180.81470       2.69863939    
   2210.92920       2.59916496    
   2250.00000       2.47013736    
   2289.07080       2.34113955    
   2319.18530       2.24173403    
   2333.33325       2.19504166    
   2347.48145       2.14837241    
   2377.59595       2.04905343    
   2416.66675       1.92022228    
   2455.73755       1.79141521    
   2485.85205       1.69215202    
   2500.00000       1.64552486    
   2514.14795       1.59891534    
   2544.26270       1.49971974    
   2583.33325       1.37104225    
   2622.40405       1.24238265    
   2652.51880       1.14322805    
   2666.66675       1.09664965    
   2680.81470       1.05008340    
   2710.92920      0.950975001    
   2750.00000      0.822403967    
   2789.07080      0.693843901    
   2819.18530      0.594760597    
   2833.33350      0.548213422    
   2847.48145      0.501672387    
   2877.59595      0.402612537    
   2916.66675      0.274097413    
   2955.73755      0.145585984    
   2985.85205       4.65346351E-02
   3000.00000       1.31565102E-04
