   0.00000000       9.99995518    
   42.4440269       9.85713673    
   132.787796       9.55305672    
   250.000000       9.15858269    
   367.212189       8.76418114    
   457.555969       8.46026802    
   500.000000       8.31753063    
   542.444031       8.17491245    
   632.787781       7.87145185    
   750.000000       7.47791624    
   867.212219       7.08457804    
   957.555969       6.78157425    
   1000.00000       6.63929939    
   1042.44397       6.49723196    
   1132.78784       6.19501257    
   1250.00000       5.80317354    
   1367.21216       5.41160393    
   1457.55603       5.11000824    
   1500.00000       4.96840954    
   1514.14795       4.92126322    
   1544.26257       4.82093239    
   1583.33337       4.69079494    
   1622.40405       4.56068802    
   1652.51868       4.46042967    
   1666.66663       4.41333818    
   1680.81470       4.36627245    
   1710.92932       4.26611376    
   1750.00000       4.13619757    
   1789.07080       4.00631237    
   1819.18530       3.90622330    
   1833.33337       3.85921073    
   1847.48132       3.81222320    
   1877.59595       3.71222901    
   1916.66663       3.58252549    
   1955.73743       3.45285034    
   1985.85205       3.35292196    
   2000.00000       3.30598426    
   2014.14807       3.25906944    
   2044.26257       3.15922832    
   2083.33325       3.02972078    
   2122.40405       2.90023899    
   2152.51880       2.80045748    
   2166.66675       2.75358772    
   2180.81470       2.70673823    
   2210.92920       2.60703397    
   2250.00000       2.47770047    
   2289.07080       2.34838915    
   2319.18530       2.24873614    
   2333.33325       2.20192552    
   2347.48145       2.15513182    
   2377.59595       2.05554366    
   2416.66675       1.92635679    
   2455.73755       1.79718792    
   2485.85205       1.69764137    
   2500.00000       1.65087926    
   2514.14795       1.60413039    
   2544.26270       1.50463426    
   2583.33325       1.37556207    
   2622.40405       1.24650335    
   2652.51880       1.14703786    
   2666.66675       1.10031211    
   2680.81470       1.05359554    
   2710.92920      0.954164565    
   2750.00000      0.825171947    
   2789.07080      0.696187496    
   2819.18530      0.596775293    
   2833.33350      0.550072849    
   2847.48145      0.503375053    
   2877.59595      0.403980404    
   2916.66675      0.275029510    
   2955.73755      0.146081373    
   2985.85205       4.66930233E-02
   3000.00000       1.32012923E-04
