   0.00000000       9.99995518    
   42.4440269       9.85701561    
   132.787796       9.55268097    
   250.000000       9.15787888    
   367.212189       8.76315594    
   457.555969       8.45900249    
   500.000000       8.31615543    
   542.444031       8.17343807    
   632.787781       7.86977625    
   750.000000       7.47599459    
   867.212219       7.08242702    
   957.555969       6.77926207    
   1000.00000       6.63691807    
   1042.44397       6.49479961    
   1132.78784       6.19248676    
   1250.00000       5.80054903    
   1367.21216       5.40890455    
   1457.55603       5.10726976    
   1500.00000       4.96566057    
   1514.14795       4.91851568    
   1544.26257       4.81818914    
   1583.33337       4.68805981    
   1622.40405       4.55796480    
   1652.51868       4.45771694    
   1666.66663       4.41063118    
   1680.81470       4.36357403    
   1710.92932       4.26343441    
   1750.00000       4.13354635    
   1789.07080       4.00369120    
   1819.18530       3.90362787    
   1833.33337       3.85662818    
   1847.48132       3.80965567    
   1877.59595       3.70969534    
   1916.66663       3.58003807    
   1955.73743       3.45041156    
   1985.85205       3.35052276    
   2000.00000       3.30360436    
   2014.14807       3.25671077    
   2044.26257       3.15691686    
   2083.33325       3.02747273    
   2122.40405       2.89805651    
   2152.51880       2.79832721    
   2166.66675       2.75148273    
   2180.81470       2.70466018    
   2210.92920       2.60501480    
   2250.00000       2.47575998    
   2289.07080       2.34652901    
   2319.18530       2.24693966    
   2333.33325       2.20015931    
   2347.48145       2.15339756    
   2377.59595       2.05387831    
   2416.66675       1.92478275    
   2455.73755       1.79570675    
   2485.85205       1.69623291    
   2500.00000       1.64950538    
   2514.14795       1.60279226    
   2544.26270       1.50337327    
   2583.33325       1.37440240    
   2622.40405       1.24544609    
   2652.51880       1.14606035    
   2666.66675       1.09937239    
   2680.81470       1.05269444    
   2710.92920      0.953346193    
   2750.00000      0.824461758    
   2789.07080      0.695586145    
   2819.18530      0.596258402    
   2833.33350      0.549595773    
   2847.48145      0.502938211    
   2877.59595      0.403629422    
   2916.66675      0.274790376    
   2955.73755      0.145954266    
   2985.85205       4.66523841E-02
   3000.00000       1.31898021E-04
