   0.00000000       9.99995518    
   42.4440269       9.85724735    
   132.787796       9.55340195    
   250.000000       9.15922928    
   367.212189       8.76512432    
   457.555969       8.46143246    
   500.000000       8.31879520    
   542.444031       8.17626858    
   632.787781       7.87299347    
   750.000000       7.47968388    
   867.212219       7.08655643    
   957.555969       6.78370190    
   1000.00000       6.64149046    
   1042.44397       6.49946976    
   1132.78784       6.19733620    
   1250.00000       5.80558777    
   1367.21216       5.41408777    
   1457.55603       5.11252785    
   1500.00000       4.97093868    
   1514.14795       4.92379093    
   1544.26257       4.82345629    
   1583.33337       4.69331074    
   1622.40405       4.56319380    
   1652.51868       4.46292543    
   1666.66663       4.41582823    
   1680.81470       4.36875534    
   1710.92932       4.26857853    
   1750.00000       4.13863707    
   1789.07080       4.00872326    
   1819.18530       3.90861106    
   1833.33337       3.86158657    
   1847.48132       3.81458521    
   1877.59595       3.71456003    
   1916.66663       3.58481383    
   1955.73743       3.45509386    
   1985.85205       3.35512924    
   2000.00000       3.30817366    
   2014.14807       3.26123929    
   2044.26257       3.16135478    
   2083.33325       3.03178906    
   2122.40405       2.90224695    
   2152.51880       2.80241728    
   2166.66675       2.75552416    
   2180.81470       2.70864987    
   2210.92920       2.60889125    
   2250.00000       2.47948551    
   2289.07080       2.35010028    
   2319.18530       2.25038886    
   2333.33325       2.20355034    
   2347.48145       2.15672731    
   2377.59595       2.05707550    
   2416.66675       1.92780471    
   2455.73755       1.79855049    
   2485.85205       1.69893706    
   2500.00000       1.65214300    
   2514.14795       1.60536122    
   2544.26270       1.50579417    
   2583.33325       1.37662899    
   2622.40405       1.24747598    
   2652.51880       1.14793718    
   2666.66675       1.10117662    
   2680.81470       1.05442452    
   2710.92920      0.954917431    
   2750.00000      0.825825334    
   2789.07080      0.696740627    
   2819.18530      0.597250819    
   2833.33350      0.550511777    
   2847.48145      0.503776968    
   2877.59595      0.404303253    
   2916.66675      0.275249511    
   2955.73755      0.146198303    
   2985.85205       4.67304103E-02
   3000.00000       1.32118628E-04
