   0.00000000       9.99995518    
   42.4440269       9.85719299    
   132.787796       9.55323315    
   250.000000       9.15891266    
   367.212189       8.76466274    
   457.555969       8.46086216    
   500.000000       8.31817627    
   542.444031       8.17560387    
   632.787781       7.87223864    
   750.000000       7.47881842    
   867.212219       7.08558798    
   957.555969       6.78266048    
   1000.00000       6.64041758    
   1042.44397       6.49837446    
   1132.78784       6.19619894    
   1250.00000       5.80440569    
   1367.21216       5.41287184    
   1457.55603       5.11129427    
   1500.00000       4.96970034    
   1514.14795       4.92255354    
   1544.26257       4.82222080    
   1583.33337       4.69207907    
   1622.40405       4.56196690    
   1652.51868       4.46170378    
   1666.66663       4.41460943    
   1680.81470       4.36753988    
   1710.92932       4.26737165    
   1750.00000       4.13744259    
   1789.07080       4.00754309    
   1819.18530       3.90744209    
   1833.33337       3.86042356    
   1847.48132       3.81342888    
   1877.59595       3.71341896    
   1916.66663       3.58369350    
   1955.73743       3.45399547    
   1985.85205       3.35404873    
   2000.00000       3.30710173    
   2014.14807       3.26017690    
   2044.26257       3.16031384    
   2083.33325       3.03077650    
   2122.40405       2.90126395    
   2152.51880       2.80145788    
   2166.66675       2.75457621    
   2180.81470       2.70771408    
   2210.92920       2.60798192    
   2250.00000       2.47861171    
   2289.07080       2.34926248    
   2319.18530       2.24957991    
   2333.33325       2.20275474    
   2347.48145       2.15594625    
   2377.59595       2.05632567    
   2416.66675       1.92709589    
   2455.73755       1.79788339    
   2485.85205       1.69830275    
   2500.00000       1.65152431    
   2514.14795       1.60475862    
   2544.26270       1.50522625    
   2583.33325       1.37610662    
   2622.40405       1.24699974    
   2652.51880       1.14749694    
   2666.66675       1.10075343    
   2680.81470       1.05401874    
   2710.92920      0.954548836    
   2750.00000      0.825505435    
   2789.07080      0.696469843    
   2819.18530      0.597018003    
   2833.33350      0.550296903    
   2847.48145      0.503580213    
   2877.59595      0.404145211    
   2916.66675      0.275141805    
   2955.73755      0.146141052    
   2985.85205       4.67121042E-02
   3000.00000       1.32066882E-04
