   0.00000000       9.99995518    
   42.4440269       9.85707760    
   132.787796       9.55287266    
   250.000000       9.15823841    
   367.212189       8.76367950    
   457.555969       8.45964909    
   500.000000       8.31685734    
   542.444031       8.17419052    
   632.787781       7.87063169    
   750.000000       7.47697544    
   867.212219       7.08352518    
   957.555969       6.78044224    
   1000.00000       6.63813353    
   1042.44397       6.49604130    
   1132.78784       6.19377613    
   1250.00000       5.80188847    
   1367.21216       5.41028261    
   1457.55603       5.10866737    
   1500.00000       4.96706390    
   1514.14795       4.91991806    
   1544.26257       4.81958961    
   1583.33337       4.68945599    
   1622.40405       4.55935478    
   1652.51868       4.45910168    
   1666.66663       4.41201305    
   1680.81470       4.36495161    
   1710.92932       4.26480198    
   1750.00000       4.13489962    
   1789.07080       4.00502920    
   1819.18530       3.90495276    
   1833.33337       3.85794640    
   1847.48132       3.81096625    
   1877.59595       3.71098852    
   1916.66663       3.58130765    
   1955.73743       3.45165634    
   1985.85205       3.35174751    
   2000.00000       3.30481911    
   2014.14807       3.25791478    
   2044.26257       3.15809679    
   2083.33325       3.02862024    
   2122.40405       2.89917064    
   2152.51880       2.79941463    
   2166.66675       2.75255728    
   2180.81470       2.70572090    
   2210.92920       2.60604548    
   2250.00000       2.47675037    
   2289.07080       2.34747839    
   2319.18530       2.24785662    
   2333.33325       2.20106077    
   2347.48145       2.15428281    
   2377.59595       2.05472827    
   2416.66675       1.92558622    
   2455.73755       1.79646277    
   2485.85205       1.69695187    
   2500.00000       1.65020669    
   2514.14795       1.60347533    
   2544.26270       1.50401688    
   2583.33325       1.37499440    
   2622.40405       1.24598575    
   2652.51880       1.14655936    
   2666.66675       1.09985209    
   2680.81470       1.05315435    
   2710.92920      0.953763902    
   2750.00000      0.824824274    
   2789.07080      0.695893109    
   2819.18530      0.596522212    
   2833.33350      0.549839318    
   2847.48145      0.503161192    
   2877.59595      0.403808564    
   2916.66675      0.274912447    
   2955.73755      0.146019146    
   2985.85205       4.66731265E-02
   3000.00000       1.31956665E-04
