   0.00000000       9.99995518    
   42.4440269       9.85739708    
   132.787796       9.55386925    
   250.000000       9.16010475    
   367.212189       8.76639843    
   457.555969       8.46300697    
   500.000000       8.32050610    
   542.444031       8.17810154    
   632.787781       7.87507725    
   750.000000       7.48207426    
   867.212219       7.08923101    
   957.555969       6.78657770    
   1000.00000       6.64445210    
   1042.44397       6.50249529    
   1132.78784       6.20047808    
   1250.00000       5.80885172    
   1367.21216       5.41744518    
   1457.55603       5.11593390    
   1500.00000       4.97435760    
   1514.14795       4.92720842    
   1544.26257       4.82686806    
   1583.33337       4.69671202    
   1622.40405       4.56658077    
   1652.51868       4.46629953    
   1666.66663       4.41919470    
   1680.81470       4.37211132    
   1710.92932       4.27191067    
   1750.00000       4.14193439    
   1789.07080       4.01198292    
   1819.18530       3.91183877    
   1833.33337       3.86479855    
   1847.48132       3.81777859    
   1877.59595       3.71771145    
   1916.66663       3.58790755    
   1955.73743       3.45812678    
   1985.85205       3.35811305    
   2000.00000       3.31113338    
   2014.14807       3.26417255    
   2044.26257       3.16422963    
   2083.33325       3.03458500    
   2122.40405       2.90496135    
   2152.51880       2.80506682    
   2166.66675       2.75814223    
   2180.81470       2.71123433    
   2210.92920       2.61140227    
   2250.00000       2.48189902    
   2289.07080       2.35241365    
   2319.18530       2.25262332    
   2333.33325       2.20574689    
   2347.48145       2.15888429    
   2377.59595       2.05914664    
   2416.66675       1.92976236    
   2455.73755       1.80039263    
   2485.85205       1.70068872    
   2500.00000       1.65385163    
   2514.14795       1.60702538    
   2544.26270       1.50736248    
   2583.33325       1.37807131    
   2622.40405       1.24879086    
   2652.51880       1.14915287    
   2666.66675       1.10234535    
   2680.81470       1.05554533    
   2710.92920      0.955935240    
   2750.00000      0.826708555    
   2789.07080      0.697488487    
   2819.18530      0.597893715    
   2833.33350      0.551105142    
   2847.48145      0.504320323    
   2877.59595      0.404739767    
   2916.66675      0.275546968    
   2955.73755      0.146356374    
   2985.85205       4.67809513E-02
   3000.00000       1.32261528E-04
