   0.00000000       9.99995518    
   42.4440269       9.85744286    
   132.787796       9.55401230    
   250.000000       9.16037273    
   367.212189       8.76678944    
   457.555969       8.46348953    
   500.000000       8.32102966    
   542.444031       8.17866325    
   632.787781       7.87571621    
   750.000000       7.48280668    
   867.212219       7.09005070    
   957.555969       6.78745890    
   1000.00000       6.64535999    
   1042.44397       6.50342274    
   1132.78784       6.20144081    
   1250.00000       5.80985212    
   1367.21216       5.41847372    
   1457.55603       5.11697769    
   1500.00000       4.97540522    
   1514.14795       4.92825603    
   1544.26257       4.82791376    
   1583.33337       4.69775438    
   1622.40405       4.56761932    
   1652.51868       4.46733332    
   1666.66663       4.42022657    
   1680.81470       4.37314034    
   1710.92932       4.27293158    
   1750.00000       4.14294481    
   1789.07080       4.01298189    
   1819.18530       3.91282821    
   1833.33337       3.86578298    
   1847.48132       3.81875730    
   1877.59595       3.71867728    
   1916.66663       3.58885574    
   1955.73743       3.45905638    
   1985.85205       3.35902762    
   2000.00000       3.31204057    
   2014.14807       3.26507163    
   2044.26257       3.16511059    
   2083.33325       3.03544188    
   2122.40405       2.90579319    
   2152.51880       2.80587864    
   2166.66675       2.75894451    
   2180.81470       2.71202636    
   2210.92920       2.61217189    
   2250.00000       2.48263860    
   2289.07080       2.35312271    
   2319.18530       2.25330830    
   2333.33325       2.20642018    
   2347.48145       2.15954542    
   2377.59595       2.05978131    
   2416.66675       1.93036222    
   2455.73755       1.80095708    
   2485.85205       1.70122564    
   2500.00000       1.65437531    
   2514.14795       1.60753536    
   2544.26270       1.50784314    
   2583.33325       1.37851334    
   2622.40405       1.24919391    
   2652.51880       1.14952540    
   2666.66675       1.10270357    
   2680.81470       1.05588877    
   2710.92920      0.956247211    
   2750.00000      0.826979280    
   2789.07080      0.697717667    
   2819.18530      0.598090768    
   2833.33350      0.551286995    
   2847.48145      0.504486859    
   2877.59595      0.404873520    
   2916.66675      0.275638103    
   2955.73755      0.146404818    
   2985.85205       4.67964411E-02
   3000.00000       1.32305329E-04
