   0.00000000       9.99995518    
   42.4440269       9.85729885    
   132.787796       9.55356407    
   250.000000       9.15953350    
   367.212189       8.76556683    
   457.555969       8.46197987    
   500.000000       8.31938934    
   542.444031       8.17690468    
   632.787781       7.87371731    
   750.000000       7.48051405    
   867.212219       7.08748531    
   957.555969       6.78470039    
   1000.00000       6.64251900    
   1042.44397       6.50052071    
   1132.78784       6.19842768    
   1250.00000       5.80672169    
   1367.21216       5.41525364    
   1457.55603       5.11371088    
   1500.00000       4.97212601    
   1514.14795       4.92497826    
   1544.26257       4.82464123    
   1583.33337       4.69449186    
   1622.40405       4.56437016    
   1652.51868       4.46409750    
   1666.66663       4.41699743    
   1680.81470       4.36992121    
   1710.92932       4.26973581    
   1750.00000       4.13978243    
   1789.07080       4.00985527    
   1819.18530       3.90973210    
   1833.33337       3.86270213    
   1847.48132       3.81569433    
   1877.59595       3.71565461    
   1916.66663       3.58588839    
   1955.73743       3.45614719    
   1985.85205       3.35616565    
   2000.00000       3.30920172    
   2014.14807       3.26225805    
   2044.26257       3.16235328    
   2083.33325       3.03276014    
   2122.40405       2.90318966    
   2152.51880       2.80333757    
   2166.66675       2.75643349    
   2180.81470       2.70954752    
   2210.92920       2.60976338    
   2250.00000       2.48032379    
   2289.07080       2.35090375    
   2319.18530       2.25116515    
   2333.33325       2.20431328    
   2347.48145       2.15747643    
   2377.59595       2.05779505    
   2416.66675       1.92848468    
   2455.73755       1.79919028    
   2485.85205       1.69954550    
   2500.00000       1.65273654    
   2514.14795       1.60593927    
   2544.26270       1.50633895    
   2583.33325       1.37712991    
   2622.40405       1.24793267    
   2652.51880       1.14835942    
   2666.66675       1.10158265    
   2680.81470       1.05481386    
   2710.92920      0.955270946    
   2750.00000      0.826132119    
   2789.07080      0.697000384    
   2819.18530      0.597474158    
   2833.33350      0.550717890    
   2847.48145      0.503965676    
   2877.59595      0.404454887    
   2916.66675      0.275352836    
   2955.73755      0.146253198    
   2985.85205       4.67479639E-02
   3000.00000       1.32168265E-04
