   0.00000000       9.99995518    
   42.4440269       9.85734940    
   132.787796       9.55372047    
   250.000000       9.15982533    
   367.212189       8.76599121    
   457.555969       8.46250343    
   500.000000       8.31995964    
   542.444031       8.17751598    
   632.787781       7.87441158    
   750.000000       7.48131037    
   867.212219       7.08837652    
   957.555969       6.78565836    
   1000.00000       6.64350605    
   1042.44397       6.50152874    
   1132.78784       6.19947433    
   1250.00000       5.80780888    
   1367.21216       5.41637230    
   1457.55603       5.11484528    
   1500.00000       4.97326517    
   1514.14795       4.92611647    
   1544.26257       4.82577801    
   1583.33337       4.69562531    
   1622.40405       4.56549883    
   1652.51868       4.46522141    
   1666.66663       4.41811895    
   1680.81470       4.37103891    
   1710.92932       4.27084589    
   1750.00000       4.14088058    
   1789.07080       4.01094151    
   1819.18530       3.91080737    
   1833.33337       3.86377215    
   1847.48132       3.81675816    
   1877.59595       3.71670437    
   1916.66663       3.58691907    
   1955.73743       3.45715785    
   1985.85205       3.35715961    
   2000.00000       3.31018782    
   2014.14807       3.26323533    
   2044.26257       3.16331100    
   2083.33325       3.03369164    
   2122.40405       2.90409398    
   2152.51880       2.80422020    
   2166.66675       2.75730562    
   2180.81470       2.71040845    
   2210.92920       2.61059999    
   2250.00000       2.48112774    
   2289.07080       2.35167456    
   2319.18530       2.25190949    
   2333.33325       2.20504498    
   2347.48145       2.15819502    
   2377.59595       2.05848479    
   2416.66675       1.92913687    
   2455.73755       1.79980397    
   2485.85205       1.70012903    
   2500.00000       1.65330577    
   2514.14795       1.60649371    
   2544.26270       1.50686133    
   2583.33325       1.37761045    
   2622.40405       1.24837077    
   2652.51880       1.14876437    
   2666.66675       1.10197198    
   2680.81470       1.05518723    
   2710.92920      0.955610037    
   2750.00000      0.826426327    
   2789.07080      0.697249532    
   2819.18530      0.597688317    
   2833.33350      0.550915539    
   2847.48145      0.504146695    
   2877.59595      0.404600292    
   2916.66675      0.275451928    
   2955.73755      0.146305874    
   2985.85205       4.67648022E-02
   3000.00000       1.32215864E-04
