   0.00000000       9.99995518    
   42.4440269       9.85748672    
   132.787796       9.55414963    
   250.000000       9.16063023    
   367.212189       8.76716423    
   457.555969       8.46395206    
   500.000000       8.32153225    
   542.444031       8.17920303    
   632.787781       7.87632847    
   750.000000       7.48350906    
   867.212219       7.09083700    
   957.555969       6.78830433    
   1000.00000       6.64623070    
   1042.44397       6.50431204    
   1132.78784       6.20236444    
   1250.00000       5.81081152    
   1367.21216       5.41946077    
   1457.55603       5.11797905    
   1500.00000       4.97641039    
   1514.14795       4.92926025    
   1544.26257       4.82891655    
   1583.33337       4.69875431    
   1622.40405       4.56861496    
   1652.51868       4.46832514    
   1666.66663       4.42121601    
   1680.81470       4.37412691    
   1710.92932       4.27391100    
   1750.00000       4.14391422    
   1789.07080       4.01393986    
   1819.18530       3.91377687    
   1833.33337       3.86672711    
   1847.48132       3.81969595    
   1877.59595       3.71960354    
   1916.66663       3.58976507    
   1955.73743       3.45994806    
   1985.85205       3.35990477    
   2000.00000       3.31291056    
   2014.14807       3.26593375    
   2044.26257       3.16595578    
   2083.33325       3.03626370    
   2122.40405       2.90659118    
   2152.51880       2.80665755    
   2166.66675       2.75971413    
   2180.81470       2.71278596    
   2210.92920       2.61291003    
   2250.00000       2.48334813    
   2289.07080       2.35380268    
   2319.18530       2.25396490    
   2333.33325       2.20706582    
   2347.48145       2.16017938    
   2377.59595       2.06039023    
   2416.66675       1.93093765    
   2455.73755       1.80149865    
   2485.85205       1.70174050    
   2500.00000       1.65487754    
   2514.14795       1.60802460    
   2544.26270       1.50830412    
   2583.33325       1.37893724    
   2622.40405       1.24958038    
   2652.51880       1.14988279    
   2666.66675       1.10304713    
   2680.81470       1.05621827    
   2710.92920      0.956546366    
   2750.00000      0.827238917    
   2789.07080      0.697937548    
   2819.18530      0.598279715    
   2833.33350      0.551461399    
   2847.48145      0.504646540    
   2877.59595      0.405001849    
   2916.66675      0.275725543    
   2955.73755      0.146451294    
   2985.85205       4.68112975E-02
   3000.00000       1.32347326E-04
