   0.00000000       9.99995518    
   42.4440269       9.85764599    
   132.787796       9.55464554    
   250.000000       9.16155815    
   367.212189       8.76851559    
   457.555969       8.46562099    
   500.000000       8.32334614    
   542.444031       8.18114662    
   632.787781       7.87853861    
   750.000000       7.48604393    
   867.212219       7.09367371    
   957.555969       6.79135418    
   1000.00000       6.64937162    
   1042.44397       6.50752020    
   1132.78784       6.20569611    
   1250.00000       5.81427336    
   1367.21216       5.42302132    
   1457.55603       5.12159109    
   1500.00000       4.98003578    
   1514.14795       4.93288469    
   1544.26257       4.83253479    
   1583.33337       4.70236111    
   1622.40405       4.57220697    
   1652.51868       4.47190332    
   1666.66663       4.42478609    
   1680.81470       4.37768602    
   1710.92932       4.27744484    
   1750.00000       4.14741135    
   1789.07080       4.01739693    
   1819.18530       3.91720009    
   1833.33337       3.87013340    
   1847.48132       3.82308245    
   1877.59595       3.72294545    
   1916.66663       3.59304595    
   1955.73743       3.46316457    
   1985.85205       3.36306930    
   2000.00000       3.31604958    
   2014.14807       3.26904464    
   2044.26257       3.16900444    
   2083.33325       3.03922892    
   2122.40405       2.90946960    
   2152.51880       2.80946708    
   2166.66675       2.76249051    
   2180.81470       2.71552682    
   2210.92920       2.61557293    
   2250.00000       2.48590732    
   2289.07080       2.35625577    
   2319.18530       2.25633454    
   2333.33325       2.20939541    
   2347.48145       2.16246676    
   2377.59595       2.06258655    
   2416.66675       1.93301368    
   2455.73755       1.80345213    
   2485.85205       1.70359814    
   2500.00000       1.65668952    
   2514.14795       1.60978937    
   2544.26270       1.50996721    
   2583.33325       1.38046682    
   2622.40405       1.25097489    
   2652.51880       1.15117204    
   2666.66675       1.10428655    
   2680.81470       1.05740678    
   2710.92920      0.957625747    
   2750.00000      0.828175604    
   2789.07080      0.698730588    
   2819.18530      0.598961532    
   2833.33350      0.552090704    
   2847.48145      0.505222797    
   2877.59595      0.405464739    
   2916.66675      0.276040971    
   2955.73755      0.146618932    
   2985.85205       4.68648970E-02
   3000.00000       1.32498870E-04
