   0.00000000       9.99995518    
   42.4440269       9.85760784    
   132.787796       9.55452919    
   250.000000       9.16133976    
   367.212189       8.76819897    
   457.555969       8.46522999    
   500.000000       8.32292080    
   542.444031       8.18069077    
   632.787781       7.87802029    
   750.000000       7.48544931    
   867.212219       7.09300852    
   957.555969       6.79063845    
   1000.00000       6.64863491    
   1042.44397       6.50676775    
   1132.78784       6.20491457    
   1250.00000       5.81346130    
   1367.21216       5.42218590    
   1457.55603       5.12074375    
   1500.00000       4.97918558    
   1514.14795       4.93203449    
   1544.26257       4.83168602    
   1583.33337       4.70151520    
   1622.40405       4.57136440    
   1652.51868       4.47106361    
   1666.66663       4.42394876    
   1680.81470       4.37685108    
   1710.92932       4.27661610    
   1750.00000       4.14659119    
   1789.07080       4.01658583    
   1819.18530       3.91639709    
   1833.33337       3.86933422    
   1847.48132       3.82228804    
   1877.59595       3.72216153    
   1916.66663       3.59227633    
   1955.73743       3.46240997    
   1985.85205       3.36232686    
   2000.00000       3.31531334    
   2014.14807       3.26831484    
   2044.26257       3.16828918    
   2083.33325       3.03853345    
   2122.40405       2.90879440    
   2152.51880       2.80880809    
   2166.66675       2.76183915    
   2180.81470       2.71488380    
   2210.92920       2.61494827    
   2250.00000       2.48530698    
   2289.07080       2.35568047    
   2319.18530       2.25577879    
   2333.33325       2.20884895    
   2347.48145       2.16193032    
   2377.59595       2.06207132    
   2416.66675       1.93252671    
   2455.73755       1.80299389    
   2485.85205       1.70316231    
   2500.00000       1.65626442    
   2514.14795       1.60937536    
   2544.26270       1.50957704    
   2583.33325       1.38010800    
   2622.40405       1.25064778    
   2652.51880       1.15086961    
   2666.66675       1.10399580    
   2680.81470       1.05712795    
   2710.92920      0.957372546    
   2750.00000      0.827955902    
   2789.07080      0.698544562    
   2819.18530      0.598801613    
   2833.33350      0.551943064    
   2847.48145      0.505087614    
   2877.59595      0.405356139    
   2916.66675      0.275966972    
   2955.73755      0.146579608    
   2985.85205       4.68523242E-02
   3000.00000       1.32463319E-04
