   0.00000000       9.99995518    
   42.4440269       9.85756969    
   132.787796       9.55440807    
   250.000000       9.16111279    
   367.212189       8.76786804    
   457.555969       8.46482182    
   500.000000       8.32247734    
   542.444031       8.18021488    
   632.787781       7.87747955    
   750.000000       7.48482943    
   867.212219       7.09231472    
   957.555969       6.78989267    
   1000.00000       6.64786673    
   1042.44397       6.50598288    
   1132.78784       6.20409966    
   1250.00000       5.81261444    
   1367.21216       5.42131519    
   1457.55603       5.11986017    
   1500.00000       4.97829866    
   1514.14795       4.93114805    
   1544.26257       4.83080149    
   1583.33337       4.70063257    
   1622.40405       4.57048559    
   1652.51868       4.47018862    
   1666.66663       4.42307568    
   1680.81470       4.37598038    
   1710.92932       4.27575159    
   1750.00000       4.14573574    
   1789.07080       4.01574039    
   1819.18530       3.91556001    
   1833.33337       3.86850119    
   1847.48132       3.82145977    
   1877.59595       3.72134423    
   1916.66663       3.59147406    
   1955.73743       3.46162319    
   1985.85205       3.36155295    
   2000.00000       3.31454563    
   2014.14807       3.26755404    
   2044.26257       3.16754365    
   2083.33325       3.03780818    
   2122.40405       2.90809035    
   2152.51880       2.80812097    
   2166.66675       2.76116014    
   2180.81470       2.71421337    
   2210.92920       2.61429691    
   2250.00000       2.48468113    
   2289.07080       2.35508037    
   2319.18530       2.25519919    
   2333.33325       2.20827913    
   2347.48145       2.16137075    
   2377.59595       2.06153417    
   2416.66675       1.93201900    
   2455.73755       1.80251610    
   2485.85205       1.70270801    
   2500.00000       1.65582132    
   2514.14795       1.60894370    
   2544.26270       1.50917029    
   2583.33325       1.37973392    
   2622.40405       1.25030673    
   2652.51880       1.15055430    
   2666.66675       1.10369265    
   2680.81470       1.05683720    
   2710.92920      0.957108557    
   2750.00000      0.827726781    
   2789.07080      0.698350608    
   2819.18530      0.598634839    
   2833.33350      0.551789165    
   2847.48145      0.504946709    
   2877.59595      0.405242950    
   2916.66675      0.275889844    
   2955.73755      0.146538600    
   2985.85205       4.68392149E-02
   3000.00000       1.32426256E-04
