   0.00000000       9.99995518    
   42.4440269       9.85752869    
   132.787796       9.55428123    
   250.000000       9.16087627    
   367.212189       8.76752377    
   457.555969       8.46439552    
   500.000000       8.32201481    
   542.444031       8.17971992    
   632.787781       7.87691641    
   750.000000       7.48418283    
   867.212219       7.09159136    
   957.555969       6.78911495    
   1000.00000       6.64706564    
   1042.44397       6.50516462    
   1132.78784       6.20324993    
   1250.00000       5.81173182    
   1367.21216       5.42040730    
   1457.55603       5.11893940    
   1500.00000       4.97737408    
   1514.14795       4.93022394    
   1544.26257       4.82987881    
   1583.33337       4.69971323    
   1622.40405       4.56956959    
   1652.51868       4.46927643    
   1666.66663       4.42216539    
   1680.81470       4.37507296    
   1710.92932       4.27485085    
   1750.00000       4.14484406    
   1789.07080       4.01485920    
   1819.18530       3.91468716    
   1833.33337       3.86763263    
   1847.48132       3.82059622    
   1877.59595       3.72049189    
   1916.66663       3.59063745    
   1955.73743       3.46080303    
   1985.85205       3.36074615    
   2000.00000       3.31374526    
   2014.14807       3.26676083    
   2044.26257       3.16676617    
   2083.33325       3.03705215    
   2122.40405       2.90735626    
   2152.51880       2.80740452    
   2166.66675       2.76045227    
   2180.81470       2.71351457    
   2210.92920       2.61361790    
   2250.00000       2.48402834    
   2289.07080       2.35445476    
   2319.18530       2.25459504    
   2333.33325       2.20768523    
   2347.48145       2.16078758    
   2377.59595       2.06097412    
   2416.66675       1.93148959    
   2455.73755       1.80201793    
   2485.85205       1.70223439    
   2500.00000       1.65535927    
   2514.14795       1.60849369    
   2544.26270       1.50874627    
   2583.33325       1.37934387    
   2622.40405       1.24995112    
   2652.51880       1.15022564    
   2666.66675       1.10337663    
   2680.81470       1.05653417    
   2710.92920      0.956833363    
   2750.00000      0.827487946    
   2789.07080      0.698148370    
   2819.18530      0.598460972    
   2833.33350      0.551628709    
   2847.48145      0.504799724    
   2877.59595      0.405124903    
   2916.66675      0.275809407    
   2955.73755      0.146495864    
   2985.85205       4.68255468E-02
   3000.00000       1.32387620E-04
