   0.00000000       9.99995518    
   42.4440269       9.85768127    
   132.787796       9.55475712    
   250.000000       9.16176701    
   367.212189       8.76881981    
   457.555969       8.46599674    
   500.000000       8.32375431    
   542.444031       8.18158436    
   632.787781       7.87903595    
   750.000000       7.48661423    
   867.212219       7.09431219    
   957.555969       6.79204035    
   1000.00000       6.65007830    
   1042.44397       6.50824213    
   1132.78784       6.20644569    
   1250.00000       5.81505203    
   1367.21216       5.42382240    
   1457.55603       5.12240362    
   1500.00000       4.98085165    
   1514.14795       4.93370008    
   1544.26257       4.83334923    
   1583.33337       4.70317268    
   1622.40405       4.57301521    
   1652.51868       4.47270823    
   1666.66663       4.42558956    
   1680.81470       4.37848663    
   1710.92932       4.27824020    
   1750.00000       4.14819813    
   1789.07080       4.01817465    
   1819.18530       3.91797042    
   1833.33337       3.87089968    
   1847.48132       3.82384419    
   1877.59595       3.72369742    
   1916.66663       3.59378409    
   1955.73743       3.46388817    
   1985.85205       3.36378121    
   2000.00000       3.31675577    
   2014.14807       3.26974440    
   2044.26257       3.16969037    
   2083.33325       3.03989601    
   2122.40405       2.91011739    
   2152.51880       2.81009936    
   2166.66675       2.76311517    
   2180.81470       2.71614337    
   2210.92920       2.61617208    
   2250.00000       2.48648334    
   2289.07080       2.35680795    
   2319.18530       2.25686789    
   2333.33325       2.20991945    
   2347.48145       2.16298151    
   2377.59595       2.06308079    
   2416.66675       1.93348074    
   2455.73755       1.80389166    
   2485.85205       1.70401609    
   2500.00000       1.65709722    
   2514.14795       1.61018646    
   2544.26270       1.51034141    
   2583.33325       1.38081098    
   2622.40405       1.25128853    
   2652.51880       1.15146220    
   2666.66675       1.10456538    
   2680.81470       1.05767417    
   2710.92920      0.957868636    
   2750.00000      0.828386366    
   2789.07080      0.698909044    
   2819.18530      0.599114895    
   2833.33350      0.552232265    
   2847.48145      0.505352437    
   2877.59595      0.405568898    
   2916.66675      0.276111931    
   2955.73755      0.146656647    
   2985.85205       4.68769558E-02
   3000.00000       1.32532965E-04
