   0.00000000       9.99995518    
   42.4440269       9.85781002    
   132.787796       9.55515957    
   250.000000       9.16251945    
   367.212189       8.76991749    
   457.555969       8.46735191    
   500.000000       8.32522678    
   542.444031       8.18316269    
   632.787781       7.88082981    
   750.000000       7.48867130    
   867.212219       7.09661436    
   957.555969       6.79451561    
   1000.00000       6.65262794    
   1042.44397       6.51084661    
   1132.78784       6.20914984    
   1250.00000       5.81786203    
   1367.21216       5.42671251    
   1457.55603       5.12533569    
   1500.00000       4.98379469    
   1514.14795       4.93664169    
   1544.26257       4.83628607    
   1583.33337       4.70610046    
   1622.40405       4.57593107    
   1652.51868       4.47561264    
   1666.66663       4.42848778    
   1680.81470       4.38137627    
   1710.92932       4.28110838    
   1750.00000       4.15103674    
   1789.07080       4.02098083    
   1819.18530       3.92074895    
   1833.33337       3.87366462    
   1847.48132       3.82659316    
   1877.59595       3.72641015    
   1916.66663       3.59644723    
   1955.73743       3.46649909    
   1985.85205       3.36634994    
   2000.00000       3.31930375    
   2014.14807       3.27226949    
   2044.26257       3.17216516    
   2083.33325       3.04230285    
   2122.40405       2.91245389    
   2152.51880       2.81238008    
   2166.66675       2.76536870    
   2180.81470       2.71836805    
   2210.92920       2.61833358    
   2250.00000       2.48856068    
   2289.07080       2.35879922    
   2319.18530       2.25879121    
   2333.33325       2.21181035    
   2347.48145       2.16483831    
   2377.59595       2.06486344    
   2416.66675       1.93516588    
   2455.73755       1.80547738    
   2485.85205       1.70552397    
   2500.00000       1.65856802    
   2514.14795       1.61161888    
   2544.26270       1.51169133    
   2583.33325       1.38205254    
   2622.40405       1.25242054    
   2652.51880       1.15250874    
   2666.66675       1.10557151    
   2680.81470       1.05863893    
   2710.92920      0.958744764    
   2750.00000      0.829146743    
   2789.07080      0.699552834    
   2819.18530      0.599668324    
   2833.33350      0.552743077    
   2847.48145      0.505820155    
   2877.59595      0.405944616    
   2916.66675      0.276367962    
   2955.73755      0.146792725    
   2985.85205       4.69204634E-02
   3000.00000       1.32655987E-04
