   0.00000000       9.99995518    
   42.4440269       9.85777950    
   132.787796       9.55506516    
   250.000000       9.16234303    
   367.212189       8.76966000    
   457.555969       8.46703434    
   500.000000       8.32488155    
   542.444031       8.18279266    
   632.787781       7.88040876    
   750.000000       7.48818874    
   867.212219       7.09607458    
   957.555969       6.79393482    
   1000.00000       6.65202999    
   1042.44397       6.51023579    
   1132.78784       6.20851564    
   1250.00000       5.81720257    
   1367.21216       5.42603445    
   1457.55603       5.12464809    
   1500.00000       4.98310423    
   1514.14795       4.93595171    
   1544.26257       4.83559704    
   1583.33337       4.70541382    
   1622.40405       4.57524729    
   1652.51868       4.47493124    
   1666.66663       4.42780781    
   1680.81470       4.38069820    
   1710.92932       4.28043556    
   1750.00000       4.15037107    
   1789.07080       4.02032232    
   1819.18530       3.92009711    
   1833.33337       3.87301612    
   1847.48132       3.82594824    
   1877.59595       3.72577381    
   1916.66663       3.59582257    
   1955.73743       3.46588659    
   1985.85205       3.36574721    
   2000.00000       3.31870604    
   2014.14807       3.27167726    
   2044.26257       3.17158461    
   2083.33325       3.04173827    
   2122.40405       2.91190577    
   2152.51880       2.81184506    
   2166.66675       2.76484013    
   2180.81470       2.71784616    
   2210.92920       2.61782670    
   2250.00000       2.48807335    
   2289.07080       2.35833216    
   2319.18530       2.25834012    
   2333.33325       2.21136689    
   2347.48145       2.16440272    
   2377.59595       2.06444526    
   2416.66675       1.93477058    
   2455.73755       1.80510545    
   2485.85205       1.70517027    
   2500.00000       1.65822303    
   2514.14795       1.61128283    
   2544.26270       1.51137471    
   2583.33325       1.38176131    
   2622.40405       1.25215495    
   2652.51880       1.15226316    
   2666.66675       1.10533547    
   2680.81470       1.05841255    
   2710.92920      0.958539248    
   2750.00000      0.828968346    
   2789.07080      0.699401796    
   2819.18530      0.599538505    
   2833.33350      0.552623212    
   2847.48145      0.505710423    
   2877.59595      0.405856490    
   2916.66675      0.276307911    
   2955.73755      0.146760806    
   2985.85205       4.69102599E-02
   3000.00000       1.32627130E-04
