   0.00000000       9.99995518    
   42.4440269       9.85771561    
   132.787796       9.55486393    
   250.000000       9.16196632    
   367.212189       8.76911163    
   457.555969       8.46635723    
   500.000000       8.32414627    
   542.444031       8.18200397    
   632.787781       7.87951279    
   750.000000       7.48716116    
   867.212219       7.09492397    
   957.555969       6.79269838    
   1000.00000       6.65075588    
   1042.44397       6.50893450    
   1132.78784       6.20716429    
   1250.00000       5.81579924    
   1367.21216       5.42459059    
   1457.55603       5.12318325    
   1500.00000       4.98163414    
   1514.14795       4.93448210    
   1544.26257       4.83412981    
   1583.33337       4.70395088    
   1622.40405       4.57379055    
   1652.51868       4.47348022    
   1666.66663       4.42636013    
   1680.81470       4.37925482    
   1710.92932       4.27900267    
   1750.00000       4.14895296    
   1789.07080       4.01892042    
   1819.18530       3.91870904    
   1833.33337       3.87163472    
   1847.48132       3.82457495    
   1877.59595       3.72441864    
   1916.66663       3.59449220    
   1955.73743       3.46458220    
   1985.85205       3.36446404    
   2000.00000       3.31743336    
   2014.14807       3.27041578    
   2044.26257       3.17034841    
   2083.33325       3.04053593    
   2122.40405       2.91073847    
   2152.51880       2.81070566    
   2166.66675       2.76371431    
   2180.81470       2.71673489    
   2210.92920       2.61674690    
   2250.00000       2.48703551    
   2289.07080       2.35733724    
   2319.18530       2.25737906    
   2333.33325       2.21042228    
   2347.48145       2.16347528    
   2377.59595       2.06355476    
   2416.66675       1.93392873    
   2455.73755       1.80431318    
   2485.85205       1.70441699    
   2500.00000       1.65748823    
   2514.14795       1.61056721    
   2544.26270       1.51070023    
   2583.33325       1.38114107    
   2622.40405       1.25158954    
   2652.51880       1.15174043    
   2666.66675       1.10483289    
   2680.81470       1.05793059    
   2710.92920      0.958101571    
   2750.00000      0.828588545    
   2789.07080      0.699080229    
   2819.18530      0.599262059    
   2833.33350      0.552368045    
   2847.48145      0.505476773    
   2877.59595      0.405668765    
   2916.66675      0.276179999    
   2955.73755      0.146692827    
   2985.85205       4.68885228E-02
   3000.00000       1.32565678E-04
