   0.00000000       9.99995518    
   42.4440269       9.85783958    
   132.787796       9.55524921    
   250.000000       9.16268921    
   367.212189       8.77016449    
   457.555969       8.46765709    
   500.000000       8.32555771    
   542.444031       8.18351746    
   632.787781       7.88123322    
   750.000000       7.48913431    
   867.212219       7.09713268    
   957.555969       6.79507256    
   1000.00000       6.65320158    
   1042.44397       6.51143265    
   1132.78784       6.20975828    
   1250.00000       5.81849432    
   1367.21216       5.42736292    
   1457.55603       5.12599564    
   1500.00000       4.98445702    
   1514.14795       4.93730354    
   1544.26257       4.83694696    
   1583.33337       4.70675945    
   1622.40405       4.57658720    
   1652.51868       4.47626591    
   1666.66663       4.42913961    
   1680.81470       4.38202620    
   1710.92932       4.28175354    
   1750.00000       4.15167522    
   1789.07080       4.02161217    
   1819.18530       3.92137408    
   1833.33337       3.87428665    
   1847.48132       3.82721162    
   1877.59595       3.72702050    
   1916.66663       3.59704638    
   1955.73743       3.46708655    
   1985.85205       3.36692786    
   2000.00000       3.31987715    
   2014.14807       3.27283764    
   2044.26257       3.17272186    
   2083.33325       3.04284453    
   2122.40405       2.91297960    
   2152.51880       2.81289315    
   2166.66675       2.76587582    
   2180.81470       2.71886849    
   2210.92920       2.61881995    
   2250.00000       2.48902822    
   2289.07080       2.35924721    
   2319.18530       2.25922394    
   2333.33325       2.21223593    
   2347.48145       2.16525602    
   2377.59595       2.06526470    
   2416.66675       1.93554497    
   2455.73755       1.80583417    
   2485.85205       1.70586324    
   2500.00000       1.65889895    
   2514.14795       1.61194122    
   2544.26270       1.51199508    
   2583.33325       1.38233185    
   2622.40405       1.25267518    
   2652.51880       1.15274417    
   2666.66675       1.10579789    
   2680.81470       1.05885601    
   2710.92920      0.958941936    
   2750.00000      0.829317808    
   2789.07080      0.699697673    
   2819.18530      0.599792838    
   2833.33350      0.552857995    
   2847.48145      0.505925357    
   2877.59595      0.406029165    
   2916.66675      0.276425570    
   2955.73755      0.146823347    
   2985.85205       4.69302535E-02
   3000.00000       1.32683665E-04
