   0.00000000       9.99995518    
   42.4440269       9.85774803    
   132.787796       9.55496597    
   250.000000       9.16215897    
   367.212189       8.76939106    
   457.555969       8.46670246    
   500.000000       8.32452106    
   542.444031       8.18240643    
   632.787781       7.87997007    
   750.000000       7.48768568    
   867.212219       7.09551144    
   957.555969       6.79332972    
   1000.00000       6.65140629    
   1042.44397       6.50959873    
   1132.78784       6.20785427    
   1250.00000       5.81651545    
   1367.21216       5.42532778    
   1457.55603       5.12393093    
   1500.00000       4.98238468    
   1514.14795       4.93523216    
   1544.26257       4.83487892    
   1583.33337       4.70469761    
   1622.40405       4.57453394    
   1652.51868       4.47422075    
   1666.66663       4.42709875    
   1680.81470       4.37999153    
   1710.92932       4.27973413    
   1750.00000       4.14967680    
   1789.07080       4.01963615    
   1819.18530       3.91941762    
   1833.33337       3.87233973    
   1847.48132       3.82527590    
   1877.59595       3.72511029    
   1916.66663       3.59517121    
   1955.73743       3.46524811    
   1985.85205       3.36511898    
   2000.00000       3.31808305    
   2014.14807       3.27105975    
   2044.26257       3.17097926    
   2083.33325       3.04114962    
   2122.40405       2.91133428    
   2152.51880       2.81128716    
   2166.66675       2.76428890    
   2180.81470       2.71730208    
   2210.92920       2.61729789    
   2250.00000       2.48756528    
   2289.07080       2.35784507    
   2319.18530       2.25786972    
   2333.33325       2.21090436    
   2347.48145       2.16394854    
   2377.59595       2.06400919    
   2416.66675       1.93435836    
   2455.73755       1.80471754    
   2485.85205       1.70480144    
   2500.00000       1.65786326    
   2514.14795       1.61093247    
   2544.26270       1.51104450    
   2583.33325       1.38145769    
   2622.40405       1.25187814    
   2652.51880       1.15200722    
   2666.66675       1.10508943    
   2680.81470       1.05817664    
   2710.92920      0.958324969    
   2750.00000      0.828782380    
   2789.07080      0.699244380    
   2819.18530      0.599403143    
   2833.33350      0.552498281    
   2847.48145      0.505596042    
   2877.59595      0.405764580    
   2916.66675      0.276245296    
   2955.73755      0.146727532    
   2985.85205       4.68996167E-02
   3000.00000       1.32597037E-04
