   0.00000000       9.99995518    
   42.4440269       9.85791969    
   132.787796       9.55550003    
   250.000000       9.16315746    
   367.212189       8.77084637    
   457.555969       8.46849918    
   500.000000       8.32647228    
   542.444031       8.18449879    
   632.787781       7.88234806    
   750.000000       7.49041271    
   867.212219       7.09856319    
   957.555969       6.79661083    
   1000.00000       6.65478563    
   1042.44397       6.51305056    
   1132.78784       6.21143866    
   1250.00000       5.82024002    
   1367.21216       5.42915821    
   1457.55603       5.12781715    
   1500.00000       4.98628569    
   1514.14795       4.93913126    
   1544.26257       4.83877182    
   1583.33337       4.70857859    
   1622.40405       4.57839870    
   1652.51868       4.47807026    
   1666.66663       4.43094015    
   1680.81470       4.38382101    
   1710.92932       4.28353596    
   1750.00000       4.15343904    
   1789.07080       4.02335548    
   1819.18530       3.92310047    
   1833.33337       3.87600470    
   1847.48132       3.82891941    
   1877.59595       3.72870588    
   1916.66663       3.59870100    
   1955.73743       3.46870875    
   1985.85205       3.36852360    
   2000.00000       3.32146001    
   2014.14807       3.27440667    
   2044.26257       3.17425942    
   2083.33325       3.04433990    
   2122.40405       2.91443133    
   2152.51880       2.81431007    
   2166.66675       2.76727605    
   2180.81470       2.72025084    
   2210.92920       2.62016296    
   2250.00000       2.49031901    
   2289.07080       2.36048460    
   2319.18530       2.26041913    
   2333.33325       2.21341062    
   2347.48145       2.16640973    
   2377.59595       2.06637239    
   2416.66675       1.93659198    
   2455.73755       1.80681932    
   2485.85205       1.70680010    
   2500.00000       1.65981281    
   2514.14795       1.61283123    
   2544.26270       1.51283383    
   2583.33325       1.38310325    
   2622.40405       1.25337851    
   2652.51880       1.15339434    
   2666.66675       1.10642290    
   2680.81470       1.05945539    
   2710.92920      0.959486246    
   2750.00000      0.829790175    
   2789.07080      0.700097620    
   2819.18530      0.600136697    
   2833.33350      0.553175330    
   2847.48145      0.506215990    
   2877.59595      0.406262606    
   2916.66675      0.276584655    
   2955.73755      0.146907896    
   2985.85205       4.69572842E-02
   3000.00000       1.32760091E-04
