   0.00000000       9.99995518    
   42.4440269       9.85796738    
   132.787796       9.55564976    
   250.000000       9.16343784    
   367.212189       8.77125549    
   457.555969       8.46900463    
   500.000000       8.32702160    
   542.444031       8.18508720    
   632.787781       7.88301706    
   750.000000       7.49117994    
   867.212219       7.09942198    
   957.555969       6.79753447    
   1000.00000       6.65573692    
   1042.44397       6.51402187    
   1132.78784       6.21244764    
   1250.00000       5.82128811    
   1367.21216       5.43023634    
   1457.55603       5.12891102    
   1500.00000       4.98738337    
   1514.14795       4.94022894    
   1544.26257       4.83986759    
   1583.33337       4.70967054    
   1622.40405       4.57948637    
   1652.51868       4.47915411    
   1666.66663       4.43202114    
   1680.81470       4.38489914    
   1710.92932       4.28460598    
   1750.00000       4.15449810    
   1789.07080       4.02440214    
   1819.18530       3.92413712    
   1833.33337       3.87703609    
   1847.48132       3.82994485    
   1877.59595       3.72971773    
   1916.66663       3.59969449    
   1955.73743       3.46968269    
   1985.85205       3.36948180    
   2000.00000       3.32241058    
   2014.14807       3.27534842    
   2044.26257       3.17518258    
   2083.33325       3.04523778    
   2122.40405       2.91530299    
   2152.51880       2.81516099    
   2166.66675       2.76811671    
   2180.81470       2.72108078    
   2210.92920       2.62096930    
   2250.00000       2.49109387    
   2289.07080       2.36122751    
   2319.18530       2.26113653    
   2333.33325       2.21411610    
   2347.48145       2.16710234    
   2377.59595       2.06703734    
   2416.66675       1.93722057    
   2455.73755       1.80741096    
   2485.85205       1.70736265    
   2500.00000       1.66036141    
   2514.14795       1.61336565    
   2544.26270       1.51333749    
   2583.33325       1.38356638    
   2622.40405       1.25380075    
   2652.51880       1.15378475    
   2666.66675       1.10679817    
   2680.81470       1.05981529    
   2710.92920      0.959813118    
   2750.00000      0.830073833    
   2789.07080      0.700337827    
   2819.18530      0.600343168    
   2833.33350      0.553365886    
   2847.48145      0.506390452    
   2877.59595      0.406402797    
   2916.66675      0.276680171    
   2955.73755      0.146958649    
   2985.85205       4.69735153E-02
   3000.00000       1.32805988E-04
