   0.00000000       9.99995518    
   42.4440269       9.85794353    
   132.787796       9.55557632    
   250.000000       9.16330051    
   367.212189       8.77105522    
   457.555969       8.46875668    
   500.000000       8.32675266    
   542.444031       8.18479919    
   632.787781       7.88268948    
   750.000000       7.49080420    
   867.212219       7.09900141    
   957.555969       6.79708195    
   1000.00000       6.65527105    
   1042.44397       6.51354647    
   1132.78784       6.21195364    
   1250.00000       5.82077503    
   1367.21216       5.42970848    
   1457.55603       5.12837553    
   1500.00000       4.98684597    
   1514.14795       4.93969154    
   1544.26257       4.83933115    
   1583.33337       4.70913601    
   1622.40405       4.57895422    
   1652.51868       4.47862339    
   1666.66663       4.43149185    
   1680.81470       4.38437128    
   1710.92932       4.28408194    
   1750.00000       4.15397930    
   1789.07080       4.02388954    
   1819.18530       3.92362976    
   1833.33337       3.87653112    
   1847.48132       3.82944298    
   1877.59595       3.72922230    
   1916.66663       3.59920812    
   1955.73743       3.46920586    
   1985.85205       3.36901283    
   2000.00000       3.32194519    
   2014.14807       3.27488732    
   2044.26257       3.17473054    
   2083.33325       3.04479814    
   2122.40405       2.91487622    
   2152.51880       2.81474447    
   2166.66675       2.76770520    
   2180.81470       2.72067451    
   2210.92920       2.62057471    
   2250.00000       2.49071455    
   2289.07080       2.36086369    
   2319.18530       2.26078534    
   2333.33325       2.21377063    
   2347.48145       2.16676331    
   2377.59595       2.06671190    
   2416.66675       1.93691278    
   2455.73755       1.80712128    
   2485.85205       1.70708716    
   2500.00000       1.66009283    
   2514.14795       1.61310399    
   2544.26270       1.51309085    
   2583.33325       1.38333964    
   2622.40405       1.25359404    
   2652.51880       1.15359366    
   2666.66675       1.10661447    
   2680.81470       1.05963910    
   2710.92920      0.959653080    
   2750.00000      0.829934955    
   2789.07080      0.700220227    
   2819.18530      0.600242078    
   2833.33350      0.553272605    
   2847.48145      0.506305039    
   2877.59595      0.406334162    
   2916.66675      0.276633412    
   2955.73755      0.146933794    
   2985.85205       4.69655693E-02
   3000.00000       1.32783520E-04
