   0.00000000       9.99995518    
   42.4440269       9.85789394    
   132.787796       9.55541992    
   250.000000       9.16300774    
   367.212189       8.77062798    
   457.555969       8.46823025    
   500.000000       8.32618046    
   542.444031       8.18418503    
   632.787781       7.88199186    
   750.000000       7.49000406    
   867.212219       7.09810591    
   957.555969       6.79611921    
   1000.00000       6.65427971    
   1042.44397       6.51253366    
   1132.78784       6.21090174    
   1250.00000       5.81968212    
   1367.21216       5.42858458    
   1457.55603       5.12723494    
   1500.00000       4.98570108    
   1514.14795       4.93854761    
   1544.26257       4.83818865    
   1583.33337       4.70799732    
   1622.40405       4.57781982    
   1652.51868       4.47749376    
   1666.66663       4.43036461    
   1680.81470       4.38324738    
   1710.92932       4.28296661    
   1750.00000       4.15287542    
   1789.07080       4.02279806    
   1819.18530       3.92254901    
   1833.33337       3.87545562    
   1847.48132       3.82837367    
   1877.59595       3.72816730    
   1916.66663       3.59817243    
   1955.73743       3.46819043    
   1985.85205       3.36801386    
   2000.00000       3.32095432    
   2014.14807       3.27390528    
   2044.26257       3.17376804    
   2083.33325       3.04386210    
   2122.40405       2.91396761    
   2152.51880       2.81385732    
   2166.66675       2.76682854    
   2180.81470       2.71980906    
   2210.92920       2.61973381    
   2250.00000       2.48990655    
   2289.07080       2.36008930    
   2319.18530       2.26003718    
   2333.33325       2.21303535    
   2347.48145       2.16604114    
   2377.59595       2.06601834    
   2416.66675       1.93625736    
   2455.73755       1.80650461    
   2485.85205       1.70650077    
   2500.00000       1.65952075    
   2514.14795       1.61254692    
   2544.26270       1.51256585    
   2583.33325       1.38285685    
   2622.40405       1.25315368    
   2652.51880       1.15318668    
   2666.66675       1.10622323    
   2680.81470       1.05926383    
   2710.92920      0.959312320    
   2750.00000      0.829639256    
   2789.07080      0.699969828    
   2819.18530      0.600026846    
   2833.33350      0.553073943    
   2847.48145      0.506123126    
   2877.59595      0.406188011    
   2916.66675      0.276533842    
   2955.73755      0.146880880    
   2985.85205       4.69486490E-02
   3000.00000       1.32735673E-04
