   0.00000000       9.99995518    
   42.4440269       9.85786724    
   132.787796       9.55533695    
   250.000000       9.16285133    
   367.212189       8.77040100    
   457.555969       8.46794891    
   500.000000       8.32587528    
   542.444031       8.18385887    
   632.787781       7.88162041    
   750.000000       7.48957825    
   867.212219       7.09762955    
   957.555969       6.79560709    
   1000.00000       6.65375185    
   1042.44397       6.51199436    
   1132.78784       6.21034193    
   1250.00000       5.81910038    
   1367.21216       5.42798615    
   1457.55603       5.12662792    
   1500.00000       4.98509216    
   1514.14795       4.93793869    
   1544.26257       4.83758068    
   1583.33337       4.70739126    
   1622.40405       4.57721615    
   1652.51868       4.47689295    
   1666.66663       4.42976475    
   1680.81470       4.38264942    
   1710.92932       4.28237295    
   1750.00000       4.15228796    
   1789.07080       4.02221727    
   1819.18530       3.92197371    
   1833.33337       3.87488341    
   1847.48132       3.82780480    
   1877.59595       3.72760582    
   1916.66663       3.59762120    
   1955.73743       3.46764994    
   1985.85205       3.36748219    
   2000.00000       3.32042694    
   2014.14807       3.27338266    
   2044.26257       3.17325592    
   2083.33325       3.04336381    
   2122.40405       2.91348386    
   2152.51880       2.81338525    
   2166.66675       2.76636219    
   2180.81470       2.71934867    
   2210.92920       2.61928654    
   2250.00000       2.48947644    
   2289.07080       2.35967708    
   2319.18530       2.25963902    
   2333.33325       2.21264386    
   2347.48145       2.16565681    
   2377.59595       2.06564951    
   2416.66675       1.93590868    
   2455.73755       1.80617630    
   2485.85205       1.70618868    
   2500.00000       1.65921640    
   2514.14795       1.61225033    
   2544.26270       1.51228642    
   2583.33325       1.38259983    
   2622.40405       1.25291944    
   2652.51880       1.15296996    
   2666.66675       1.10601497    
   2680.81470       1.05906415    
   2710.92920      0.959131002    
   2750.00000      0.829481900    
   2789.07080      0.699836612    
   2819.18530      0.599912286    
   2833.33350      0.552968204    
   2847.48145      0.506026328    
   2877.59595      0.406110257    
   2916.66675      0.276480824    
   2955.73755      0.146852717    
   2985.85205       4.69396412E-02
   3000.00000       1.32710207E-04
