   0.00000000       9.99995518    
   42.4440269       9.85801125    
   132.787796       9.55578804    
   250.000000       9.16369629    
   367.212189       8.77163219    
   457.555969       8.46946907    
   500.000000       8.32752705    
   542.444031       8.18562889    
   632.787781       7.88363266    
   750.000000       7.49188614    
   867.212219       7.10021210    
   957.555969       6.79838371    
   1000.00000       6.65661192    
   1042.44397       6.51491594    
   1132.78784       6.21337557    
   1250.00000       5.82225227    
   1367.21216       5.43122816    
   1457.55603       5.12991714    
   1500.00000       4.98839331    
   1514.14795       4.94123840    
   1544.26257       4.84087515    
   1583.33337       4.71067572    
   1622.40405       4.58048725    
   1652.51868       4.48015070    
   1666.66663       4.43301582    
   1680.81470       4.38589048    
   1710.92932       4.28559017    
   1750.00000       4.15547228    
   1789.07080       4.02536488    
   1819.18530       3.92509079    
   1833.33337       3.87798500    
   1847.48132       3.83088827    
   1877.59595       3.73064876    
   1916.66663       3.60060859    
   1955.73743       3.47057867    
   1985.85205       3.37036347    
   2000.00000       3.32328510    
   2014.14807       3.27621508    
   2044.26257       3.17603183    
   2083.33325       3.04606366    
   2122.40405       2.91610503    
   2152.51880       2.81594348    
   2166.66675       2.76889014    
   2180.81470       2.72184420    
   2210.92920       2.62171125    
   2250.00000       2.49180698    
   2289.07080       2.36191082    
   2319.18530       2.26179671    
   2333.33325       2.21476507    
   2347.48145       2.16773963    
   2377.59595       2.06764936    
   2416.66675       1.93779886    
   2455.73755       1.80795515    
   2485.85205       1.70788002    
   2500.00000       1.66086626    
   2514.14795       1.61385727    
   2544.26270       1.51380074    
   2583.33325       1.38399255    
   2622.40405       1.25418913    
   2652.51880       1.15414393    
   2666.66675       1.10714352    
   2680.81470       1.06014633    
   2710.92920      0.960113823    
   2750.00000      0.830334783    
   2789.07080      0.700558722    
   2819.18530      0.600533068    
   2833.33350      0.553541183    
   2847.48145      0.506550968    
   2877.59595      0.406531721    
   2916.66675      0.276768029    
   2955.73755      0.147005349    
   2985.85205       4.69884463E-02
   3000.00000       1.32848203E-04
