   0.00000000       9.99995518    
   42.4440269       9.85807133    
   132.787796       9.55597401    
   250.000000       9.16404629    
   367.212189       8.77214146    
   457.555969       8.47009850    
   500.000000       8.32820988    
   542.444031       8.18636131    
   632.787781       7.88446522    
   750.000000       7.49284077    
   867.212219       7.10128069    
   957.555969       6.79953241    
   1000.00000       6.65779448    
   1042.44397       6.51612425    
   1132.78784       6.21463013    
   1250.00000       5.82355595    
   1367.21216       5.43256903    
   1457.55603       5.13127756    
   1500.00000       4.98975897    
   1514.14795       4.94260311    
   1544.26257       4.84223795    
   1583.33337       4.71203375    
   1622.40405       4.58184004    
   1652.51868       4.48149824    
   1666.66663       4.43436003    
   1680.81470       4.38723087    
   1710.92932       4.28692102    
   1750.00000       4.15678930    
   1789.07080       4.02666664    
   1819.18530       3.92637992    
   1833.33337       3.87926769    
   1847.48132       3.83216357    
   1877.59595       3.73190737    
   1916.66663       3.60184407    
   1955.73743       3.47179008    
   1985.85205       3.37155509    
   2000.00000       3.32446718    
   2014.14807       3.27738667    
   2044.26257       3.17718005    
   2083.33325       3.04718041    
   2122.40405       2.91718888    
   2152.51880       2.81700158    
   2166.66675       2.76993561    
   2180.81470       2.72287631    
   2210.92920       2.62271404    
   2250.00000       2.49277091    
   2289.07080       2.36283469    
   2319.18530       2.26268911    
   2333.33325       2.21564221    
   2347.48145       2.16860104    
   2377.59595       2.06847644    
   2416.66675       1.93858063    
   2455.73755       1.80869079    
   2485.85205       1.70857966    
   2500.00000       1.66154861    
   2514.14795       1.61452186    
   2544.26270       1.51442707    
   2583.33325       1.38456857    
   2622.40405       1.25471437    
   2652.51880       1.15462947    
   2666.66675       1.10761023    
   2680.81470       1.06059396    
   2710.92920      0.960520327    
   2750.00000      0.830687523    
   2789.07080      0.700857401    
   2819.18530      0.600789845    
   2833.33350      0.553778172    
   2847.48145      0.506767988    
   2877.59595      0.406706065    
   2916.66675      0.276886821    
   2955.73755      0.147068486    
   2985.85205       4.70086336E-02
   3000.00000       1.32905276E-04
