   0.00000000       9.99995518    
   42.4440269       9.85805225    
   132.787796       9.55591488    
   250.000000       9.16393471    
   367.212189       8.77197838    
   457.555969       8.46989727    
   500.000000       8.32799149    
   542.444031       8.18612766    
   632.787781       7.88419914    
   750.000000       7.49253559    
   867.212219       7.10093927    
   957.555969       6.79916525    
   1000.00000       6.65741682    
   1042.44397       6.51573801    
   1132.78784       6.21422911    
   1250.00000       5.82313919    
   1367.21216       5.43214083    
   1457.55603       5.13084269    
   1500.00000       4.98932266    
   1514.14795       4.94216728    
   1544.26257       4.84180260    
   1583.33337       4.71159983    
   1622.40405       4.58140755    
   1652.51868       4.48106766    
   1666.66663       4.43393087    
   1680.81470       4.38680267    
   1710.92932       4.28649616    
   1750.00000       4.15636826    
   1789.07080       4.02625084    
   1819.18530       3.92596793    
   1833.33337       3.87885785    
   1847.48132       3.83175611    
   1877.59595       3.73150516    
   1916.66663       3.60144925    
   1955.73743       3.47140288    
   1985.85205       3.37117434    
   2000.00000       3.32408953    
   2014.14807       3.27701235    
   2044.26257       3.17681313    
   2083.33325       3.04682350    
   2122.40405       2.91684270    
   2152.51880       2.81666350    
   2166.66675       2.76960158    
   2180.81470       2.72254658    
   2210.92920       2.62239361    
   2250.00000       2.49246287    
   2289.07080       2.36253953    
   2319.18530       2.26240396    
   2333.33325       2.21536207    
   2347.48145       2.16832590    
   2377.59595       2.06821203    
   2416.66675       1.93833089    
   2455.73755       1.80845571    
   2485.85205       1.70835614    
   2500.00000       1.66133058    
   2514.14795       1.61430955    
   2544.26270       1.51422691    
   2583.33325       1.38438451    
   2622.40405       1.25454652    
   2652.51880       1.15447438    
   2666.66675       1.10746109    
   2680.81470       1.06045091    
   2710.92920      0.960390389    
   2750.00000      0.830574811    
   2789.07080      0.700761974    
   2819.18530      0.600707769    
   2833.33350      0.553702414    
   2847.48145      0.506698608    
   2877.59595      0.406650364    
   2916.66675      0.276848882    
   2955.73755      0.147048309    
   2985.85205       4.70021814E-02
   3000.00000       1.32887028E-04
