   0.00000000       9.99995518    
   42.4440269       9.85803223    
   132.787796       9.55585289    
   250.000000       9.16381741    
   367.212189       8.77180862    
   457.555969       8.46968746    
   500.000000       8.32776451    
   542.444031       8.18588352    
   632.787781       7.88392162    
   750.000000       7.49221754    
   867.212219       7.10058308    
   957.555969       6.79878283    
   1000.00000       6.65702248    
   1042.44397       6.51533556    
   1132.78784       6.21381140    
   1250.00000       5.82270527    
   1367.21216       5.43169403    
   1457.55603       5.13038969    
   1500.00000       4.98886776    
   1514.14795       4.94171238    
   1544.26257       4.84134865    
   1583.33337       4.71114731    
   1622.40405       4.58095694    
   1652.51868       4.48061848    
   1666.66663       4.43348265    
   1680.81470       4.38635588    
   1710.92932       4.28605270    
   1750.00000       4.15592957    
   1789.07080       4.02581739    
   1819.18530       3.92553854    
   1833.33337       3.87843037    
   1847.48132       3.83133125    
   1877.59595       3.73108602    
   1916.66663       3.60103774    
   1955.73743       3.47099948    
   1985.85205       3.37077737    
   2000.00000       3.32369566    
   2014.14807       3.27662206    
   2044.26257       3.17643070    
   2083.33325       3.04645157    
   2122.40405       2.91648149    
   2152.51880       2.81631112    
   2166.66675       2.76925325    
   2180.81470       2.72220278    
   2210.92920       2.62205958    
   2250.00000       2.49214172    
   2289.07080       2.36223173    
   2319.18530       2.26210666    
   2333.33325       2.21506977    
   2347.48145       2.16803885    
   2377.59595       2.06793666    
   2416.66675       1.93807042    
   2455.73755       1.80821061    
   2485.85205       1.70812309    
   2500.00000       1.66110325    
   2514.14795       1.61408806    
   2544.26270       1.51401830    
   2583.33325       1.38419259    
   2622.40405       1.25437152    
   2652.51880       1.15431261    
   2666.66675       1.10730565    
   2680.81470       1.06030178    
   2710.92920      0.960254967    
   2750.00000      0.830457270    
   2789.07080      0.700662494    
   2819.18530      0.600622237    
   2833.33350      0.553623497    
   2847.48145      0.506626368    
   2877.59595      0.406592280    
   2916.66675      0.276809305    
   2955.73755      0.147027284    
   2985.85205       4.69954573E-02
   3000.00000       1.32868023E-04
