   0.00000000       9.99995518    
   42.4440269       9.85799026    
   132.787796       9.55572033    
   250.000000       9.16357040    
   367.212189       8.77144718    
   457.555969       8.46924210    
   500.000000       8.32728004    
   542.444031       8.18536377    
   632.787781       7.88333130    
   750.000000       7.49154043    
   867.212219       7.09982538    
   957.555969       6.79796791    
   1000.00000       6.65618324    
   1042.44397       6.51447821    
   1132.78784       6.21292114    
   1250.00000       5.82178020    
   1367.21216       5.43074274    
   1457.55603       5.12942457    
   1500.00000       4.98789883    
   1514.14795       4.94074440    
   1544.26257       4.84038162    
   1583.33337       4.71018362    
   1622.40405       4.57999706    
   1652.51868       4.47966290    
   1666.66663       4.43252897    
   1680.81470       4.38540506    
   1710.92932       4.28510857    
   1750.00000       4.15499496    
   1789.07080       4.02489376    
   1819.18530       3.92462397    
   1833.33337       3.87752032    
   1847.48132       3.83042645    
   1877.59595       3.73019290    
   1916.66663       3.60016108    
   1955.73743       3.47013998    
   1985.85205       3.36993194    
   2000.00000       3.32285690    
   2014.14807       3.27579093    
   2044.26257       3.17561603    
   2083.33325       3.04565930    
   2122.40405       2.91571236    
   2152.51880       2.81556034    
   2166.66675       2.76851153    
   2180.81470       2.72147036    
   2210.92920       2.62134814    
   2250.00000       2.49145794    
   2289.07080       2.36157632    
   2319.18530       2.26147342    
   2333.33325       2.21444726    
   2347.48145       2.16742754    
   2377.59595       2.06734967    
   2416.66675       1.93751574    
   2455.73755       1.80768871    
   2485.85205       1.70762670    
   2500.00000       1.66061914    
   2514.14795       1.61361659    
   2544.26270       1.51357388    
   2583.33325       1.38378394    
   2622.40405       1.25399899    
   2652.51880       1.15396810    
   2666.66675       1.10697448    
   2680.81470       1.05998433    
   2710.92920      0.959966600    
   2750.00000      0.830207050    
   2789.07080      0.700450540    
   2819.18530      0.600440085    
   2833.33350      0.553455353    
   2847.48145      0.506472409    
   2877.59595      0.406468600    
   2916.66675      0.276725024    
   2955.73755      0.146982491    
   2985.85205       4.69811372E-02
   3000.00000       1.32827525E-04
