   0.00000000       9.99995518    
   42.4440269       9.85813999    
   132.787796       9.55618954    
   250.000000       9.16444874    
   367.212189       8.77272797    
   457.555969       8.47082329    
   500.000000       8.32899761    
   542.444031       8.18720531    
   632.787781       7.88542461    
   750.000000       7.49394131    
   867.212219       7.10251188    
   957.555969       6.80085659    
   1000.00000       6.65915823    
   1042.44397       6.51751709    
   1132.78784       6.21607637    
   1250.00000       5.82505894    
   1367.21216       5.43411493    
   1457.55603       5.13284540    
   1500.00000       4.99133301    
   1514.14795       4.94417667    
   1544.26257       4.84380865    
   1583.33337       4.71359968    
   1622.40405       4.58339930    
   1652.51868       4.48305130    
   1666.66663       4.43591022    
   1680.81470       4.38877630    
   1710.92932       4.28845549    
   1750.00000       4.15830708    
   1789.07080       4.02816772    
   1819.18530       3.92786598    
   1833.33337       3.88074636    
   1847.48132       3.83363366    
   1877.59595       3.73335814    
   1916.66663       3.60326838    
   1955.73743       3.47318649    
   1985.85205       3.37292886    
   2000.00000       3.32582998    
   2014.14807       3.27873707    
   2044.26257       3.17850351    
   2083.33325       3.04846764    
   2122.40405       2.91843867    
   2152.51880       2.81822157    
   2166.66675       2.77114105    
   2180.81470       2.72406626    
   2210.92920       2.62387013    
   2250.00000       2.49388194    
   2289.07080       2.36389971    
   2319.18530       2.26371789    
   2333.33325       2.21665359    
   2347.48145       2.16959405    
   2377.59595       2.06942987    
   2416.66675       1.93948197    
   2455.73755       1.80953884    
   2485.85205       1.70938611    
   2500.00000       1.66233528    
   2514.14795       1.61528802    
   2544.26270       1.51514912    
   2583.33325       1.38523257    
   2622.40405       1.25531971    
   2652.51880       1.15518916    
   2666.66675       1.10814834    
   2680.81470       1.06110990    
   2710.92920      0.960988879    
   2750.00000      0.831094205    
   2789.07080      0.701201737    
   2819.18530      0.601085842    
   2833.33350      0.554051340    
   2847.48145      0.507018149    
   2877.59595      0.406907022    
   2916.66675      0.277023762    
   2955.73755      0.147141263    
   2985.85205       4.70319018E-02
   3000.00000       1.32971065E-04
