   0.00000000       9.99995518    
   42.4440269       9.85812378    
   132.787796       9.55613899    
   250.000000       9.16435432    
   367.212189       8.77259064    
   457.555969       8.47065258    
   500.000000       8.32881260    
   542.444031       8.18700695    
   632.787781       7.88519955    
   750.000000       7.49368286    
   867.212219       7.10222292    
   957.555969       6.80054569    
   1000.00000       6.65883827    
   1042.44397       6.51719046    
   1132.78784       6.21573734    
   1250.00000       5.82470608    
   1367.21216       5.43375254    
   1457.55603       5.13247776    
   1500.00000       4.99096394    
   1514.14795       4.94380760    
   1544.26257       4.84344006    
   1583.33337       4.71323252    
   1622.40405       4.58303356    
   1652.51868       4.48268700    
   1666.66663       4.43554640    
   1680.81470       4.38841343    
   1710.92932       4.28809547    
   1750.00000       4.15795135    
   1789.07080       4.02781534    
   1819.18530       3.92751741    
   1833.33337       3.88039947    
   1847.48132       3.83328891    
   1877.59595       3.73301792    
   1916.66663       3.60293436    
   1955.73743       3.47285891    
   1985.85205       3.37260675    
   2000.00000       3.32551026    
   2014.14807       3.27842045    
   2044.26257       3.17819309    
   2083.33325       3.04816556    
   2122.40405       2.91814542    
   2152.51880       2.81793523    
   2166.66675       2.77085829    
   2180.81470       2.72378707    
   2210.92920       2.62359905    
   2250.00000       2.49362135    
   2289.07080       2.36364985    
   2319.18530       2.26347661    
   2333.33325       2.21641636    
   2347.48145       2.16936111    
   2377.59595       2.06920624    
   2416.66675       1.93927050    
   2455.73755       1.80933988    
   2485.85205       1.70919693    
   2500.00000       1.66215074    
   2514.14795       1.61510825    
   2544.26270       1.51497972    
   2583.33325       1.38507676    
   2622.40405       1.25517774    
   2652.51880       1.15505791    
   2666.66675       1.10802209    
   2680.81470       1.06098890    
   2710.92920      0.960878968    
   2750.00000      0.830998778    
   2789.07080      0.701120973    
   2819.18530      0.601016402    
   2833.33350      0.553987265    
   2847.48145      0.506959438    
   2877.59595      0.406859875    
   2916.66675      0.276991636    
   2955.73755      0.147124186    
   2985.85205       4.70264442E-02
   3000.00000       1.32955625E-04
