   0.00000000       9.99995518    
   42.4440269       9.85810757    
   132.787796       9.55608654    
   250.000000       9.16425610    
   367.212189       8.77244663    
   457.555969       8.47047520    
   500.000000       8.32861996    
   542.444031       8.18680096    
   632.787781       7.88496494    
   750.000000       7.49341393    
   867.212219       7.10192204    
   957.555969       6.80022192    
   1000.00000       6.65850496    
   1042.44397       6.51684952    
   1132.78784       6.21538353    
   1250.00000       5.82433844    
   1367.21216       5.43337440    
   1457.55603       5.13209438    
   1500.00000       4.99057865    
   1514.14795       4.94342279    
   1544.26257       4.84305620    
   1583.33337       4.71284962    
   1622.40405       4.58265209    
   1652.51868       4.48230696    
   1666.66663       4.43516731    
   1680.81470       4.38803577    
   1710.92932       4.28772020    
   1750.00000       4.15757990    
   1789.07080       4.02744865    
   1819.18530       3.92715383    
   1833.33337       3.88003802    
   1847.48132       3.83292937    
   1877.59595       3.73266292    
   1916.66663       3.60258603    
   1955.73743       3.47251725    
   1985.85205       3.37227058    
   2000.00000       3.32517695    
   2014.14807       3.27809000    
   2044.26257       3.17786932    
   2083.33325       3.04785085    
   2122.40405       2.91784000    
   2152.51880       2.81763697    
   2166.66675       2.77056360    
   2180.81470       2.72349620    
   2210.92920       2.62331629    
   2250.00000       2.49334955    
   2289.07080       2.36338949    
   2319.18530       2.26322484    
   2333.33325       2.21616912    
   2347.48145       2.16911840    
   2377.59595       2.06897306    
   2416.66675       1.93905008    
   2455.73755       1.80913246    
   2485.85205       1.70899975    
   2500.00000       1.66195834    
   2514.14795       1.61492097    
   2544.26270       1.51480317    
   2583.33325       1.38491440    
   2622.40405       1.25502968    
   2652.51880       1.15492105    
   2666.66675       1.10789049    
   2680.81470       1.06086278    
   2710.92920      0.960764349    
   2750.00000      0.830899358    
   2789.07080      0.701036751    
   2819.18530      0.600943983    
   2833.33350      0.553920448    
   2847.48145      0.506898284    
   2877.59595      0.406810731    
   2916.66675      0.276958168    
   2955.73755      0.147106394    
   2985.85205       4.70207520E-02
   3000.00000       1.32939531E-04
