   0.00000000       9.99995518    
   42.4440269       9.85815620    
   132.787796       9.55623817    
   250.000000       9.16453934    
   367.212189       8.77285957    
   457.555969       8.47098637    
   500.000000       8.32917500    
   542.444031       8.18739510    
   632.787781       7.88564014    
   750.000000       7.49418879    
   867.212219       7.10278893    
   957.555969       6.80115414    
   1000.00000       6.65946531    
   1042.44397       6.51783037    
   1132.78784       6.21640205    
   1250.00000       5.82539701    
   1367.21216       5.43446255    
   1457.55603       5.13319826    
   1500.00000       4.99168730    
   1514.14795       4.94453049    
   1544.26257       4.84416199    
   1583.33337       4.71395206    
   1622.40405       4.58375025    
   1652.51868       4.48340082    
   1666.66663       4.43625879    
   1680.81470       4.38912392    
   1710.92932       4.28880024    
   1750.00000       4.15864897    
   1789.07080       4.02850533    
   1819.18530       3.92820048    
   1833.33337       3.88107920    
   1847.48132       3.83396459    
   1877.59595       3.73368454    
   1916.66663       3.60358882    
   1955.73743       3.47350073    
   1985.85205       3.37323809    
   2000.00000       3.32613659    
   2014.14807       3.27904105    
   2044.26257       3.17880130    
   2083.33325       3.04875731    
   2122.40405       2.91871977    
   2152.51880       2.81849599    
   2166.66675       2.77141213    
   2180.81470       2.72433400    
   2210.92920       2.62413025    
   2250.00000       2.49413180    
   2289.07080       2.36413932    
   2319.18530       2.26394939    
   2333.33325       2.21688128    
   2347.48145       2.16981769    
   2377.59595       2.06964445    
   2416.66675       1.93968475    
   2455.73755       1.80972970    
   2485.85205       1.70956755    
   2500.00000       1.66251218    
   2514.14795       1.61546040    
   2544.26270       1.51531148    
   2583.33325       1.38538194    
   2622.40405       1.25545597    
   2652.51880       1.15531516    
   2666.66675       1.10826945    
   2680.81470       1.06122601    
   2710.92920      0.961094320    
   2750.00000      0.831185699    
   2789.07080      0.701279163    
   2819.18530      0.601152420    
   2833.33350      0.554112792    
   2847.48145      0.507074416    
   2877.59595      0.406952232    
   2916.66675      0.277054578    
   2955.73755      0.147157639    
   2985.85205       4.70371358E-02
   3000.00000       1.32985864E-04
