   0.00000000       9.99995518    
   42.4440269       9.85808945    
   132.787796       9.55603123    
   250.000000       9.16415310    
   367.212189       8.77229691    
   457.555969       8.47029114    
   500.000000       8.32841969    
   542.444031       8.18658543    
   632.787781       7.88472033    
   750.000000       7.49313307    
   867.212219       7.10160780    
   957.555969       6.79988432    
   1000.00000       6.65815735    
   1042.44397       6.51649427    
   1132.78784       6.21501493    
   1250.00000       5.82395554    
   1367.21216       5.43298006    
   1457.55603       5.13169432    
   1500.00000       4.99017715    
   1514.14795       4.94302177    
   1544.26257       4.84265566    
   1583.33337       4.71245003    
   1622.40405       4.58225441    
   1652.51868       4.48191118    
   1666.66663       4.43477249    
   1680.81470       4.38764191    
   1710.92932       4.28732920    
   1750.00000       4.15719271    
   1789.07080       4.02706575    
   1819.18530       3.92677498    
   1833.33337       3.87966084    
   1847.48132       3.83255434    
   1877.59595       3.73229313    
   1916.66663       3.60222268    
   1955.73743       3.47216129    
   1985.85205       3.37192035    
   2000.00000       3.32482934    
   2014.14807       3.27774572    
   2044.26257       3.17753196    
   2083.33325       3.04752254    
   2122.40405       2.91752124    
   2152.51880       2.81732607    
   2166.66675       2.77025604    
   2180.81470       2.72319269    
   2210.92920       2.62302136    
   2250.00000       2.49306631    
   2289.07080       2.36311793    
   2319.18530       2.26296258    
   2333.33325       2.21591115    
   2347.48145       2.16886497    
   2377.59595       2.06872988    
   2416.66675       1.93882024    
   2455.73755       1.80891621    
   2485.85205       1.70879412    
   2500.00000       1.66175771    
   2514.14795       1.61472559    
   2544.26270       1.51461899    
   2583.33325       1.38474512    
   2622.40405       1.25487530    
   2652.51880       1.15477824    
   2666.66675       1.10775328    
   2680.81470       1.06073117    
   2710.92920      0.960644901    
   2750.00000      0.830795646    
   2789.07080      0.700948954    
   2819.18530      0.600868523    
   2833.33350      0.553850770    
   2847.48145      0.506834447    
   2877.59595      0.406759501    
   2916.66675      0.276923239    
   2955.73755      0.147087842    
   2985.85205       4.70148176E-02
   3000.00000       1.32922767E-04
