   0.00000000       9.99995518    
   42.4440269       9.85821152    
   132.787796       9.55641270    
   250.000000       9.16486645    
   367.212189       8.77333641    
   457.555969       8.47157383    
   500.000000       8.32981396    
   542.444031       8.18808079    
   632.787781       7.88641930    
   750.000000       7.49508190    
   867.212219       7.10378885    
   957.555969       6.80222893    
   1000.00000       6.66057205    
   1042.44397       6.51896095    
   1132.78784       6.21757603    
   1250.00000       5.82661676    
   1367.21216       5.43571758    
   1457.55603       5.13447142    
   1500.00000       4.99296474    
   1514.14795       4.94580793    
   1544.26257       4.84543705    
   1583.33337       4.71522331    
   1622.40405       4.58501625    
   1652.51868       4.48466206    
   1666.66663       4.43751717    
   1680.81470       4.39037800    
   1710.92932       4.29004574    
   1750.00000       4.15988111    
   1789.07080       4.02972317    
   1819.18530       3.92940664    
   1833.33337       3.88227963    
   1847.48132       3.83515787    
   1877.59595       3.73486233    
   1916.66663       3.60474515    
   1955.73743       3.47463417    
   1985.85205       3.37435317    
   2000.00000       3.32724261    
   2014.14807       3.28013730    
   2044.26257       3.17987561    
   2083.33325       3.04980206    
   2122.40405       2.91973424    
   2152.51880       2.81948590    
   2166.66675       2.77239060    
   2180.81470       2.72529984    
   2210.92920       2.62506866    
   2250.00000       2.49503374    
   2289.07080       2.36500406    
   2319.18530       2.26478434    
   2333.33325       2.21770215    
   2347.48145       2.17062378    
   2377.59595       2.07041836    
   2416.66675       1.94041634    
   2455.73755       1.81041813    
   2485.85205       1.71022224    
   2500.00000       1.66315079    
   2514.14795       1.61608231    
   2544.26270       1.51589763    
   2583.33325       1.38592100    
   2622.40405       1.25594735    
   2652.51880       1.15576947    
   2666.66675       1.10870612    
   2680.81470       1.06164491    
   2710.92920      0.961474717    
   2750.00000      0.831515789    
   2789.07080      0.701558650    
   2819.18530      0.601392686    
   2833.33350      0.554334581    
   2847.48145      0.507277489    
   2877.59595      0.407115370    
   2916.66675      0.277165741    
   2955.73755      0.147216722    
   2985.85205       4.70560268E-02
   3000.00000       1.33039270E-04
