   0.00000000       9.99995518    
   42.4440269       9.85819912    
   132.787796       9.55637169    
   250.000000       9.16478920    
   367.212189       8.77322483    
   457.555969       8.47143650    
   500.000000       8.32966423    
   542.444031       8.18791962    
   632.787781       7.88623667    
   750.000000       7.49487257    
   867.212219       7.10355425    
   957.555969       6.80197716    
   1000.00000       6.66031218    
   1042.44397       6.51869583    
   1132.78784       6.21730089    
   1250.00000       5.82633066    
   1367.21216       5.43542290    
   1457.55603       5.13417292    
   1500.00000       4.99266529    
   1514.14795       4.94550800    
   1544.26257       4.84513807    
   1583.33337       4.71492529    
   1622.40405       4.58471918    
   1652.51868       4.48436594    
   1666.66663       4.43722200    
   1680.81470       4.39008379    
   1710.92932       4.28975344    
   1750.00000       4.15959215    
   1789.07080       4.02943754    
   1819.18530       3.92912364    
   1833.33337       3.88199806    
   1847.48132       3.83487797    
   1877.59595       3.73458600    
   1916.66663       3.60447383    
   1955.73743       3.47436833    
   1985.85205       3.37409163    
   2000.00000       3.32698321    
   2014.14807       3.27988005    
   2044.26257       3.17962360    
   2083.33325       3.04955697    
   2122.40405       2.91949630    
   2152.51880       2.81925368    
   2166.66675       2.77216101    
   2180.81470       2.72507310    
   2210.92920       2.62484860    
   2250.00000       2.49482226    
   2289.07080       2.36480117    
   2319.18530       2.26458836    
   2333.33325       2.21750951    
   2347.48145       2.17043447    
   2377.59595       2.07023692    
   2416.66675       1.94024467    
   2455.73755       1.81025660    
   2485.85205       1.71006858    
   2500.00000       1.66300094    
   2514.14795       1.61593640    
   2544.26270       1.51576018    
   2583.33325       1.38579452    
   2622.40405       1.25583208    
   2652.51880       1.15566289    
   2666.66675       1.10860372    
   2680.81470       1.06154668    
   2710.92920      0.961385489    
   2750.00000      0.831438363    
   2789.07080      0.701493084    
   2819.18530      0.601336300    
   2833.33350      0.554282546    
   2847.48145      0.507229805    
   2877.59595      0.407077104    
   2916.66675      0.277139664    
   2955.73755      0.147202864    
   2985.85205       4.70515937E-02
   3000.00000       1.33026741E-04
