   0.00000000       9.99995518    
   42.4440269       9.85817051    
   132.787796       9.55628395    
   250.000000       9.16462612    
   367.212189       8.77298641    
   457.555969       8.47114277    
   500.000000       8.32934475    
   542.444031       8.18757725    
   632.787781       7.88584757    
   750.000000       7.49442625    
   867.212219       7.10305500    
   957.555969       6.80144024    
   1000.00000       6.65975952    
   1042.44397       6.51813078    
   1132.78784       6.21671391    
   1250.00000       5.82572126    
   1367.21216       5.43479633    
   1457.55603       5.13353682    
   1500.00000       4.99202681    
   1514.14795       4.94487000    
   1544.26257       4.84450102    
   1583.33337       4.71429014    
   1622.40405       4.58408689    
   1652.51868       4.48373604    
   1666.66663       4.43659353    
   1680.81470       4.38945723    
   1710.92932       4.28913164    
   1750.00000       4.15897655    
   1789.07080       4.02882910    
   1819.18530       3.92852116    
   1833.33337       3.88139820    
   1847.48132       3.83428192    
   1877.59595       3.73399782    
   1916.66663       3.60389614    
   1955.73743       3.47380209    
   1985.85205       3.37353444    
   2000.00000       3.32643056    
   2014.14807       3.27933240    
   2044.26257       3.17908692    
   2083.33325       3.04903507    
   2122.40405       2.91898966    
   2152.51880       2.81875920    
   2166.66675       2.77167225    
   2180.81470       2.72459078    
   2210.92920       2.62437963    
   2250.00000       2.49437165    
   2289.07080       2.36436915    
   2319.18530       2.26417136    
   2333.33325       2.21709943    
   2347.48145       2.17003179    
   2377.59595       2.06985021    
   2416.66675       1.93987918    
   2455.73755       1.80991268    
   2485.85205       1.70974159    
   2500.00000       1.66268194    
   2514.14795       1.61562574    
   2544.26270       1.51546741    
   2583.33325       1.38552523    
   2622.40405       1.25558650    
   2652.51880       1.15543592    
   2666.66675       1.10838556    
   2680.81470       1.06133735    
   2710.92920      0.961195469    
   2750.00000      0.831273437    
   2789.07080      0.701353490    
   2819.18530      0.601216257    
   2833.33350      0.554171741    
   2847.48145      0.507128417    
   2877.59595      0.406995595    
   2916.66675      0.277084142    
   2955.73755      0.147173345    
   2985.85205       4.70421575E-02
   3000.00000       1.33000067E-04
