   0.00000000       9.99995518    
   42.4440269       9.85818481    
   132.787796       9.55632877    
   250.000000       9.16471004    
   367.212189       8.77310848    
   457.555969       8.47129250    
   500.000000       8.32950783    
   542.444031       8.18775177    
   632.787781       7.88604593    
   750.000000       7.49465370    
   867.212219       7.10330963    
   957.555969       6.80171394    
   1000.00000       6.66004181    
   1042.44397       6.51841927    
   1132.78784       6.21701336    
   1250.00000       5.82603216    
   1367.21216       5.43511629    
   1457.55603       5.13386154    
   1500.00000       4.99235249    
   1514.14795       4.94519567    
   1544.26257       4.84482622    
   1583.33337       4.71461439    
   1622.40405       4.58440971    
   1652.51868       4.48405790    
   1666.66663       4.43691397    
   1680.81470       4.38977718    
   1710.92932       4.28944921    
   1750.00000       4.15929079    
   1789.07080       4.02913952    
   1819.18530       3.92882872    
   1833.33337       3.88170433    
   1847.48132       3.83458614    
   1877.59595       3.73429799    
   1916.66663       3.60419106    
   1955.73743       3.47409105    
   1985.85205       3.37381887    
   2000.00000       3.32671261    
   2014.14807       3.27961206    
   2044.26257       3.17936087    
   2083.33325       3.04930139    
   2122.40405       2.91924810    
   2152.51880       2.81901169    
   2166.66675       2.77192187    
   2180.81470       2.72483706    
   2210.92920       2.62461901    
   2250.00000       2.49460173    
   2289.07080       2.36458969    
   2319.18530       2.26438427    
   2333.33325       2.21730876    
   2347.48145       2.17023730    
   2377.59595       2.07004762    
   2416.66675       1.94006574    
   2455.73755       1.81008828    
   2485.85205       1.70990849    
   2500.00000       1.66284478    
   2514.14795       1.61578429    
   2544.26270       1.51561677    
   2583.33325       1.38566267    
   2622.40405       1.25571191    
   2652.51880       1.15555179    
   2666.66675       1.10849690    
   2680.81470       1.06144416    
   2710.92920      0.961292446    
   2750.00000      0.831357598    
   2789.07080      0.701424778    
   2819.18530      0.601277530    
   2833.33350      0.554228306    
   2847.48145      0.507180154    
   2877.59595      0.407037199    
   2916.66675      0.277112484    
   2955.73755      0.147188410    
   2985.85205       4.70469743E-02
   3000.00000       1.33013673E-04
