   0.00000000       9.99995518    
   42.4440269       9.85822392    
   132.787796       9.55645180    
   250.000000       9.16493988    
   367.212189       8.77344322    
   457.555969       8.47170639    
   500.000000       8.32995796    
   542.444031       8.18823433    
   632.787781       7.88659430    
   750.000000       7.49528265    
   867.212219       7.10401344    
   957.555969       6.80247068    
   1000.00000       6.66082096    
   1042.44397       6.51921558    
   1132.78784       6.21784019    
   1250.00000       5.82689095    
   1367.21216       5.43599987    
   1457.55603       5.13475752    
   1500.00000       4.99325228    
   1514.14795       4.94609499    
   1544.26257       4.84572411    
   1583.33337       4.71550941    
   1622.40405       4.58530092    
   1652.51868       4.48494530    
   1666.66663       4.43779993    
   1680.81470       4.39066029    
   1710.92932       4.29032612    
   1750.00000       4.16015863    
   1789.07080       4.02999735    
   1819.18530       3.92967820    
   1833.33337       3.88254952    
   1847.48132       3.83542633    
   1877.59595       3.73512721    
   1916.66663       3.60500526    
   1955.73743       3.47488904    
   1985.85205       3.37460399    
   2000.00000       3.32749152    
   2014.14807       3.28038383    
   2044.26257       3.18011737    
   2083.33325       3.05003715    
   2122.40405       2.91996241    
   2152.51880       2.81970882    
   2166.66675       2.77261066    
   2180.81470       2.72551703    
   2210.92920       2.62527990    
   2250.00000       2.49523687    
   2289.07080       2.36519837    
   2319.18530       2.26497221    
   2333.33325       2.21788669    
   2347.48145       2.17080498    
   2377.59595       2.07059264    
   2416.66675       1.94058084    
   2455.73755       1.81057298    
   2485.85205       1.71036947    
   2500.00000       1.66329443    
   2514.14795       1.61622226    
   2544.26270       1.51602948    
   2583.33325       1.38604224    
   2622.40405       1.25605786    
   2652.51880       1.15587175    
   2666.66675       1.10880446    
   2680.81470       1.06173909    
   2710.92920      0.961560309    
   2750.00000      0.831590056    
   2789.07080      0.701621532    
   2819.18530      0.601446748    
   2833.33350      0.554384470    
   2847.48145      0.507323146    
   2877.59595      0.407152057    
   2916.66675      0.277190745    
   2955.73755      0.147230014    
   2985.85205       4.70602736E-02
   3000.00000       1.33051290E-04
