   0.00000000       9.99995518    
   42.4440269       9.85825920    
   132.787796       9.55656052    
   250.000000       9.16514301    
   367.212189       8.77373981    
   457.555969       8.47207165    
   500.000000       8.33035469    
   542.444031       8.18866062    
   632.787781       7.88707829    
   750.000000       7.49583769    
   867.212219       7.10463476    
   957.555969       6.80313873    
   1000.00000       6.66150856    
   1042.44397       6.51991796    
   1132.78784       6.21856976    
   1250.00000       5.82764912    
   1367.21216       5.43677902    
   1457.55603       5.13554859    
   1500.00000       4.99404621    
   1514.14795       4.94688845    
   1544.26257       4.84651613    
   1583.33337       4.71629906    
   1622.40405       4.58608770    
   1652.51868       4.48572874    
   1666.66663       4.43858194    
   1680.81470       4.39143944    
   1710.92932       4.29109955    
   1750.00000       4.16092396    
   1789.07080       4.03075457    
   1819.18530       3.93042755    
   1833.33337       3.88329530    
   1847.48132       3.83616781    
   1877.59595       3.73585892    
   1916.66663       3.60572362    
   1955.73743       3.47559333    
   1985.85205       3.37529683    
   2000.00000       3.32817888    
   2014.14807       3.28106499    
   2044.26257       3.18078494    
   2083.33325       3.05068636    
   2122.40405       2.92059278    
   2152.51880       2.82032394    
   2166.66675       2.77321863    
   2180.81470       2.72611713    
   2210.92920       2.62586284    
   2250.00000       2.49579716    
   2289.07080       2.36573553    
   2319.18530       2.26549101    
   2333.33325       2.21839690    
   2347.48145       2.17130589    
   2377.59595       2.07107353    
   2416.66675       1.94103539    
   2455.73755       1.81100070    
   2485.85205       1.71077621    
   2500.00000       1.66369116    
   2514.14795       1.61660862    
   2544.26270       1.51639366    
   2583.33325       1.38637710    
   2622.40405       1.25636315    
   2652.51880       1.15615392    
   2666.66675       1.10907578    
   2680.81470       1.06199932    
   2710.92920      0.961796582    
   2750.00000      0.831795156    
   2789.07080      0.701795220    
   2819.18530      0.601595998    
   2833.33350      0.554522216    
   2847.48145      0.507449329    
   2877.59595      0.407253414    
   2916.66675      0.277259797    
   2955.73755      0.147266716    
   2985.85205       4.70720120E-02
   3000.00000       1.33084468E-04
