   0.00000000       9.99995518    
   42.4440269       9.85824776    
   132.787796       9.55652523    
   250.000000       9.16507816    
   367.212189       8.77364445    
   457.555969       8.47195530    
   500.000000       8.33022785    
   542.444031       8.18852425    
   632.787781       7.88692379    
   750.000000       7.49566031    
   867.212219       7.10443640    
   957.555969       6.80292511    
   1000.00000       6.66128874    
   1042.44397       6.51969337    
   1132.78784       6.21833658    
   1250.00000       5.82740688    
   1367.21216       5.43653011    
   1457.55603       5.13529587    
   1500.00000       4.99379253    
   1514.14795       4.94663525    
   1544.26257       4.84626341    
   1583.33337       4.71604681    
   1622.40405       4.58583641    
   1652.51868       4.48547840    
   1666.66663       4.43833208    
   1680.81470       4.39119053    
   1710.92932       4.29085255    
   1750.00000       4.16067934    
   1789.07080       4.03051233    
   1819.18530       3.93018818    
   1833.33337       3.88305712    
   1847.48132       3.83593106    
   1877.59595       3.73562527    
   1916.66663       3.60549402    
   1955.73743       3.47536826    
   1985.85205       3.37507558    
   2000.00000       3.32795906    
   2014.14807       3.28084731    
   2044.26257       3.18057156    
   2083.33325       3.05047894    
   2122.40405       2.92039132    
   2152.51880       2.82012749    
   2166.66675       2.77302432    
   2180.81470       2.72592545    
   2210.92920       2.62567663    
   2250.00000       2.49561810    
   2289.07080       2.36556387    
   2319.18530       2.26532531    
   2333.33325       2.21823382    
   2347.48145       2.17114592    
   2377.59595       2.07091975    
   2416.66675       1.94089019    
   2455.73755       1.81086409    
   2485.85205       1.71064627    
   2500.00000       1.66356444    
   2514.14795       1.61648512    
   2544.26270       1.51627731    
   2583.33325       1.38627017    
   2622.40405       1.25626564    
   2652.51880       1.15606380    
   2666.66675       1.10898912    
   2680.81470       1.06191623    
   2710.92920      0.961721122    
   2750.00000      0.831729591    
   2789.07080      0.701739728    
   2819.18530      0.601548314    
   2833.33350      0.554478168    
   2847.48145      0.507408977    
   2877.59595      0.407221019    
   2916.66675      0.277237743    
   2955.73755      0.147254989    
   2985.85205       4.70682606E-02
   3000.00000       1.33073860E-04
