   0.00000000       9.99995518    
   42.4440269       9.85826969    
   132.787796       9.55659389    
   250.000000       9.16520500    
   367.212189       8.77383041    
   457.555969       8.47218418    
   500.000000       8.33047676    
   542.444031       8.18879032    
   632.787781       7.88722658    
   750.000000       7.49600792    
   867.212219       7.10482502    
   957.555969       6.80334330    
   1000.00000       6.66171932    
   1042.44397       6.52013302    
   1132.78784       6.21879339    
   1250.00000       5.82788134    
   1367.21216       5.43701839    
   1457.55603       5.13579082    
   1500.00000       4.99428940    
   1514.14795       4.94713163    
   1544.26257       4.84675932    
   1583.33337       4.71654081    
   1622.40405       4.58632851    
   1652.51868       4.48596907    
   1666.66663       4.43882132    
   1680.81470       4.39167833    
   1710.92932       4.29133654    
   1750.00000       4.16115856    
   1789.07080       4.03098631    
   1819.18530       3.93065739    
   1833.33337       3.88352394    
   1847.48132       3.83639503    
   1877.59595       3.73608327    
   1916.66663       3.60594368    
   1955.73743       3.47580934    
   1985.85205       3.37550926    
   2000.00000       3.32838941    
   2014.14807       3.28127360    
   2044.26257       3.18098950    
   2083.33325       3.05088544    
   2122.40405       2.92078590    
   2152.51880       2.82051253    
   2166.66675       2.77340484    
   2180.81470       2.72630095    
   2210.92920       2.62604165    
   2250.00000       2.49596882    
   2289.07080       2.36590028    
   2319.18530       2.26565003    
   2333.33325       2.21855307    
   2347.48145       2.17145944    
   2377.59595       2.07122087    
   2416.66675       1.94117475    
   2455.73755       1.81113183    
   2485.85205       1.71090090    
   2500.00000       1.66381276    
   2514.14795       1.61672699    
   2544.26270       1.51650524    
   2583.33325       1.38647974    
   2622.40405       1.25645673    
   2652.51880       1.15624046    
   2666.66675       1.10915899    
   2680.81470       1.06207907    
   2710.92920      0.961869061    
   2750.00000      0.831857979    
   2789.07080      0.701848388    
   2819.18530      0.601641774    
   2833.33350      0.554564416    
   2847.48145      0.507487953    
   2877.59595      0.407284468    
   2916.66675      0.277280957    
   2955.73755      0.147277966    
   2985.85205       4.70756069E-02
   3000.00000       1.33094640E-04
