   0.00000000       9.99995518    
   42.4440269       9.85823631    
   132.787796       9.55648899    
   250.000000       9.16501045    
   367.212189       8.77354622    
   457.555969       8.47183323    
   500.000000       8.33009529    
   542.444031       8.18838215    
   632.787781       7.88676262    
   750.000000       7.49547577    
   867.212219       7.10422945    
   957.555969       6.80270290    
   1000.00000       6.66105986    
   1042.44397       6.51945925    
   1132.78784       6.21809340    
   1250.00000       5.82715416    
   1367.21216       5.43627024    
   1457.55603       5.13503218    
   1500.00000       4.99352789    
   1514.14795       4.94637060    
   1544.26257       4.84599924    
   1583.33337       4.71578360    
   1622.40405       4.58557415    
   1652.51868       4.48521757    
   1666.66663       4.43807173    
   1680.81470       4.39093113    
   1710.92932       4.29059458    
   1750.00000       4.16042423    
   1789.07080       4.03026056    
   1819.18530       3.92993855    
   1833.33337       3.88280869    
   1847.48132       3.83568406    
   1877.59595       3.73538136    
   1916.66663       3.60525465    
   1955.73743       3.47513366    
   1985.85205       3.37484479    
   2000.00000       3.32773018    
   2014.14807       3.28062034    
   2044.26257       3.18034935    
   2083.33325       3.05026269    
   2122.40405       2.92018151    
   2152.51880       2.81992245    
   2166.66675       2.77282190    
   2180.81470       2.72572541    
   2210.92920       2.62548232    
   2250.00000       2.49543142    
   2289.07080       2.36538506    
   2319.18530       2.26515245    
   2333.33325       2.21806383    
   2347.48145       2.17097902    
   2377.59595       2.07075953    
   2416.66675       1.94073880    
   2455.73755       1.81072152    
   2485.85205       1.71051073    
   2500.00000       1.66343224    
   2514.14795       1.61635649    
   2544.26270       1.51615596    
   2583.33325       1.38615859    
   2622.40405       1.25616395    
   2652.51880       1.15596974    
   2666.66675       1.10889864    
   2680.81470       1.06182945    
   2710.92920      0.961642385    
   2750.00000      0.831661284    
   2789.07080      0.701681852    
   2819.18530      0.601498604    
   2833.33350      0.554432273    
   2847.48145      0.507366955    
   2877.59595      0.407187253    
   2916.66675      0.277214736    
   2955.73755      0.147242755    
   2985.85205       4.70643528E-02
   3000.00000       1.33062815E-04
