   0.00000000       9.99995518    
   42.4440269       9.85828018    
   132.787796       9.55662537    
   250.000000       9.16526508    
   367.212189       8.77391720    
   457.555969       8.47229195    
   500.000000       8.33059311    
   542.444031       8.18891621    
   632.787781       7.88736868    
   750.000000       7.49617100    
   867.212219       7.10500765    
   957.555969       6.80353975    
   1000.00000       6.66192150    
   1042.44397       6.52033949    
   1132.78784       6.21900749    
   1250.00000       5.82810402    
   1367.21216       5.43724728    
   1457.55603       5.13602352    
   1500.00000       4.99452257    
   1514.14795       4.94736528    
   1544.26257       4.84699202    
   1583.33337       4.71677303    
   1622.40405       4.58655977    
   1652.51868       4.48619938    
   1666.66663       4.43905115    
   1680.81470       4.39190769    
   1710.92932       4.29156399    
   1750.00000       4.16138363    
   1789.07080       4.03120899    
   1819.18530       3.93087769    
   1833.33337       3.88374329    
   1847.48132       3.83661294    
   1877.59595       3.73629832    
   1916.66663       3.60615492    
   1955.73743       3.47601628    
   1985.85205       3.37571287    
   2000.00000       3.32859135    
   2014.14807       3.28147388    
   2044.26257       3.18118572    
   2083.33325       3.05107617    
   2122.40405       2.92097116    
   2152.51880       2.82069325    
   2166.66675       2.77358365    
   2180.81470       2.72647738    
   2210.92920       2.62621284    
   2250.00000       2.49613357    
   2289.07080       2.36605811    
   2319.18530       2.26580262    
   2333.33325       2.21870303    
   2347.48145       2.17160654    
   2377.59595       2.07136226    
   2416.66675       1.94130826    
   2455.73755       1.81125748    
   2485.85205       1.71102047    
   2500.00000       1.66392934    
   2514.14795       1.61684060    
   2544.26270       1.51661229    
   2583.33325       1.38657820    
   2622.40405       1.25654650    
   2652.51880       1.15632343    
   2666.66675       1.10923874    
   2680.81470       1.06215560    
   2710.92920      0.961938500    
   2750.00000      0.831918299    
   2789.07080      0.701899469    
   2819.18530      0.601685643    
   2833.33350      0.554604948    
   2847.48145      0.507525086    
   2877.59595      0.407314271    
   2916.66675      0.277301282    
   2955.73755      0.147288755    
   2985.85205       4.70790565E-02
   3000.00000       1.33104390E-04
