   0.00000000       9.99995518    
   42.4440269       9.85829926    
   132.787796       9.55668545    
   250.000000       9.16537762    
   367.212189       8.77408028    
   457.555969       8.47249317    
   500.000000       8.33081245    
   542.444031       8.18915081    
   632.787781       7.88763618    
   750.000000       7.49647760    
   867.212219       7.10535049    
   957.555969       6.80390835    
   1000.00000       6.66230154    
   1042.44397       6.52072763    
   1132.78784       6.21941042    
   1250.00000       5.82852268    
   1367.21216       5.43767786    
   1457.55603       5.13646030    
   1500.00000       4.99496126    
   1514.14795       4.94780350    
   1544.26257       4.84742975    
   1583.33337       4.71720934    
   1622.40405       4.58699417    
   1652.51868       4.48663187    
   1666.66663       4.43948269    
   1680.81470       4.39233780    
   1710.92932       4.29199171    
   1750.00000       4.16180658    
   1789.07080       4.03162670    
   1819.18530       3.93129158    
   1833.33337       3.88415504    
   1847.48132       3.83702254    
   1877.59595       3.73670244    
   1916.66663       3.60655165    
   1955.73743       3.47640514    
   1985.85205       3.37609553    
   2000.00000       3.32897115    
   2014.14807       3.28185010    
   2044.26257       3.18155432    
   2083.33325       3.05143476    
   2122.40405       2.92131925    
   2152.51880       2.82103300    
   2166.66675       2.77391934    
   2180.81470       2.72680879    
   2210.92920       2.62653494    
   2250.00000       2.49644303    
   2289.07080       2.36635470    
   2319.18530       2.26608920    
   2333.33325       2.21898484    
   2347.48145       2.17188311    
   2377.59595       2.07162786    
   2416.66675       1.94155943    
   2455.73755       1.81149375    
   2485.85205       1.71124506    
   2500.00000       1.66414845    
   2514.14795       1.61705410    
   2544.26270       1.51681340    
   2583.33325       1.38676322    
   2622.40405       1.25671518    
   2652.51880       1.15647936    
   2666.66675       1.10938859    
   2680.81470       1.06229937    
   2710.92920      0.962069035    
   2750.00000      0.832031548    
   2789.07080      0.701995373    
   2819.18530      0.601768076    
   2833.33350      0.554681063    
   2847.48145      0.507594764    
   2877.59595      0.407370239    
   2916.66675      0.277339429    
   2955.73755      0.147309020    
   2985.85205       4.70855385E-02
   3000.00000       1.33122710E-04
