   0.00000000       9.99995518    
   42.4440269       9.85828972    
   132.787796       9.55665588    
   250.000000       9.16532230    
   367.212189       8.77400017    
   457.555969       8.47239494    
   500.000000       8.33070564    
   542.444031       8.18903637    
   632.787781       7.88750505    
   750.000000       7.49632740    
   867.212219       7.10518265    
   957.555969       6.80372763    
   1000.00000       6.66211557    
   1042.44397       6.52053785    
   1132.78784       6.21921349    
   1250.00000       5.82831764    
   1367.21216       5.43746710    
   1457.55603       5.13624620    
   1500.00000       4.99474669    
   1514.14795       4.94758892    
   1544.26257       4.84721518    
   1583.33337       4.71699572    
   1622.40405       4.58678150    
   1652.51868       4.48642015    
   1666.66663       4.43927145    
   1680.81470       4.39212704    
   1710.92932       4.29178238    
   1750.00000       4.16159964    
   1789.07080       4.03142214    
   1819.18530       3.93108892    
   1833.33337       3.88395333    
   1847.48132       3.83682203    
   1877.59595       3.73650455    
   1916.66663       3.60635734    
   1955.73743       3.47621489    
   1985.85205       3.37590837    
   2000.00000       3.32878518    
   2014.14807       3.28166604    
   2044.26257       3.18137383    
   2083.33325       3.05125928    
   2122.40405       2.92114878    
   2152.51880       2.82086682    
   2166.66675       2.77375507    
   2180.81470       2.72664666    
   2210.92920       2.62637734    
   2250.00000       2.49629164    
   2289.07080       2.36620951    
   2319.18530       2.26594877    
   2333.33325       2.21884680    
   2347.48145       2.17174768    
   2377.59595       2.07149792    
   2416.66675       1.94143641    
   2455.73755       1.81137812    
   2485.85205       1.71113503    
   2500.00000       1.66404116    
   2514.14795       1.61694956    
   2544.26270       1.51671493    
   2583.33325       1.38667262    
   2622.40405       1.25663257    
   2652.51880       1.15640306    
   2666.66675       1.10931528    
   2680.81470       1.06222892    
   2710.92920      0.962005138    
   2750.00000      0.831976116    
   2789.07080      0.701948404    
   2819.18530      0.601727724    
   2833.33350      0.554643810    
   2847.48145      0.507560611    
   2877.59595      0.407342851    
   2916.66675      0.277320743    
   2955.73755      0.147299096    
   2985.85205       4.70823646E-02
   3000.00000       1.33113746E-04
