   0.00000000       9.99995518    
   42.4440269       9.85832500    
   132.787796       9.55676651    
   250.000000       9.16552925    
   367.212189       8.77430153    
   457.555969       8.47276592    
   500.000000       8.33110905    
   542.444031       8.18946934    
   632.787781       7.88799715    
   750.000000       7.49689198    
   867.212219       7.10581446    
   957.555969       6.80440712    
   1000.00000       6.66281509    
   1042.44397       6.52125216    
   1132.78784       6.21995544    
   1250.00000       5.82908869    
   1367.21216       5.43826008    
   1457.55603       5.13705063    
   1500.00000       4.99555397    
   1514.14795       4.94839573    
   1544.26257       4.84802103    
   1583.33337       4.71779919    
   1622.40405       4.58758163    
   1652.51868       4.48721695    
   1666.66663       4.44006634    
   1680.81470       4.39292002    
   1710.92932       4.29256916    
   1750.00000       4.16237831    
   1789.07080       4.03219223    
   1819.18530       3.93185139    
   1833.33337       3.88471198    
   1847.48132       3.83757615    
   1877.59595       3.73724890    
   1916.66663       3.60708809    
   1955.73743       3.47693110    
   1985.85205       3.37661290    
   2000.00000       3.32948422    
   2014.14807       3.28235865    
   2044.26257       3.18205285    
   2083.33325       3.05191970    
   2122.40405       2.92178988    
   2152.51880       2.82149243    
   2166.66675       2.77437329    
   2180.81470       2.72725701    
   2210.92920       2.62697029    
   2250.00000       2.49686146    
   2289.07080       2.36675596    
   2319.18530       2.26647663    
   2333.33325       2.21936560    
   2347.48145       2.17225718    
   2377.59595       2.07198691    
   2416.66675       1.94189882    
   2455.73755       1.81181312    
   2485.85205       1.71154881    
   2500.00000       1.66444480    
   2514.14795       1.61734259    
   2544.26270       1.51708531    
   2583.33325       1.38701332    
   2622.40405       1.25694311    
   2652.51880       1.15669012    
   2666.66675       1.10959125    
   2680.81470       1.06249368    
   2710.92920      0.962245524    
   2750.00000      0.832184732    
   2789.07080      0.702125013    
   2819.18530      0.601879537    
   2833.33350      0.554783940    
   2847.48145      0.507688940    
   2877.59595      0.407445937    
   2916.66675      0.277390987    
   2955.73755      0.147336438    
   2985.85205       4.70943041E-02
   3000.00000       1.33147492E-04
