   0.00000000       9.99995518    
   42.4440269       9.85831642    
   132.787796       9.55674076    
   250.000000       9.16548061    
   367.212189       8.77423096    
   457.555969       8.47267914    
   500.000000       8.33101463    
   542.444031       8.18936729    
   632.787781       7.88788176    
   750.000000       7.49675941    
   867.212219       7.10566616    
   957.555969       6.80424786    
   1000.00000       6.66265106    
   1042.44397       6.52108479    
   1132.78784       6.21978140    
   1250.00000       5.82890797    
   1367.21216       5.43807411    
   1457.55603       5.13686228    
   1500.00000       4.99536467    
   1514.14795       4.94820642    
   1544.26257       4.84783220    
   1583.33337       4.71761084    
   1622.40405       4.58739376    
   1652.51868       4.48703003    
   1666.66663       4.43987989    
   1680.81470       4.39273405    
   1710.92932       4.29238462    
   1750.00000       4.16219568    
   1789.07080       4.03201151    
   1819.18530       3.93167233    
   1833.33337       3.88453412    
   1847.48132       3.83739924    
   1877.59595       3.73707438    
   1916.66663       3.60691667    
   1955.73743       3.47676301    
   1985.85205       3.37644768    
   2000.00000       3.32932019    
   2014.14807       3.28219628    
   2044.26257       3.18189359    
   2083.33325       3.05176473    
   2122.40405       2.92163944    
   2152.51880       2.82134581    
   2166.66675       2.77422833    
   2180.81470       2.72711372    
   2210.92920       2.62683129    
   2250.00000       2.49672794    
   2289.07080       2.36662769    
   2319.18530       2.26635265    
   2333.33325       2.21924400    
   2347.48145       2.17213774    
   2377.59595       2.07187223    
   2416.66675       1.94179034    
   2455.73755       1.81171107    
   2485.85205       1.71145177    
   2500.00000       1.66435003    
   2514.14795       1.61725044    
   2544.26270       1.51699841    
   2583.33325       1.38693333    
   2622.40405       1.25687027    
   2652.51880       1.15662277    
   2666.66675       1.10952652    
   2680.81470       1.06243157    
   2710.92920      0.962189138    
   2750.00000      0.832135797    
   2789.07080      0.702083588    
   2819.18530      0.601843953    
   2833.33350      0.554751039    
   2847.48145      0.507658839    
   2877.59595      0.407421738    
   2916.66675      0.277374506    
   2955.73755      0.147327676    
   2985.85205       4.70915027E-02
   3000.00000       1.33139576E-04
