   0.00000000       9.99995518    
   42.4440269       9.85830784    
   132.787796       9.55671310    
   250.000000       9.16543007    
   367.212189       8.77415752    
   457.555969       8.47258854    
   500.000000       8.33091545    
   542.444031       8.18926144    
   632.787781       7.88776159    
   750.000000       7.49662161    
   867.212219       7.10551167    
   957.555969       6.80408144    
   1000.00000       6.66247988    
   1042.44397       6.52090979    
   1132.78784       6.21959972    
   1250.00000       5.82871914    
   1367.21216       5.43788004    
   1457.55603       5.13666534    
   1500.00000       4.99516726    
   1514.14795       4.94800901    
   1544.26257       4.84763527    
   1583.33337       4.71741438    
   1622.40405       4.58719826    
   1652.51868       4.48683500    
   1666.66663       4.43968582    
   1680.81470       4.39253998    
   1710.92932       4.29219198    
   1750.00000       4.16200542    
   1789.07080       4.03182316    
   1819.18530       3.93148589    
   1833.33337       3.88434863    
   1847.48132       3.83721495    
   1877.59595       3.73689222    
   1916.66663       3.60673785    
   1955.73743       3.47658777    
   1985.85205       3.37627530    
   2000.00000       3.32914925    
   2014.14807       3.28202677    
   2044.26257       3.18172765    
   2083.33325       3.05160308    
   2122.40405       2.92148280    
   2152.51880       2.82119274    
   2166.66675       2.77407694    
   2180.81470       2.72696447    
   2210.92920       2.62668610    
   2250.00000       2.49658847    
   2289.07080       2.36649418    
   2319.18530       2.26622367    
   2333.33325       2.21911716    
   2347.48145       2.17201304    
   2377.59595       2.07175255    
   2416.66675       1.94167721    
   2455.73755       1.81160474    
   2485.85205       1.71135056    
   2500.00000       1.66425145    
   2514.14795       1.61715424    
   2544.26270       1.51690781    
   2583.33325       1.38685012    
   2622.40405       1.25679433    
   2652.51880       1.15655255    
   2666.66675       1.10945904    
   2680.81470       1.06236684    
   2710.92920      0.962130368    
   2750.00000      0.832084775    
   2789.07080      0.702040434    
   2819.18530      0.601806819    
   2833.33350      0.554716766    
   2847.48145      0.507627487    
   2877.59595      0.407396525    
   2916.66675      0.277357340    
   2955.73755      0.147318542    
   2985.85205       4.70885821E-02
   3000.00000       1.33131325E-04
