   0.00000000       9.99995518    
   42.4440269       9.85836220    
   132.787796       9.55688095    
   250.000000       9.16574287    
   367.212189       8.77461338    
   457.555969       8.47315216    
   500.000000       8.33152771    
   542.444031       8.18991756    
   632.787781       7.88850737    
   750.000000       7.49747705    
   867.212219       7.10646915    
   957.555969       6.80511093    
   1000.00000       6.66354036    
   1042.44397       6.52199316    
   1132.78784       6.22072458    
   1250.00000       5.82988787    
   1367.21216       5.43908215    
   1457.55603       5.13788462    
   1500.00000       4.99639130    
   1514.14795       4.94923258    
   1544.26257       4.84885645    
   1583.33337       4.71863174    
   1622.40405       4.58841085    
   1652.51868       4.48804331    
   1666.66663       4.44089079    
   1680.81470       4.39374161    
   1710.92932       4.29338503    
   1750.00000       4.16318607    
   1789.07080       4.03298998    
   1819.18530       3.93264151    
   1833.33337       3.88549852    
   1847.48132       3.83835816    
   1877.59595       3.73802042    
   1916.66663       3.60784554    
   1955.73743       3.47767377    
   1985.85205       3.37734365    
   2000.00000       3.33020902    
   2014.14807       3.28307700    
   2044.26257       3.18275666    
   2083.33325       3.05260420    
   2122.40405       2.92245460    
   2152.51880       2.82214117    
   2166.66675       2.77501440    
   2180.81470       2.72788978    
   2210.92920       2.62758517    
   2250.00000       2.49745250    
   2289.07080       2.36732221    
   2319.18530       2.26702356    
   2333.33325       2.21990347    
   2347.48145       2.17278528    
   2377.59595       2.07249403    
   2416.66675       1.94237804    
   2455.73755       1.81226420    
   2485.85205       1.71197772    
   2500.00000       1.66486311    
   2514.14795       1.61775005    
   2544.26270       1.51746929    
   2583.33325       1.38736641    
   2622.40405       1.25726509    
   2652.51880       1.15698779    
   2666.66675       1.10987747    
   2680.81470       1.06276810    
   2710.92920      0.962494731    
   2750.00000      0.832400978    
   2789.07080      0.702308118    
   2819.18530      0.602036953    
   2833.33350      0.554929197    
   2847.48145      0.507821977    
   2877.59595      0.407552809    
   2916.66675      0.277463824    
   2955.73755      0.147375137    
   2985.85205       4.71066758E-02
   3000.00000       1.33182475E-04
