   0.00000000       9.99995518    
   42.4440269       9.85835552    
   132.787796       9.55685997    
   250.000000       9.16570377    
   367.212189       8.77455616    
   457.555969       8.47308064    
   500.000000       8.33145142    
   542.444031       8.18983555    
   632.787781       7.88841391    
   750.000000       7.49736977    
   867.212219       7.10634899    
   957.555969       6.80498171    
   1000.00000       6.66340685    
   1042.44397       6.52185678    
   1132.78784       6.22058344    
   1250.00000       5.82974100    
   1367.21216       5.43893099    
   1457.55603       5.13773155    
   1500.00000       4.99623728    
   1514.14795       4.94907904    
   1544.26257       4.84870291    
   1583.33337       4.71847916    
   1622.40405       4.58825874    
   1652.51868       4.48789120    
   1666.66663       4.44073963    
   1680.81470       4.39359045    
   1710.92932       4.29323530    
   1750.00000       4.16303778    
   1789.07080       4.03284359    
   1819.18530       3.93249655    
   1833.33337       3.88535404    
   1847.48132       3.83821464    
   1877.59595       3.73787880    
   1916.66663       3.60770631    
   1955.73743       3.47753739    
   1985.85205       3.37720942    
   2000.00000       3.33007574    
   2014.14807       3.28294492    
   2044.26257       3.18262744    
   2083.33325       3.05247855    
   2122.40405       2.92233253    
   2152.51880       2.82202196    
   2166.66675       2.77489662    
   2180.81470       2.72777343    
   2210.92920       2.62747216    
   2250.00000       2.49734402    
   2289.07080       2.36721826    
   2319.18530       2.26692319    
   2333.33325       2.21980476    
   2347.48145       2.17268825    
   2377.59595       2.07240081    
   2416.66675       1.94229007    
   2455.73755       1.81218135    
   2485.85205       1.71189892    
   2500.00000       1.66478622    
   2514.14795       1.61767519    
   2544.26270       1.51739872    
   2583.33325       1.38730156    
   2622.40405       1.25720596    
   2652.51880       1.15693319    
   2666.66675       1.10982490    
   2680.81470       1.06271768    
   2710.92920      0.962448955    
   2750.00000      0.832361221    
   2789.07080      0.702274501    
   2819.18530      0.602008045    
   2833.33350      0.554902554    
   2847.48145      0.507797539    
   2877.59595      0.407533169    
   2916.66675      0.277450442    
   2955.73755      0.147368029    
   2985.85205       4.71044034E-02
   3000.00000       1.33176058E-04
