   0.00000000       9.99995518    
   42.4440269       9.85833359    
   132.787796       9.55679131    
   250.000000       9.16557503    
   367.212189       8.77436924    
   457.555969       8.47284985    
   500.000000       8.33119965    
   542.444031       8.18956661    
   632.787781       7.88810825    
   750.000000       7.49701881    
   867.212219       7.10595655    
   957.555969       6.80455971    
   1000.00000       6.66297245    
   1042.44397       6.52141285    
   1132.78784       6.22012234    
   1250.00000       5.82926226    
   1367.21216       5.43843842    
   1457.55603       5.13723183    
   1500.00000       4.99573565    
   1514.14795       4.94857740    
   1544.26257       4.84820223    
   1583.33337       4.71797991    
   1622.40405       4.58776140    
   1652.51868       4.48739624    
   1666.66663       4.44024563    
   1680.81470       4.39309835    
   1710.92932       4.29274654    
   1750.00000       4.16255379    
   1789.07080       4.03236532    
   1819.18530       3.93202281    
   1833.33337       3.88488269    
   1847.48132       3.83774590    
   1877.59595       3.73741627    
   1916.66663       3.60725236    
   1955.73743       3.47709227    
   1985.85205       3.37677145    
   2000.00000       3.32964158    
   2014.14807       3.28251457    
   2044.26257       3.18220568    
   2083.33325       3.05206823    
   2122.40405       2.92193413    
   2152.51880       2.82163334    
   2166.66675       2.77451229    
   2180.81470       2.72739434    
   2210.92920       2.62710381    
   2250.00000       2.49698973    
   2289.07080       2.36687875    
   2319.18530       2.26659536    
   2333.33325       2.21948242    
   2347.48145       2.17237186    
   2377.59595       2.07209706    
   2416.66675       1.94200277    
   2455.73755       1.81191111    
   2485.85205       1.71164191    
   2500.00000       1.66453552    
   2514.14795       1.61743104    
   2544.26270       1.51716864    
   2583.33325       1.38708997    
   2622.40405       1.25701308    
   2652.51880       1.15675473    
   2666.66675       1.10965335    
   2680.81470       1.06255317    
   2710.92920      0.962299585    
   2750.00000      0.832231641    
   2789.07080      0.702164769    
   2819.18530      0.601913691    
   2833.33350      0.554815471    
   2847.48145      0.507717848    
   2877.59595      0.407469124    
   2916.66675      0.277406782    
   2955.73755      0.147344828    
   2985.85205       4.70969900E-02
   3000.00000       1.33155088E-04
