   0.00000000       9.99995518    
   42.4440269       9.85834122    
   132.787796       9.55681515    
   250.000000       9.16561985    
   367.212189       8.77443409    
   457.555969       8.47292995    
   500.000000       8.33128738    
   542.444031       8.18966007    
   632.787781       7.88821411    
   750.000000       7.49714088    
   867.212219       7.10609293    
   957.555969       6.80470657    
   1000.00000       6.66312361    
   1042.44397       6.52156734    
   1132.78784       6.22028255    
   1250.00000       5.82942867    
   1367.21216       5.43860960    
   1457.55603       5.13740540    
   1500.00000       4.99591017    
   1514.14795       4.94875145    
   1544.26257       4.84837627    
   1583.33337       4.71815300    
   1622.40405       4.58793402    
   1652.51868       4.48756838    
   1666.66663       4.44041681    
   1680.81470       4.39326906    
   1710.92932       4.29291630    
   1750.00000       4.16272163    
   1789.07080       4.03253126    
   1819.18530       3.93218732    
   1833.33337       3.88504648    
   1847.48132       3.83790874    
   1877.59595       3.73757696    
   1916.66663       3.60740995    
   1955.73743       3.47724676    
   1985.85205       3.37692356    
   2000.00000       3.32979226    
   2014.14807       3.28266406    
   2044.26257       3.18235207    
   2083.33325       3.05221057    
   2122.40405       2.92207241    
   2152.51880       2.82176828    
   2166.66675       2.77464581    
   2180.81470       2.72752595    
   2210.92920       2.62723184    
   2250.00000       2.49711275    
   2289.07080       2.36699677    
   2319.18530       2.26670909    
   2333.33325       2.21959424    
   2347.48145       2.17248178    
   2377.59595       2.07220244    
   2416.66675       1.94210255    
   2455.73755       1.81200492    
   2485.85205       1.71173120    
   2500.00000       1.66462266    
   2514.14795       1.61751580    
   2544.26270       1.51724851    
   2583.33325       1.38716340    
   2622.40405       1.25708008    
   2652.51880       1.15681672    
   2666.66675       1.10971296    
   2680.81470       1.06261027    
   2710.92920      0.962351501    
   2750.00000      0.832276642    
   2789.07080      0.702202916    
   2819.18530      0.601946473    
   2833.33350      0.554845691    
   2847.48145      0.507745504    
   2877.59595      0.407491356    
   2916.66675      0.277421951    
   2955.73755      0.147352889    
   2985.85205       4.70995642E-02
   3000.00000       1.33162364E-04
