   0.00000000       9.99995518    
   42.4440269       9.85834789    
   132.787796       9.55683804    
   250.000000       9.16566277    
   367.212189       8.77449703    
   457.555969       8.47300720    
   500.000000       8.33137131    
   542.444031       8.18974972    
   632.787781       7.88831615    
   750.000000       7.49725771    
   867.212219       7.10622358    
   957.555969       6.80484676    
   1000.00000       6.66326809    
   1042.44397       6.52171516    
   1132.78784       6.22043610    
   1250.00000       5.82958794    
   1367.21216       5.43877363    
   1457.55603       5.13757181    
   1500.00000       4.99607706    
   1514.14795       4.94891882    
   1544.26257       4.84854317    
   1583.33337       4.71831942    
   1622.40405       4.58809996    
   1652.51868       4.48773336    
   1666.66663       4.44058180    
   1680.81470       4.39343309    
   1710.92932       4.29307890    
   1750.00000       4.16288280    
   1789.07080       4.03269053    
   1819.18530       3.93234515    
   1833.33337       3.88520336    
   1847.48132       3.83806491    
   1877.59595       3.73773098    
   1916.66663       3.60756135    
   1955.73743       3.47739506    
   1985.85205       3.37706947    
   2000.00000       3.32993698    
   2014.14807       3.28280759    
   2044.26257       3.18249273    
   2083.33325       3.05234742    
   2122.40405       2.92220521    
   2152.51880       2.82189775    
   2166.66675       2.77477384    
   2180.81470       2.72765231    
   2210.92920       2.62735462    
   2250.00000       2.49723077    
   2289.07080       2.36710978    
   2319.18530       2.26681828    
   2333.33325       2.21970177    
   2347.48145       2.17258716    
   2377.59595       2.07230377    
   2416.66675       1.94219828    
   2455.73755       1.81209505    
   2485.85205       1.71181679    
   2500.00000       1.66470611    
   2514.14795       1.61759722    
   2544.26270       1.51732516    
   2583.33325       1.38723397    
   2622.40405       1.25714433    
   2652.51880       1.15687621    
   2666.66675       1.10977006    
   2680.81470       1.06266510    
   2710.92920      0.962401211    
   2750.00000      0.832319856    
   2789.07080      0.702239454    
   2819.18530      0.601977885    
   2833.33350      0.554874718    
   2847.48145      0.507772088    
   2877.59595      0.407512695    
   2916.66675      0.277436495    
   2955.73755      0.147360623    
   2985.85205       4.71020341E-02
   3000.00000       1.33169349E-04
