   0.00000000       9.99995518    
   42.4440269       9.85838604    
   132.787796       9.55695629    
   250.000000       9.16588497    
   367.212189       8.77482033    
   457.555969       8.47340679    
   500.000000       8.33180523    
   542.444031       8.19021511    
   632.787781       7.88884592    
   750.000000       7.49786472    
   867.212219       7.10690308    
   957.555969       6.80557775    
   1000.00000       6.66402054    
   1042.44397       6.52248383    
   1132.78784       6.22123432    
   1250.00000       5.83041763    
   1367.21216       5.43962669    
   1457.55603       5.13843727    
   1500.00000       4.99694586    
   1514.14795       4.94978714    
   1544.26257       4.84941006    
   1583.33337       4.71918392    
   1622.40405       4.58896065    
   1652.51868       4.48859024    
   1666.66663       4.44143724    
   1680.81470       4.39428616    
   1710.92932       4.29392576    
   1750.00000       4.16372108    
   1789.07080       4.03351879    
   1819.18530       3.93316531    
   1833.33337       3.88601947    
   1847.48132       3.83887625    
   1877.59595       3.73853183    
   1916.66663       3.60834742    
   1955.73743       3.47816586    
   1985.85205       3.37782764    
   2000.00000       3.33068919    
   2014.14807       3.28355289    
   2044.26257       3.18322325    
   2083.33325       3.05305791    
   2122.40405       2.92289495    
   2152.51880       2.82257104    
   2166.66675       2.77543902    
   2180.81470       2.72830892    
   2210.92920       2.62799263    
   2250.00000       2.49784398    
   2289.07080       2.36769772    
   2319.18530       2.26738620    
   2333.33325       2.22025990    
   2347.48145       2.17313528    
   2377.59595       2.07282996    
   2416.66675       1.94269574    
   2455.73755       1.81256306    
   2485.85205       1.71226192    
   2500.00000       1.66514027    
   2514.14795       1.61802006    
   2544.26270       1.51772368    
   2583.33325       1.38760042    
   2622.40405       1.25747848    
   2652.51880       1.15718508    
   2666.66675       1.11006701    
   2680.81470       1.06294990    
   2710.92920      0.962659836    
   2750.00000      0.832544267    
   2789.07080      0.702429473    
   2819.18530      0.602141261    
   2833.33350      0.555025458    
   2847.48145      0.507910132    
   2877.59595      0.407623619    
   2916.66675      0.277512074    
   2955.73755      0.147400782    
   2985.85205       4.71148789E-02
   3000.00000       1.33205671E-04
