   0.00000000       9.99995518    
   42.4440269       9.85839176    
   132.787796       9.55697346    
   250.000000       9.16591740    
   367.212189       8.77486706    
   457.555969       8.47346497    
   500.000000       8.33186817    
   542.444031       8.19028187    
   632.787781       7.88892174    
   750.000000       7.49795198    
   867.212219       7.10700083    
   957.555969       6.80568266    
   1000.00000       6.66412878    
   1042.44397       6.52259445    
   1132.78784       6.22134876    
   1250.00000       5.83053637    
   1367.21216       5.43974924    
   1457.55603       5.13856173    
   1500.00000       4.99707079    
   1514.14795       4.94991207    
   1544.26257       4.84953451    
   1583.33337       4.71930790    
   1622.40405       4.58908415    
   1652.51868       4.48871374    
   1666.66663       4.44155979    
   1680.81470       4.39440870    
   1710.92932       4.29404736    
   1750.00000       4.16384125    
   1789.07080       4.03363800    
   1819.18530       3.93328309    
   1833.33337       3.88613677    
   1847.48132       3.83899283    
   1877.59595       3.73864675    
   1916.66663       3.60846043    
   1955.73743       3.47827649    
   1985.85205       3.37793660    
   2000.00000       3.33079720    
   2014.14807       3.28365993    
   2044.26257       3.18332815    
   2083.33325       3.05315995    
   2122.40405       2.92299390    
   2152.51880       2.82266784    
   2166.66675       2.77553463    
   2180.81470       2.72840333    
   2210.92920       2.62808418    
   2250.00000       2.49793220    
   2289.07080       2.36778212    
   2319.18530       2.26746774    
   2333.33325       2.22034001    
   2347.48145       2.17321396    
   2377.59595       2.07290554    
   2416.66675       1.94276714    
   2455.73755       1.81263030    
   2485.85205       1.71232581    
   2500.00000       1.66520262    
   2514.14795       1.61808074    
   2544.26270       1.51778090    
   2583.33325       1.38765311    
   2622.40405       1.25752640    
   2652.51880       1.15722942    
   2666.66675       1.11010969    
   2680.81470       1.06299078    
   2710.92920      0.962697029    
   2750.00000      0.832576513    
   2789.07080      0.702456772    
   2819.18530      0.602164745    
   2833.33350      0.555047154    
   2847.48145      0.507929981    
   2877.59595      0.407639563    
   2916.66675      0.277522922    
   2955.73755      0.147406548    
   2985.85205       4.71167229E-02
   3000.00000       1.33210880E-04
