   0.00000000       9.99995518    
   42.4440269       9.85837460    
   132.787796       9.55692005    
   250.000000       9.16581726    
   367.212189       8.77472115    
   457.555969       8.47328472    
   500.000000       8.33167267    
   542.444031       8.19007301    
   632.787781       7.88868380    
   750.000000       7.49767923    
   867.212219       7.10669518    
   957.555969       6.80535412    
   1000.00000       6.66379070    
   1042.44397       6.52224874    
   1132.78784       6.22099018    
   1250.00000       5.83016348    
   1367.21216       5.43936586    
   1457.55603       5.13817263    
   1500.00000       4.99667978    
   1514.14795       4.94952154    
   1544.26257       4.84914494    
   1583.33337       4.71891928    
   1622.40405       4.58869696    
   1652.51868       4.48832798    
   1666.66663       4.44117546    
   1680.81470       4.39402533    
   1710.92932       4.29366684    
   1750.00000       4.16346455    
   1789.07080       4.03326559    
   1819.18530       3.93291450    
   1833.33337       3.88576984    
   1847.48132       3.83862805    
   1877.59595       3.73828673    
   1916.66663       3.60810685    
   1955.73743       3.47793007    
   1985.85205       3.37759566    
   2000.00000       3.33045912    
   2014.14807       3.28332472    
   2044.26257       3.18299961    
   2083.33325       3.05284047    
   2122.40405       2.92268395    
   2152.51880       2.82236505    
   2166.66675       2.77523541    
   2180.81470       2.72810817    
   2210.92920       2.62779737    
   2250.00000       2.49765635    
   2289.07080       2.36751771    
   2319.18530       2.26721239    
   2333.33325       2.22008920    
   2347.48145       2.17296767    
   2377.59595       2.07266903    
   2416.66675       1.94254351    
   2455.73755       1.81241989    
   2485.85205       1.71212566    
   2500.00000       1.66500747    
   2514.14795       1.61789072    
   2544.26270       1.51760173    
   2583.33325       1.38748837    
   2622.40405       1.25737619    
   2652.51880       1.15709054    
   2666.66675       1.10997617    
   2680.81470       1.06286275    
   2710.92920      0.962580740    
   2750.00000      0.832475603    
   2789.07080      0.702371359    
   2819.18530      0.602091312    
   2833.33350      0.554979324    
   2847.48145      0.507867873    
   2877.59595      0.407589674    
   2916.66675      0.277488947    
   2955.73755      0.147388503    
   2985.85205       4.71109487E-02
   3000.00000       1.33194553E-04
