   0.00000000       9.99995518    
   42.4440269       9.85836792    
   132.787796       9.55690098    
   250.000000       9.16578102    
   367.212189       8.77466869    
   457.555969       8.47321987    
   500.000000       8.33160210    
   542.444031       8.18999672    
   632.787781       7.88859749    
   750.000000       7.49758005    
   867.212219       7.10658455    
   957.555969       6.80523539    
   1000.00000       6.66366816    
   1042.44397       6.52212334    
   1132.78784       6.22086000    
   1250.00000       5.83002853    
   1367.21216       5.43922710    
   1457.55603       5.13803148    
   1500.00000       4.99653864    
   1514.14795       4.94937992    
   1544.26257       4.84900379    
   1583.33337       4.71877861    
   1622.40405       4.58855724    
   1652.51868       4.48818874    
   1666.66663       4.44103622    
   1680.81470       4.39388657    
   1710.92932       4.29352903    
   1750.00000       4.16332817    
   1789.07080       4.03313065    
   1819.18530       3.93278074    
   1833.33337       3.88563704    
   1847.48132       3.83849597    
   1877.59595       3.73815632    
   1916.66663       3.60797882    
   1955.73743       3.47780466    
   1985.85205       3.37747240    
   2000.00000       3.33033657    
   2014.14807       3.28320336    
   2044.26257       3.18288088    
   2083.33325       3.05272484    
   2122.40405       2.92257166    
   2152.51880       2.82225537    
   2166.66675       2.77512717    
   2180.81470       2.72800112    
   2210.92920       2.62769341    
   2250.00000       2.49755669    
   2289.07080       2.36742210    
   2319.18530       2.26711988    
   2333.33325       2.21999836    
   2347.48145       2.17287827    
   2377.59595       2.07258344    
   2416.66675       1.94246256    
   2455.73755       1.81234360    
   2485.85205       1.71205318    
   2500.00000       1.66493678    
   2514.14795       1.61782181    
   2544.26270       1.51753688    
   2583.33325       1.38742864    
   2622.40405       1.25732183    
   2652.51880       1.15704024    
   2666.66675       1.10992789    
   2680.81470       1.06281638    
   2710.92920      0.962538600    
   2750.00000      0.832439065    
   2789.07080      0.702340424    
   2819.18530      0.602064669    
   2833.33350      0.554954827    
   2847.48145      0.507845402    
   2877.59595      0.407571644    
   2916.66675      0.277476639    
   2955.73755      0.147381961    
   2985.85205       4.71088588E-02
   3000.00000       1.33188645E-04
