   0.00000000       9.99995518    
   42.4440269       9.85838032    
   132.787796       9.55693913    
   250.000000       9.16585159    
   367.212189       8.77477169    
   457.555969       8.47334766    
   500.000000       8.33174038    
   542.444031       8.19014549    
   632.787781       7.88876629    
   750.000000       7.49777412    
   867.212219       7.10680151    
   957.555969       6.80546808    
   1000.00000       6.66390800    
   1042.44397       6.52236891    
   1132.78784       6.22111464    
   1250.00000       5.83029318    
   1367.21216       5.43949890    
   1457.55603       5.13830757    
   1500.00000       4.99681568    
   1514.14795       4.94965696    
   1544.26257       4.84928036    
   1583.33337       4.71905422    
   1622.40405       4.58883142    
   1652.51868       4.48846197    
   1666.66663       4.44130898    
   1680.81470       4.39415836    
   1710.92932       4.29379892    
   1750.00000       4.16359520    
   1789.07080       4.03339481    
   1819.18530       3.93304253    
   1833.33337       3.88589740    
   1847.48132       3.83875465    
   1877.59595       3.73841190    
   1916.66663       3.60822964    
   1955.73743       3.47805047    
   1985.85205       3.37771416    
   2000.00000       3.33057642    
   2014.14807       3.28344131    
   2044.26257       3.18311381    
   2083.33325       3.05295134    
   2122.40405       2.92279172    
   2152.51880       2.82247019    
   2166.66675       2.77533937    
   2180.81470       2.72821069    
   2210.92920       2.62789702    
   2250.00000       2.49775219    
   2289.07080       2.36760950    
   2319.18530       2.26730108    
   2333.33325       2.22017622    
   2347.48145       2.17305326    
   2377.59595       2.07275128    
   2416.66675       1.94262123    
   2455.73755       1.81249297    
   2485.85205       1.71219516    
   2500.00000       1.66507530    
   2514.14795       1.61795664    
   2544.26270       1.51766396    
   2583.33325       1.38754559    
   2622.40405       1.25742841    
   2652.51880       1.15713882    
   2666.66675       1.11002254    
   2680.81470       1.06290722    
   2710.92920      0.962621152    
   2750.00000      0.832510650    
   2789.07080      0.702401042    
   2819.18530      0.602116823    
   2833.33350      0.555002868    
   2847.48145      0.507889450    
   2877.59595      0.407607019    
   2916.66675      0.277500749    
   2955.73755      0.147394761    
   2985.85205       4.71129529E-02
   3000.00000       1.33200228E-04
