   0.00000000       9.99995518    
   42.4440269       9.85840702    
   132.787796       9.55702114    
   250.000000       9.16600513    
   367.212189       8.77499580    
   457.555969       8.47362328    
   500.000000       8.33203983    
   542.444031       8.19046688    
   632.787781       7.88913202    
   750.000000       7.49819326    
   867.212219       7.10727024    
   957.555969       6.80597258    
   1000.00000       6.66442728    
   1042.44397       6.52289915    
   1132.78784       6.22166538    
   1250.00000       5.83086538    
   1367.21216       5.44008780    
   1457.55603       5.13890505    
   1500.00000       4.99741507    
   1514.14795       4.95025635    
   1544.26257       4.84987831    
   1583.33337       4.71965075    
   1622.40405       4.58942556    
   1652.51868       4.48905373    
   1666.66663       4.44189930    
   1680.81470       4.39474678    
   1710.92932       4.29438305    
   1750.00000       4.16417360    
   1789.07080       4.03396654    
   1819.18530       3.93360853    
   1833.33337       3.88646054    
   1847.48132       3.83931470    
   1877.59595       3.73896432    
   1916.66663       3.60877228    
   1955.73743       3.47858238    
   1985.85205       3.37823749    
   2000.00000       3.33109570    
   2014.14807       3.28395557    
   2044.26257       3.18361783    
   2083.33325       3.05344176    
   2122.40405       2.92326760    
   2152.51880       2.82293487    
   2166.66675       2.77579856    
   2180.81470       2.72866392    
   2210.92920       2.62833738    
   2250.00000       2.49817538    
   2289.07080       2.36801529    
   2319.18530       2.26769304    
   2333.33325       2.22056150    
   2347.48145       2.17343140    
   2377.59595       2.07311440    
   2416.66675       1.94296443    
   2455.73755       1.81281602    
   2485.85205       1.71250236    
   2500.00000       1.66537488    
   2514.14795       1.61824846    
   2544.26270       1.51793897    
   2583.33325       1.38779843    
   2622.40405       1.25765896    
   2652.51880       1.15735197    
   2666.66675       1.11022747    
   2680.81470       1.06310380    
   2710.92920      0.962799609    
   2750.00000      0.832665563    
   2789.07080      0.702532172    
   2819.18530      0.602229536    
   2833.33350      0.555106938    
   2847.48145      0.507984757    
   2877.59595      0.407683551    
   2916.66675      0.277552903    
   2955.73755      0.147422493    
   2985.85205       4.71218191E-02
   3000.00000       1.33225287E-04
