   0.00000000       9.99995518    
   42.4440269       9.85840225    
   132.787796       9.55700588    
   250.000000       9.16597748    
   367.212189       8.77495480    
   457.555969       8.47357273    
   500.000000       8.33198547    
   542.444031       8.19040775    
   632.787781       7.88906479    
   750.000000       7.49811602    
   867.212219       7.10718441    
   957.555969       6.80588007    
   1000.00000       6.66433191    
   1042.44397       6.52280188    
   1132.78784       6.22156429    
   1250.00000       5.83076048    
   1367.21216       5.43997955    
   1457.55603       5.13879538    
   1500.00000       4.99730492    
   1514.14795       4.95014620    
   1544.26257       4.84976864    
   1583.33337       4.71954107    
   1622.40405       4.58931637    
   1652.51868       4.48894501    
   1666.66663       4.44179106    
   1680.81470       4.39463902    
   1710.92932       4.29427576    
   1750.00000       4.16406727    
   1789.07080       4.03386164    
   1819.18530       3.93350458    
   1833.33337       3.88635707    
   1847.48132       3.83921170    
   1877.59595       3.73886299    
   1916.66663       3.60867262    
   1955.73743       3.47848463    
   1985.85205       3.37814140    
   2000.00000       3.33100033    
   2014.14807       3.28386116    
   2044.26257       3.18352532    
   2083.33325       3.05335164    
   2122.40405       2.92318010    
   2152.51880       2.82284951    
   2166.66675       2.77571416    
   2180.81470       2.72858071    
   2210.92920       2.62825656    
   2250.00000       2.49809766    
   2289.07080       2.36794066    
   2319.18530       2.26762104    
   2333.33325       2.22049069    
   2347.48145       2.17336202    
   2377.59595       2.07304764    
   2416.66675       1.94290137    
   2455.73755       1.81275666    
   2485.85205       1.71244597    
   2500.00000       1.66531992    
   2514.14795       1.61819494    
   2544.26270       1.51788855    
   2583.33325       1.38775206    
   2622.40405       1.25761664    
   2652.51880       1.15731287    
   2666.66675       1.11018991    
   2680.81470       1.06306767    
   2710.92920      0.962766826    
   2750.00000      0.832637131    
   2789.07080      0.702508092    
   2819.18530      0.602208853    
   2833.33350      0.555087864    
   2847.48145      0.507967234    
   2877.59595      0.407669485    
   2916.66675      0.277543336    
   2955.73755      0.147417396    
   2985.85205       4.71201912E-02
   3000.00000       1.33220688E-04
