   0.00000000       9.99995518    
   42.4440269       9.85841179    
   132.787796       9.55703545    
   250.000000       9.16603184    
   367.212189       8.77503490    
   457.555969       8.47367191    
   500.000000       8.33209324    
   542.444031       8.19052410    
   632.787781       7.88919640    
   750.000000       7.49826670    
   867.212219       7.10735321    
   957.555969       6.80606127    
   1000.00000       6.66451883    
   1042.44397       6.52299261    
   1132.78784       6.22176266    
   1250.00000       5.83096647    
   1367.21216       5.44019127    
   1457.55603       5.13901043    
   1500.00000       4.99752092    
   1514.14795       4.95036173    
   1544.26257       4.84998417    
   1583.33337       4.71975565    
   1622.40405       4.58952999    
   1652.51868       4.48915815    
   1666.66663       4.44200325    
   1680.81470       4.39485073    
   1710.92932       4.29448605    
   1750.00000       4.16427565    
   1789.07080       4.03406715    
   1819.18530       3.93370819    
   1833.33337       3.88655972    
   1847.48132       3.83941340    
   1877.59595       3.73906183    
   1916.66663       3.60886765    
   1955.73743       3.47867608    
   1985.85205       3.37832952    
   2000.00000       3.33118701    
   2014.14807       3.28404617    
   2044.26257       3.18370676    
   2083.33325       3.05352807    
   2122.40405       2.92335153    
   2152.51880       2.82301664    
   2166.66675       2.77587938    
   2180.81470       2.72874379    
   2210.92920       2.62841487    
   2250.00000       2.49825001    
   2289.07080       2.36808681    
   2319.18530       2.26776195    
   2333.33325       2.22062945    
   2347.48145       2.17349815    
   2377.59595       2.07317853    
   2416.66675       1.94302499    
   2455.73755       1.81287289    
   2485.85205       1.71255648    
   2500.00000       1.66542768    
   2514.14795       1.61829996    
   2544.26270       1.51798749    
   2583.33325       1.38784301    
   2622.40405       1.25769961    
   2652.51880       1.15738952    
   2666.66675       1.11026359    
   2680.81470       1.06313837    
   2710.92920      0.962831080    
   2750.00000      0.832692862    
   2789.07080      0.702555239    
   2819.18530      0.602249384    
   2833.33350      0.555125296    
   2847.48145      0.508001506    
   2877.59595      0.407697052    
   2916.66675      0.277562112    
   2955.73755      0.147427380    
   2985.85205       4.71233800E-02
   3000.00000       1.33229696E-04
