   0.00000000       9.99995518    
   42.4440269       9.85839653    
   132.787796       9.55698967    
   250.000000       9.16594791    
   367.212189       8.77491188    
   457.555969       8.47351933    
   500.000000       8.33192730    
   542.444031       8.19034672    
   632.787781       7.88899469    
   750.000000       7.49803591    
   867.212219       7.10709429    
   957.555969       6.80578327    
   1000.00000       6.66423273    
   1042.44397       6.52270031    
   1132.78784       6.22145891    
   1250.00000       5.83065081    
   1367.21216       5.43986702    
   1457.55603       5.13868093    
   1500.00000       4.99719048    
   1514.14795       4.95003128    
   1544.26257       4.84965420    
   1583.33337       4.71942711    
   1622.40405       4.58920288    
   1652.51868       4.48883152    
   1666.66663       4.44167757    
   1680.81470       4.39452600    
   1710.92932       4.29416418    
   1750.00000       4.16395664    
   1789.07080       4.03375196    
   1819.18530       3.93339610    
   1833.33337       3.88624930    
   1847.48132       3.83910465    
   1877.59595       3.73875713    
   1916.66663       3.60856867    
   1955.73743       3.47838283    
   1985.85205       3.37804103    
   2000.00000       3.33090091    
   2014.14807       3.28376269    
   2044.26257       3.18342876    
   2083.33325       3.05325770    
   2122.40405       2.92308903    
   2152.51880       2.82276058    
   2166.66675       2.77562618    
   2180.81470       2.72849393    
   2210.92920       2.62817216    
   2250.00000       2.49801660    
   2289.07080       2.36786318    
   2319.18530       2.26754594    
   2333.33325       2.22041702    
   2347.48145       2.17328954    
   2377.59595       2.07297826    
   2416.66675       1.94283569    
   2455.73755       1.81269479    
   2485.85205       1.71238708    
   2500.00000       1.66526246    
   2514.14795       1.61813903    
   2544.26270       1.51783586    
   2583.33325       1.38770354    
   2622.40405       1.25757253    
   2652.51880       1.15727198    
   2666.66675       1.11015058    
   2680.81470       1.06303000    
   2710.92920      0.962732673    
   2750.00000      0.832607448    
   2789.07080      0.702482939    
   2819.18530      0.602187216    
   2833.33350      0.555067897    
   2847.48145      0.507948995    
   2877.59595      0.407654822    
   2916.66675      0.277533352    
   2955.73755      0.147412091    
   2985.85205       4.71184924E-02
   3000.00000       1.33215886E-04
