   0.00000000       9.99995518    
   42.4440269       9.85841560    
   132.787796       9.55704880    
   250.000000       9.16605854    
   367.212189       8.77507305    
   457.555969       8.47371864    
   500.000000       8.33214378    
   542.444031       8.19057846    
   632.787781       7.88925791    
   750.000000       7.49833775    
   867.212219       7.10743237    
   957.555969       6.80614662    
   1000.00000       6.66460657    
   1042.44397       6.52308226    
   1132.78784       6.22185564    
   1250.00000       5.83106327    
   1367.21216       5.44029093    
   1457.55603       5.13911104    
   1500.00000       4.99762201    
   1514.14795       4.95046329    
   1544.26257       4.85008526    
   1583.33337       4.71985674    
   1622.40405       4.58963060    
   1652.51868       4.48925781    
   1666.66663       4.44210291    
   1680.81470       4.39494991    
   1710.92932       4.29458475    
   1750.00000       4.16437340    
   1789.07080       4.03416395    
   1819.18530       3.93380380    
   1833.33337       3.88665509    
   1847.48132       3.83950782    
   1877.59595       3.73915505    
   1916.66663       3.60895944    
   1955.73743       3.47876596    
   1985.85205       3.37841797    
   2000.00000       3.33127475    
   2014.14807       3.28413320    
   2044.26257       3.18379188    
   2083.33325       3.05361104    
   2122.40405       2.92343187    
   2152.51880       2.82309508    
   2166.66675       2.77595687    
   2180.81470       2.72882032    
   2210.92920       2.62848926    
   2250.00000       2.49832153    
   2289.07080       2.36815524    
   2319.18530       2.26782823    
   2333.33325       2.22069454    
   2347.48145       2.17356205    
   2377.59595       2.07323980    
   2416.66675       1.94308293    
   2455.73755       1.81292748    
   2485.85205       1.71260846    
   2500.00000       1.66547835    
   2514.14795       1.61834919    
   2544.26270       1.51803398    
   2583.33325       1.38788581    
   2622.40405       1.25773859    
   2652.51880       1.15742564    
   2666.66675       1.11029828    
   2680.81470       1.06317163    
   2710.92920      0.962861240    
   2750.00000      0.832719028    
   2789.07080      0.702577412    
   2819.18530      0.602268457    
   2833.33350      0.555142879    
   2847.48145      0.508017600    
   2877.59595      0.407709986    
   2916.66675      0.277570903    
   2955.73755      0.147432059    
   2985.85205       4.71248776E-02
   3000.00000       1.33233931E-04
