   0.00000000       9.99995518    
   42.4440269       9.85842800    
   132.787796       9.55708694    
   250.000000       9.16613007    
   367.212189       8.77517700    
   457.555969       8.47384739    
   500.000000       8.33228397    
   542.444031       8.19072819    
   632.787781       7.88942862    
   750.000000       7.49853325    
   867.212219       7.10765123    
   957.555969       6.80638170    
   1000.00000       6.66484928    
   1042.44397       6.52332973    
   1132.78784       6.22211266    
   1250.00000       5.83133030    
   1367.21216       5.44056559    
   1457.55603       5.13938999    
   1500.00000       4.99790192    
   1514.14795       4.95074272    
   1544.26257       4.85036421    
   1583.33337       4.72013474    
   1622.40405       4.58990765    
   1652.51868       4.48953390    
   1666.66663       4.44237852    
   1680.81470       4.39522457    
   1710.92932       4.29485750    
   1750.00000       4.16464281    
   1789.07080       4.03443050    
   1819.18530       3.93406796    
   1833.33337       3.88691783    
   1847.48132       3.83976912    
   1877.59595       3.73941302    
   1916.66663       3.60921264    
   1955.73743       3.47901392    
   1985.85205       3.37866211    
   2000.00000       3.33151698    
   2014.14807       3.28437328    
   2044.26257       3.18402719    
   2083.33325       3.05383968    
   2122.40405       2.92365408    
   2152.51880       2.82331204    
   2166.66675       2.77617121    
   2180.81470       2.72903180    
   2210.92920       2.62869477    
   2250.00000       2.49851894    
   2289.07080       2.36834455    
   2319.18530       2.26801109    
   2333.33325       2.22087407    
   2347.48145       2.17373848    
   2377.59595       2.07340932    
   2416.66675       1.94324315    
   2455.73755       1.81307817    
   2485.85205       1.71275175    
   2500.00000       1.66561818    
   2514.14795       1.61848545    
   2544.26270       1.51816225    
   2583.33325       1.38800383    
   2622.40405       1.25784612    
   2652.51880       1.15752506    
   2666.66675       1.11039388    
   2680.81470       1.06326330    
   2710.92920      0.962944508    
   2750.00000      0.832791269    
   2789.07080      0.702638626    
   2819.18530      0.602321029    
   2833.33350      0.555191398    
   2847.48145      0.508062065    
   2877.59595      0.407745689    
   2916.66675      0.277595252    
   2955.73755      0.147444993    
   2985.85205       4.71290126E-02
   3000.00000       1.33245630E-04
