   0.00000000       9.99995518    
   42.4440269       9.85843182    
   132.787796       9.55709934    
   250.000000       9.16615200    
   367.212189       8.77520943    
   457.555969       8.47388649    
   500.000000       8.33232689    
   542.444031       8.19077396    
   632.787781       7.88948059    
   750.000000       7.49859333    
   867.212219       7.10771847    
   957.555969       6.80645418    
   1000.00000       6.66492319    
   1042.44397       6.52340603    
   1132.78784       6.22219133    
   1250.00000       5.83141232    
   1367.21216       5.44064999    
   1457.55603       5.13947535    
   1500.00000       4.99798775    
   1514.14795       4.95082855    
   1544.26257       4.85044956    
   1583.33337       4.72022009    
   1622.40405       4.58999252    
   1652.51868       4.48961878    
   1666.66663       4.44246292    
   1680.81470       4.39530897    
   1710.92932       4.29494095    
   1750.00000       4.16472578    
   1789.07080       4.03451204    
   1819.18530       3.93414903    
   1833.33337       3.88699841    
   1847.48132       3.83984923    
   1877.59595       3.73949194    
   1916.66663       3.60929012    
   1955.73743       3.47908998    
   1985.85205       3.37873697    
   2000.00000       3.33159113    
   2014.14807       3.28444672    
   2044.26257       3.18409920    
   2083.33325       3.05390978    
   2122.40405       2.92372203    
   2152.51880       2.82337832    
   2166.66675       2.77623677    
   2180.81470       2.72909665    
   2210.92920       2.62875772    
   2250.00000       2.49857950    
   2289.07080       2.36840248    
   2319.18530       2.26806712    
   2333.33325       2.22092938    
   2347.48145       2.17379260    
   2377.59595       2.07346129    
   2416.66675       1.94329226    
   2455.73755       1.81312442    
   2485.85205       1.71279562    
   2500.00000       1.66566098    
   2514.14795       1.61852717    
   2544.26270       1.51820159    
   2583.33325       1.38803995    
   2622.40405       1.25787914    
   2652.51880       1.15755558    
   2666.66675       1.11042321    
   2680.81470       1.06329143    
   2710.92920      0.962970018    
   2750.00000      0.832813442    
   2789.07080      0.702657342    
   2819.18530      0.602337182    
   2833.33350      0.555206299    
   2847.48145      0.508075714    
   2877.59595      0.407756627    
   2916.66675      0.277602702    
   2955.73755      0.147448957    
   2985.85205       4.71302792E-02
   3000.00000       1.33249210E-04
