   0.00000000       9.99995518    
   42.4440269       9.85843563    
   132.787796       9.55710983    
   250.000000       9.16617298    
   367.212189       8.77523994    
   457.555969       8.47392464    
   500.000000       8.33236790    
   542.444031       8.19081783    
   632.787781       7.88953066    
   750.000000       7.49865055    
   867.212219       7.10778284    
   957.555969       6.80652332    
   1000.00000       6.66499472    
   1042.44397       6.52347851    
   1132.78784       6.22226715    
   1250.00000       5.83149052    
   1367.21216       5.44073057    
   1457.55603       5.13955736    
   1500.00000       4.99806976    
   1514.14795       4.95091057    
   1544.26257       4.85053205    
   1583.33337       4.72030210    
   1622.40405       4.59007406    
   1652.51868       4.48969984    
   1666.66663       4.44254398    
   1680.81470       4.39538956    
   1710.92932       4.29502106    
   1750.00000       4.16480494    
   1789.07080       4.03459072    
   1819.18530       3.93422651    
   1833.33337       3.88707566    
   1847.48132       3.83992600    
   1877.59595       3.73956776    
   1916.66663       3.60936451    
   1955.73743       3.47916293    
   1985.85205       3.37880874    
   2000.00000       3.33166242    
   2014.14807       3.28451729    
   2044.26257       3.18416834    
   2083.33325       3.05397701    
   2122.40405       2.92378736    
   2152.51880       2.82344198    
   2166.66675       2.77629972    
   2180.81470       2.72915864    
   2210.92920       2.62881827    
   2250.00000       2.49863744    
   2289.07080       2.36845827    
   2319.18530       2.26812077    
   2333.33325       2.22098207    
   2347.48145       2.17384458    
   2377.59595       2.07351089    
   2416.66675       1.94333935    
   2455.73755       1.81316876    
   2485.85205       1.71283782    
   2500.00000       1.66570210    
   2514.14795       1.61856711    
   2544.26270       1.51823926    
   2583.33325       1.38807464    
   2622.40405       1.25791073    
   2652.51880       1.15758479    
   2666.66675       1.11045134    
   2680.81470       1.06331837    
   2710.92920      0.962994516    
   2750.00000      0.832834661    
   2789.07080      0.702675343    
   2819.18530      0.602352619    
   2833.33350      0.555220544    
   2847.48145      0.508088768    
   2877.59595      0.407767117    
   2916.66675      0.277609855    
   2955.73755      0.147452757    
   2985.85205       4.71314937E-02
   3000.00000       1.33252644E-04
