   0.00000000       9.99995518    
   42.4440269       9.85842419    
   132.787796       9.55707455    
   250.000000       9.16610718    
   367.212189       8.77514362    
   457.555969       8.47380638    
   500.000000       8.33223915    
   542.444031       8.19068050    
   632.787781       7.88937378    
   750.000000       7.49847078    
   867.212219       7.10758114    
   957.555969       6.80630684    
   1000.00000       6.66477156    
   1042.44397       6.52325106    
   1132.78784       6.22203064    
   1250.00000       5.83124495    
   1367.21216       5.44047785    
   1457.55603       5.13930082    
   1500.00000       4.99781275    
   1514.14795       4.95065355    
   1544.26257       4.85027504    
   1583.33337       4.72004604    
   1622.40405       4.58981895    
   1652.51868       4.48944569    
   1666.66663       4.44229031    
   1680.81470       4.39513683    
   1710.92932       4.29477024    
   1750.00000       4.16455698    
   1789.07080       4.03434515    
   1819.18530       3.93398356    
   1833.33337       3.88683391    
   1847.48132       3.83968568    
   1877.59595       3.73933053    
   1916.66663       3.60913157    
   1955.73743       3.47893476    
   1985.85205       3.37858415    
   2000.00000       3.33143950    
   2014.14807       3.28429651    
   2044.26257       3.18395185    
   2083.33325       3.05376673    
   2122.40405       2.92358303    
   2152.51880       2.82324266    
   2166.66675       2.77610278    
   2180.81470       2.72896409    
   2210.92920       2.62862921    
   2250.00000       2.49845576    
   2289.07080       2.36828399    
   2319.18530       2.26795268    
   2333.33325       2.22081685    
   2347.48145       2.17368221    
   2377.59595       2.07335520    
   2416.66675       1.94319201    
   2455.73755       1.81303000    
   2485.85205       1.71270597    
   2500.00000       1.66557348    
   2514.14795       1.61844194    
   2544.26270       1.51812124    
   2583.33325       1.38796604    
   2622.40405       1.25781178    
   2652.51880       1.15749323    
   2666.66675       1.11036336    
   2680.81470       1.06323397    
   2710.92920      0.962917864    
   2750.00000      0.832768202    
   2789.07080      0.702619076    
   2819.18530      0.602304220    
   2833.33350      0.555175900    
   2847.48145      0.508047879    
   2877.59595      0.407734275    
   2916.66675      0.277587473    
   2955.73755      0.147440866    
   2985.85205       4.71276902E-02
   3000.00000       1.33241891E-04
