   0.00000000       9.99995518    
   42.4440269       9.85842037    
   132.787796       9.55706215    
   250.000000       9.16608334    
   367.212189       8.77510929    
   457.555969       8.47376347    
   500.000000       8.33219242    
   542.444031       8.19062996    
   632.787781       7.88931704    
   750.000000       7.49840546    
   867.212219       7.10750818    
   957.555969       6.80622816    
   1000.00000       6.66469097    
   1042.44397       6.52316856    
   1132.78784       6.22194481    
   1250.00000       5.83115578    
   1367.21216       5.44038630    
   1457.55603       5.13920784    
   1500.00000       4.99771929    
   1514.14795       4.95056009    
   1544.26257       4.85018206    
   1583.33337       4.71995354    
   1622.40405       4.58972692    
   1652.51868       4.48935366    
   1666.66663       4.44219875    
   1680.81470       4.39504528    
   1710.92932       4.29467964    
   1750.00000       4.16446686    
   1789.07080       4.03425646    
   1819.18530       3.93389559    
   1833.33337       3.88674617    
   1847.48132       3.83959866    
   1877.59595       3.73924470    
   1916.66663       3.60904741    
   1955.73743       3.47885203    
   1985.85205       3.37850285    
   2000.00000       3.33135891    
   2014.14807       3.28421640    
   2044.26257       3.18387365    
   2083.33325       3.05369043    
   2122.40405       2.92350912    
   2152.51880       2.82317042    
   2166.66675       2.77603126    
   2180.81470       2.72889376    
   2210.92920       2.62856078    
   2250.00000       2.49838996    
   2289.07080       2.36822104    
   2319.18530       2.26789165    
   2333.33325       2.22075677    
   2347.48145       2.17362332    
   2377.59595       2.07329869    
   2416.66675       1.94313860    
   2455.73755       1.81297982    
   2485.85205       1.71265817    
   2500.00000       1.66552687    
   2514.14795       1.61839652    
   2544.26270       1.51807857    
   2583.33325       1.38792670    
   2622.40405       1.25777590    
   2652.51880       1.15746009    
   2666.66675       1.11033142    
   2680.81470       1.06320345    
   2710.92920      0.962890148    
   2750.00000      0.832744122    
   2789.07080      0.702598691    
   2819.18530      0.602286696    
   2833.33350      0.555159748    
   2847.48145      0.508033097    
   2877.59595      0.407722384    
   2916.66675      0.277579367    
   2955.73755      0.147436544    
   2985.85205       4.71263118E-02
   3000.00000       1.33237991E-04
