   0.00000000       9.99995518    
   42.4440269       9.85844803    
   132.787796       9.55715084    
   250.000000       9.16624832    
   367.212189       8.77535057    
   457.555969       8.47406101    
   500.000000       8.33251572    
   542.444031       8.19097710    
   632.787781       7.88971186    
   750.000000       7.49885798    
   867.212219       7.10801458    
   957.555969       6.80677271    
   1000.00000       6.66525173    
   1042.44397       6.52374125    
   1132.78784       6.22253990    
   1250.00000       5.83177376    
   1367.21216       5.44102192    
   1457.55603       5.13985252    
   1500.00000       4.99836636    
   1514.14795       4.95120716    
   1544.26257       4.85082769    
   1583.33337       4.72059727    
   1622.40405       4.59036827    
   1652.51868       4.48999262    
   1666.66663       4.44283581    
   1680.81470       4.39568090    
   1710.92932       4.29531050    
   1750.00000       4.16509104    
   1789.07080       4.03487349    
   1819.18530       3.93450665    
   1833.33337       3.88735437    
   1847.48132       3.84020329    
   1877.59595       3.73984122    
   1916.66663       3.60963297    
   1955.73743       3.47942615    
   1985.85205       3.37906766    
   2000.00000       3.33191919    
   2014.14807       3.28477192    
   2044.26257       3.18441772    
   2083.33325       3.05421972    
   2122.40405       2.92402291    
   2152.51880       2.82367206    
   2166.66675       2.77652693    
   2180.81470       2.72938299    
   2210.92920       2.62903595    
   2250.00000       2.49884701    
   2289.07080       2.36865902    
   2319.18530       2.26831460    
   2333.33325       2.22117281    
   2347.48145       2.17403173    
   2377.59595       2.07369065    
   2416.66675       1.94350922    
   2455.73755       1.81332850    
   2485.85205       1.71298981    
   2500.00000       1.66585028    
   2514.14795       1.61871159    
   2544.26270       1.51837540    
   2583.33325       1.38819981    
   2622.40405       1.25802481    
   2652.51880       1.15769029    
   2666.66675       1.11055267    
   2680.81470       1.06341565    
   2710.92920      0.963082790    
   2750.00000      0.832911313    
   2789.07080      0.702740252    
   2819.18530      0.602408409    
   2833.33350      0.555272043    
   2847.48145      0.508135915    
   2877.59595      0.407804996    
   2916.66675      0.277635664    
   2955.73755      0.147466481    
   2985.85205       4.71358821E-02
   3000.00000       1.33265043E-04
