   0.00000000       9.99995518    
   42.4440269       9.85844517    
   132.787796       9.55714130    
   250.000000       9.16623116    
   367.212189       8.77532482    
   457.555969       8.47402954    
   500.000000       8.33248138    
   542.444031       8.19093990    
   632.787781       7.88966942    
   750.000000       7.49880934    
   867.212219       7.10796022    
   957.555969       6.80671406    
   1000.00000       6.66519117    
   1042.44397       6.52367973    
   1132.78784       6.22247553    
   1250.00000       5.83170748    
   1367.21216       5.44095373    
   1457.55603       5.13978338    
   1500.00000       4.99829674    
   1514.14795       4.95113754    
   1544.26257       4.85075855    
   1583.33337       4.72052813    
   1622.40405       4.59029913    
   1652.51868       4.48992395    
   1666.66663       4.44276762    
   1680.81470       4.39561272    
   1710.92932       4.29524279    
   1750.00000       4.16502428    
   1789.07080       4.03480721    
   1819.18530       3.93444109    
   1833.33337       3.88728881    
   1847.48132       3.84013820    
   1877.59595       3.73977709    
   1916.66663       3.60957003    
   1955.73743       3.47936440    
   1985.85205       3.37900686    
   2000.00000       3.33185887    
   2014.14807       3.28471208    
   2044.26257       3.18435931    
   2083.33325       3.05416274    
   2122.40405       2.92396760    
   2152.51880       2.82361817    
   2166.66675       2.77647376    
   2180.81470       2.72933030    
   2210.92920       2.62898493    
   2250.00000       2.49879789    
   2289.07080       2.36861181    
   2319.18530       2.26826930    
   2333.33325       2.22112799    
   2347.48145       2.17398763    
   2377.59595       2.07364845    
   2416.66675       1.94346929    
   2455.73755       1.81329107    
   2485.85205       1.71295416    
   2500.00000       1.66581559    
   2514.14795       1.61867774    
   2544.26270       1.51834345    
   2583.33325       1.38817048    
   2622.40405       1.25799811    
   2652.51880       1.15766549    
   2666.66675       1.11052895    
   2680.81470       1.06339276    
   2710.92920      0.963062108    
   2750.00000      0.832893372    
   2789.07080      0.702725053    
   2819.18530      0.602395356    
   2833.33350      0.555260003    
   2847.48145      0.508124888    
   2877.59595      0.407796115    
   2916.66675      0.277629614    
   2955.73755      0.147463262    
   2985.85205       4.71348502E-02
   3000.00000       1.33262147E-04
