   0.00000000       9.99995518    
   42.4440269       9.85844231    
   132.787796       9.55713177    
   250.000000       9.16621208    
   367.212189       8.77529716    
   457.555969       8.47399616    
   500.000000       8.33244514    
   542.444031       8.19090080    
   632.787781       7.88962507    
   750.000000       7.49875879    
   867.212219       7.10790348    
   957.555969       6.80665302    
   1000.00000       6.66512823    
   1042.44397       6.52361536    
   1132.78784       6.22240925    
   1250.00000       5.83163834    
   1367.21216       5.44088221    
   1457.55603       5.13971138    
   1500.00000       4.99822426    
   1514.14795       4.95106506    
   1544.26257       4.85068607    
   1583.33337       4.72045565    
   1622.40405       4.59022713    
   1652.51868       4.48985243    
   1666.66663       4.44269609    
   1680.81470       4.39554119    
   1710.92932       4.29517174    
   1750.00000       4.16495419    
   1789.07080       4.03473806    
   1819.18530       3.93437243    
   1833.33337       3.88722086    
   1847.48132       3.84007049    
   1877.59595       3.73971033    
   1916.66663       3.60950446    
   1955.73743       3.47930002    
   1985.85205       3.37894368    
   2000.00000       3.33179617    
   2014.14807       3.28464985    
   2044.26257       3.18429828    
   2083.33325       3.05410337    
   2122.40405       2.92391014    
   2152.51880       2.82356191    
   2166.66675       2.77641821    
   2180.81470       2.72927547    
   2210.92920       2.62893176    
   2250.00000       2.49874663    
   2289.07080       2.36856270    
   2319.18530       2.26822186    
   2333.33325       2.22108150    
   2347.48145       2.17394185    
   2377.59595       2.07360458    
   2416.66675       1.94342780    
   2455.73755       1.81325197    
   2485.85205       1.71291697    
   2500.00000       1.66577923    
   2514.14795       1.61864233    
   2544.26270       1.51831019    
   2583.33325       1.38813984    
   2622.40405       1.25797021    
   2652.51880       1.15763974    
   2666.66675       1.11050415    
   2680.81470       1.06336904    
   2710.92920      0.963040471    
   2750.00000      0.832874596    
   2789.07080      0.702709138    
   2819.18530      0.602381706    
   2833.33350      0.555247366    
   2847.48145      0.508113325    
   2877.59595      0.407786846    
   2916.66675      0.277623296    
   2955.73755      0.147459909    
   2985.85205       4.71337810E-02
   3000.00000       1.33259105E-04
