   0.00000000       9.99995518    
   42.4440269       9.85845089    
   132.787796       9.55715942    
   250.000000       9.16626549    
   367.212189       8.77537537    
   457.555969       8.47409248    
   500.000000       8.33255005    
   542.444031       8.19101334    
   632.787781       7.88975239    
   750.000000       7.49890471    
   867.212219       7.10806704    
   957.555969       6.80682898    
   1000.00000       6.66530943    
   1042.44397       6.52380037    
   1132.78784       6.22260094    
   1250.00000       5.83183765    
   1367.21216       5.44108772    
   1457.55603       5.13991928    
   1500.00000       4.99843311    
   1514.14795       4.95127392    
   1544.26257       4.85089445    
   1583.33337       4.72066355    
   1622.40405       4.59043407    
   1652.51868       4.49005842    
   1666.66663       4.44290161    
   1680.81470       4.39574623    
   1710.92932       4.29537535    
   1750.00000       4.16515541    
   1789.07080       4.03493738    
   1819.18530       3.93456984    
   1833.33337       3.88741708    
   1847.48132       3.84026551    
   1877.59595       3.73990273    
   1916.66663       3.60969353    
   1955.73743       3.47948551    
   1985.85205       3.37912607    
   2000.00000       3.33197689    
   2014.14807       3.28482914    
   2044.26257       3.18447399    
   2083.33325       3.05427432    
   2122.40405       2.92407584    
   2152.51880       2.82372379    
   2166.66675       2.77657819    
   2180.81470       2.72943354    
   2210.92920       2.62908506    
   2250.00000       2.49889398    
   2289.07080       2.36870408    
   2319.18530       2.26835823    
   2333.33325       2.22121549    
   2347.48145       2.17407370    
   2377.59595       2.07373118    
   2416.66675       1.94354737    
   2455.73755       1.81336451    
   2485.85205       1.71302402    
   2500.00000       1.66588366    
   2514.14795       1.61874402    
   2544.26270       1.51840603    
   2583.33325       1.38822794    
   2622.40405       1.25805056    
   2652.51880       1.15771401    
   2666.66675       1.11057556    
   2680.81470       1.06343746    
   2710.92920      0.963102698    
   2750.00000      0.832928598    
   2789.07080      0.702754855    
   2819.18530      0.602420986    
   2833.33350      0.555283666    
   2847.48145      0.508146524    
   2877.59595      0.407813519    
   2916.66675      0.277641475    
   2955.73755      0.147469565    
   2985.85205       4.71368693E-02
   3000.00000       1.33267837E-04
