   0.00000000       9.99995518    
   42.4440269       9.85843849    
   132.787796       9.55712128    
   250.000000       9.16619301    
   367.212189       8.77526951    
   457.555969       8.47396088    
   500.000000       8.33240700    
   542.444031       8.19086075    
   632.787781       7.88957882    
   750.000000       7.49870586    
   867.212219       7.10784435    
   957.555969       6.80658960    
   1000.00000       6.66506290    
   1042.44397       6.52354860    
   1132.78784       6.22233963    
   1250.00000       5.83156586    
   1367.21216       5.44080830    
   1457.55603       5.13963556    
   1500.00000       4.99814892    
   1514.14795       4.95098972    
   1544.26257       4.85061073    
   1583.33337       4.72038031    
   1622.40405       4.59015226    
   1652.51868       4.48977757    
   1666.66663       4.44262171    
   1680.81470       4.39546728    
   1710.92932       4.29509830    
   1750.00000       4.16488123    
   1789.07080       4.03466606    
   1819.18530       3.93430114    
   1833.33337       3.88714957    
   1847.48132       3.83999968    
   1877.59595       3.73964047    
   1916.66663       3.60943604    
   1955.73743       3.47923303    
   1985.85205       3.37887764    
   2000.00000       3.33173060    
   2014.14807       3.28458500    
   2044.26257       3.18423462    
   2083.33325       3.05404162    
   2122.40405       2.92385006    
   2152.51880       2.82350326    
   2166.66675       2.77636027    
   2180.81470       2.72921824    
   2210.92920       2.62887597    
   2250.00000       2.49869323    
   2289.07080       2.36851168    
   2319.18530       2.26817226    
   2333.33325       2.22103286    
   2347.48145       2.17389417    
   2377.59595       2.07355881    
   2416.66675       1.94338441    
   2455.73755       1.81321120    
   2485.85205       1.71287823    
   2500.00000       1.66574144    
   2514.14795       1.61860549    
   2544.26270       1.51827550    
   2583.33325       1.38810790    
   2622.40405       1.25794113    
   2652.51880       1.15761280    
   2666.66675       1.11047828    
   2680.81470       1.06334424    
   2710.92920      0.963018000    
   2750.00000      0.832855046    
   2789.07080      0.702692628    
   2819.18530      0.602367461    
   2833.33350      0.555234253    
   2847.48145      0.508101344    
   2877.59595      0.407777190    
   2916.66675      0.277616709    
   2955.73755      0.147456408    
   2985.85205       4.71326597E-02
   3000.00000       1.33255948E-04
