   0.00000000       9.99975872    
   42.4440269       9.23289394    
   132.787796       7.62741327    
   250.000000       5.63925028    
   367.212189       3.80995607    
   457.555969       2.55868912    
   500.000000       2.04575419    
   542.444031       1.72963452    
   632.787781       1.21024466    
   750.000000      0.725460470    
   867.212219      0.383153230    
   957.555969      0.193116665    
   1000.00000      0.124657601    
   1042.44397       9.42611918E-02
   1132.78784       5.40209562E-02
   1250.00000       2.57367697E-02
   1367.21216       1.08784232E-02
   1457.55603       4.67793830E-03
   1500.00000       2.92934291E-03
   1514.14795       2.46578269E-03
   1544.26257       1.29613339E-03
   1583.33337       6.87193766E-04
   1622.40405       2.57377076E-04
   1652.51868       1.22851343E-04
   1666.66663       6.19383136E-05
   1680.81470       4.32423367E-05
   1710.92932       2.17560482E-05
   1750.00000       9.08996481E-06
   1789.07080       3.36836638E-06
   1819.18530       1.19771198E-06
   1833.33337       5.63511492E-07
   1847.48132       3.65728368E-07
   1877.59595       1.61578697E-07
   1916.66663       5.83929420E-08
   1955.73743       1.86096294E-08
   1985.85205       5.75926551E-09
   2000.00000       2.32220509E-09
   2014.14807       1.39349321E-09
   2044.26257       5.33901201E-10
   2083.33325       1.64642605E-10
   2122.40405       4.40408439E-11
   2152.51880       1.17855682E-11
   2166.66675       3.92858142E-12
   2180.81470       2.13608124E-12
   2210.92920       6.76271376E-13
   2250.00000       1.66626424E-13
   2289.07080       3.28853156E-14
   2319.18530       6.92739077E-15
   2333.33325       1.36880831E-15
   2347.48145       5.10534127E-16
   2377.59595       2.17401313E-17
   2416.66675      -3.31287093E-17
   2455.73755      -1.83049345E-17
   2485.85205      -5.60614588E-18
   2500.00000      -2.36714896E-18
   2514.14795      -1.36498119E-18
   2544.26270      -4.69906003E-19
   2583.33325      -1.23181914E-19
   2622.40405      -2.65734938E-20
   2652.51880      -5.86092563E-21
   2666.66675      -1.44416486E-21
   2680.81470      -6.55099075E-22
   2710.92920      -1.34444971E-22
   2750.00000      -1.58160048E-23
   2789.07080       1.63887766E-24
   2819.18530       7.72576302E-25
   2833.33350       5.36363243E-25
   2847.48145       3.27325285E-25
   2877.59595       1.18792616E-25
   2916.66675       3.13397181E-26
   2955.73755       6.75543732E-27
   2985.85205       1.28157859E-27
   3000.00000       6.49857194E-31
