   0.00000000       9.99979401    
   42.4440269       9.34392738    
   132.787796       7.96416759    
   250.000000       6.23324108    
   367.212189       4.60501528    
   457.555969       3.45742726    
   500.000000       2.97098470    
   542.444031       2.62705541    
   632.787781       2.01033950    
   750.000000       1.36200690    
   867.212219      0.841729939    
   957.555969      0.518613279    
   1000.00000      0.393246502    
   1042.44397      0.324956983    
   1132.78784      0.220208481    
   1250.00000      0.129786760    
   1367.21216       7.05826133E-02
   1457.55603       4.05141041E-02
   1500.00000       3.09230965E-02
   1514.14795       2.74532326E-02
   1544.26257       1.77557655E-02
   1583.33337       1.09830340E-02
   1622.40405       5.62000694E-03
   1652.51868       3.13776336E-03
   1666.66663       2.11298699E-03
   1680.81470       1.66532351E-03
   1710.92932       1.04305346E-03
   1750.00000       5.63187466E-04
   1789.07080       2.74565915E-04
   1819.18530       1.31417633E-04
   1833.33337       8.25055831E-05
   1847.48132       6.21419385E-05
   1877.59595       3.59283986E-05
   1916.66663       1.77040001E-05
   1955.73743       7.84149324E-06
   1985.85205       3.38085010E-06
   2000.00000       1.93485266E-06
   2014.14807       1.39080225E-06
   2044.26257       7.40561177E-07
   2083.33325       3.32526099E-07
   2122.40405       1.33826035E-07
   2152.51880       5.22247134E-08
   2166.66675       2.71776877E-08
   2180.81470       1.86228704E-08
   2210.92920       9.11190323E-09
   2250.00000       3.72205822E-09
   2289.07080       1.35925293E-09
   2319.18530       4.82056395E-10
   2333.33325       2.27535518E-10
   2347.48145       1.48439136E-10
   2377.59595       6.65555805E-11
   2416.66675       2.46763009E-11
   2455.73755       8.14933884E-12
   2485.85205       2.63402104E-12
   2500.00000       1.12311950E-12
   2514.14795       6.96169955E-13
   2544.26270       2.84752528E-13
   2583.33325       9.54173670E-14
   2622.40405       2.82848086E-14
   2652.51880       8.33696837E-15
   2666.66675       3.18239193E-15
   2680.81470       1.86604196E-15
   2710.92920       6.89509118E-16
   2750.00000       2.06608210E-16
   2789.07080       5.39686447E-17
   2819.18530       1.44242994E-17
   2833.33350       4.80424763E-18
   2847.48145       2.63040478E-18
   2877.59595       8.52534784E-19
   2916.66675       2.20120929E-19
   2955.73755       4.71190027E-20
   2985.85205       9.72735724E-21
   3000.00000       4.73041507E-24
