   0.00000000       9.99967861    
   42.4440269       8.98193741    
   132.787796       6.90332842    
   250.000000       4.48817348    
   367.212189       2.47545767    
   457.555969       1.24011326    
   500.000000      0.777205229    
   542.444031      0.569944918    
   632.787781      0.301487863    
   750.000000      0.125411943    
   867.212219       4.35276926E-02
   957.555969       1.35103865E-02
   1000.00000       5.23621310E-03
   1042.44397       3.00466083E-03
   1132.78784       1.02203479E-03
   1250.00000       2.60314235E-04
   1367.21216       5.32711128E-05
   1457.55603       1.16028123E-05
   1500.00000       3.57960198E-06
   1514.14795       2.57094666E-06
   1544.26257       6.13881809E-07
   1583.33337       2.77455854E-07
   1622.40405      -1.62341234E-08
   1652.51868       3.07644434E-08
   1666.66663      -1.69014192E-10
   1680.81470      -4.14148715E-10
   1710.92932      -3.17784771E-10
   1750.00000      -1.25723348E-10
   1789.07080      -3.84312408E-11
   1819.18530      -9.68703329E-12
   1833.33337      -3.17141691E-12
   1847.48132      -1.63556397E-12
   1877.59595      -4.52141823E-13
   1916.66663      -8.98628841E-14
   1955.73743      -1.15009642E-14
   1985.85205      -1.54066029E-15
   2000.00000       2.13824508E-16
   2014.14807       2.56594417E-16
   2044.26257       1.49497106E-16
   2083.33325       4.90582458E-17
   2122.40405       1.28211076E-17
   2152.51880       2.76563681E-18
   2166.66675       7.88465199E-19
   2180.81470       3.71359117E-19
   2210.92920       8.45250825E-20
   2250.00000       1.30833582E-20
   2289.07080       6.14668250E-22
   2319.18530       1.41289059E-23
   2333.33325      -1.17342239E-22
   2347.48145      -7.69255440E-23
   2377.59595      -2.88100901E-23
   2416.66675      -7.21361075E-24
   2455.73755      -1.45234696E-24
   2485.85205      -2.69592376E-25
   2500.00000      -5.99720471E-26
   2514.14795      -2.44539331E-26
   2544.26270      -3.79699939E-27
   2583.33325      -2.66527471E-28
   2622.40405       1.05427343E-28
   2652.51880       1.67288562E-29
   2666.66675       1.13878161E-29
   2680.81470       5.87026569E-30
   2710.92920       1.57194741E-30
   2750.00000       3.00048436E-31
   2789.07080       4.01327789E-32
   2819.18530       7.26286091E-33
   2833.33350       8.24274914E-34
   2847.48145       2.14885028E-34
   2877.59595      -2.05386084E-35
   2916.66675      -1.25538894E-35
   2955.73755      -4.36659453E-36
   2985.85205      -3.27812633E-37
   3000.00000      -3.99517199E-40
