   0.00000000       9.99981689    
   42.4440269       9.41807556    
   132.787796       8.19137764    
   250.000000       6.64240074    
   367.212189       5.16797733    
   457.555969       4.11057186    
   500.000000       3.65307236    
   542.444031       3.30296445    
   632.787781       2.64648962    
   750.000000       1.91626525    
   867.212219       1.29577410    
   957.555969      0.890767992    
   1000.00000      0.727758646    
   1042.44397      0.627945602    
   1132.78784      0.462687373    
   1250.00000      0.304999799    
   1367.21216      0.190733254    
   1457.55603      0.127470866    
   1500.00000      0.106026933    
   1514.14795       9.66220796E-02
   1544.26257       6.88323006E-02
   1583.33337       4.64932099E-02
   1622.40405       2.75130514E-02
   1652.51868       1.73965748E-02
   1666.66663       1.31921526E-02
   1680.81470       1.10137789E-02
   1710.92932       7.66014913E-03
   1750.00000       4.69477614E-03
   1789.07080       2.64320662E-03
   1819.18530       1.49695959E-03
   1833.33337       1.07633544E-03
   1847.48132       8.70050048E-04
   1877.59595       5.71288052E-04
   1916.66663       3.27142596E-04
   1955.73743       1.70805419E-04
   1985.85205       8.88138165E-05
   2000.00000       5.98258157E-05
   2014.14807       4.67714272E-05
   2044.26257       2.89495365E-05
   2083.33325       1.54822555E-05
   2122.40405       7.50931349E-06
   2152.51880       3.59552746E-06
   2166.66675       2.26358338E-06
   2180.81470       1.70999385E-06
   2210.92920       9.96345420E-07
   2250.00000       4.97321253E-07
   2289.07080       2.24310014E-07
   2319.18530       9.92030635E-08
   2333.33325       5.82632289E-08
   2347.48145       4.24990603E-08
   2377.59595       2.32813111E-08
   2416.66675       1.08381153E-08
   2455.73755       4.54748150E-09
   2485.85205       1.86309657E-09
   2500.00000       1.01933684E-09
   2514.14795       7.17488180E-10
   2544.26270       3.69096226E-10
   2583.33325       1.60126898E-10
   2622.40405       6.24850796E-11
   2652.51880       2.37787463E-11
   2666.66675       1.21039758E-11
   2680.81470       8.21626534E-12
   2710.92920       3.96418098E-12
   2750.00000       1.60127716E-12
   2789.07080       5.80585547E-13
   2819.18530       2.05699268E-13
   2833.33350       9.72737516E-14
   2847.48145       6.36307277E-14
   2877.59595       2.87370462E-14
   2916.66675       1.07519821E-14
   2955.73755       3.49201826E-15
   2985.85205       8.68833352E-16
   3000.00000       4.67916582E-19
