   0.00000000       9.99984741    
   42.4440269       9.51482010    
   132.787796       8.48922729    
   250.000000       7.18415117    
   367.212189       5.92426729    
   457.555969       5.00182152    
   500.000000       4.59297514    
   542.444031       4.25210524    
   632.787781       3.58432913    
   750.000000       2.80130243    
   867.212219       2.10017395    
   957.555969       1.62034357    
   1000.00000       1.41957867    
   1042.44397       1.27969360    
   1132.78784       1.02977252    
   1250.00000      0.767706811    
   1367.21216      0.559384346    
   1457.55603      0.434248358    
   1500.00000      0.388828188    
   1514.14795      0.363654852    
   1544.26257      0.284815639    
   1583.33337      0.212389007    
   1622.40405      0.146237835    
   1652.51868      0.106575780    
   1666.66663       8.96391198E-02
   1680.81470       7.90699795E-02
   1710.92932       6.09491020E-02
   1750.00000       4.25969400E-02
   1789.07080       2.81110816E-02
   1819.18530       1.90952830E-02
   1833.33337       1.55476751E-02
   1847.48132       1.34418514E-02
   1877.59595       9.98362433E-03
   1916.66663       6.65819412E-03
   1955.73743       4.15657135E-03
   1985.85205       2.65782559E-03
   2000.00000       2.08251807E-03
   2014.14807       1.76353822E-03
   2044.26257       1.26140029E-03
   2083.33325       8.03152157E-04
   2122.40405       4.75049455E-04
   2152.51880       2.86061433E-04
   2166.66675       2.15273511E-04
   2180.81470       1.78458344E-04
   2210.92920       1.22854515E-04
   2250.00000       7.47037921E-05
   2289.07080       4.19256285E-05
   2319.18530       2.37969671E-05
   2333.33325       1.71711927E-05
   2347.48145       1.39274016E-05
   2377.59595       9.22252730E-06
   2416.66675       5.35620438E-06
   2455.73755       2.85583474E-06
   2485.85205       1.52974030E-06
   2500.00000       1.05691470E-06
   2514.14795       8.38362155E-07
   2544.26270       5.33676825E-07
   2583.33325       2.96023643E-07
   2622.40405       1.50099225E-07
   2652.51880       7.59798624E-08
   2666.66675       5.02067401E-08
   2680.81470       3.89312724E-08
   2710.92920       2.38100668E-08
   2750.00000       1.26119977E-08
   2789.07080       6.08580653E-09
   2819.18530       2.91478797E-09
   2833.33350       1.83971638E-09
   2847.48145       1.39293177E-09
   2877.59595       8.14602941E-10
   2916.66675       4.03799078E-10
   2955.73755       1.68634315E-10
   2985.85205       4.78634112E-11
   3000.00000       2.65287229E-14
