   0.00000000       9.99987411    
   42.4440269       9.59974670    
   132.787796       8.75192356    
   250.000000       7.66682625    
   367.212189       6.60829639    
   457.555969       5.82140160    
   500.000000       5.46652794    
   542.444031       5.15323400    
   632.787781       4.52264929    
   750.000000       3.75930357    
   867.212219       3.05351543    
   957.555969       2.55531478    
   1000.00000       2.34100318    
   1042.44397       2.17734551    
   1132.78784       1.87027574    
   1250.00000       1.52877164    
   1367.21216       1.24080265    
   1457.55603       1.05749726    
   1500.00000      0.987005591    
   1514.14795      0.939829350    
   1544.26257      0.786151052    
   1583.33337      0.632669210    
   1622.40405      0.485550255    
   1652.51868      0.390863776    
   1666.66663      0.349243432    
   1680.81470      0.319371283    
   1710.92932      0.264234841    
   1750.00000      0.203309208    
   1789.07080      0.151133567    
   1819.18530      0.116380744    
   1833.33337      0.102008201    
   1847.48132       9.20862108E-02
   1877.59595       7.42987618E-02
   1916.66663       5.52845933E-02
   1955.73743       3.94820012E-02
   1985.85205       2.92106234E-02
   2000.00000       2.50382852E-02
   2014.14807       2.23070290E-02
   2044.26257       1.75510924E-02
   2083.33325       1.26358997E-02
   2122.40405       8.67437664E-03
   2152.51880       6.16221828E-03
   2166.66675       5.15931332E-03
   2180.81470       4.53520054E-03
   2210.92920       3.47942021E-03
   2250.00000       2.42498424E-03
   2289.07080       1.60139007E-03
   2319.18530       1.09201623E-03
   2333.33325       8.92076467E-04
   2347.48145       7.73510954E-04
   2377.59595       5.78604115E-04
   2416.66675       3.90553119E-04
   2455.73755       2.48300057E-04
   2485.85205       1.62529162E-04
   2500.00000       1.29417589E-04
   2514.14795       1.10665576E-04
   2544.26270       8.06997268E-05
   2583.33325       5.27751217E-05
   2622.40405       3.23287677E-05
   2652.51880       2.03160544E-05
   2666.66675       1.57541963E-05
   2680.81470       1.32818077E-05
   2710.92920       9.43933173E-06
   2750.00000       5.98051838E-06
   2789.07080       3.52925485E-06
   2819.18530       2.12520717E-06
   2833.33350       1.59978720E-06
   2847.48145       1.32382593E-06
   2877.59595       9.01591193E-07
   2916.66675       5.23816254E-07
   2955.73755       2.48184307E-07
   2985.85205       7.50909379E-08
   3000.00000       4.20851236E-11
