   0.00000000       9.99983406    
   42.4440269       9.47266960    
   132.787796       8.35927868    
   250.000000       6.94709110    
   367.212189       5.59187651    
   457.555969       4.60822678    
   500.000000       4.17661810    
   542.444031       3.82908535    
   632.787781       3.15991640    
   750.000000       2.39121628    
   867.212219       1.71680808    
   957.555969       1.26385272    
   1000.00000       1.07732141    
   1042.44397      0.954073489    
   1132.78784      0.740428388    
   1250.00000      0.524502814    
   1367.21216      0.358934343    
   1457.55603      0.262669235    
   1500.00000      0.228728920    
   1514.14795      0.211703330    
   1544.26257      0.159619153    
   1583.33337      0.114210404    
   1622.40405       7.39187300E-02
   1652.51868       5.08213378E-02
   1666.66663       4.10865061E-02
   1680.81470       3.54630873E-02
   1710.92932       2.62335464E-02
   1750.00000       1.73760895E-02
   1789.07080       1.07350564E-02
   1819.18530       6.77150814E-03
   1833.33337       5.25515666E-03
   1847.48132       4.42480855E-03
   1877.59595       3.12931300E-03
   1916.66663       1.96185336E-03
   1955.73743       1.13726209E-03
   1985.85205       6.67990360E-04
   2000.00000       4.93654748E-04
   2014.14807       4.05126426E-04
   2044.26257       2.73657468E-04
   2083.33325       1.62417811E-04
   2122.40405       8.85076224E-05
   2152.51880       4.84765806E-05
   2166.66675       3.40376901E-05
   2180.81470       2.72059187E-05
   2210.92920       1.75363002E-05
   2250.00000       9.85256793E-06
   2289.07080       5.05478647E-06
   2319.18530       2.58634532E-06
   2333.33325       1.72228113E-06
   2347.48145       1.33988692E-06
   2377.59595       8.23410119E-07
   2416.66675       4.37835808E-07
   2455.73755       2.11714237E-07
   2485.85205       1.01399237E-07
   2500.00000       6.39463025E-08
   2514.14795       4.83956839E-08
   2544.26270       2.83314723E-08
   2583.33325       1.42527430E-08
   2622.40405       6.50031717E-09
   2652.51880       2.92012770E-09
   2666.66675       1.74199133E-09
   2680.81470       1.28193101E-09
   2710.92920       7.14342530E-10
   2750.00000       3.39854644E-10
   2789.07080       1.46244947E-10
   2819.18530       6.17397730E-11
   2833.33350       3.48034622E-11
   2847.48145       2.48869970E-11
   2877.59595       1.31676163E-11
   2916.66675       5.85910183E-12
   2955.73755       2.23126465E-12
   2985.85205       6.03518049E-13
   3000.00000       3.31419958E-16
