   0.00000000       9.99985790    
   42.4440269       9.54853916    
   132.787796       8.59338474    
   250.000000       7.37496662    
   367.212189       6.19350481    
   457.555969       5.32285833    
   500.000000       4.93409491    
   542.444031       4.60180044    
   632.787781       3.94299459    
   750.000000       3.15952182    
   867.212219       2.44804740    
   957.555969       1.95460367    
   1000.00000       1.74571359    
   1042.44397       1.59439826    
   1132.78784       1.31825745    
   1250.00000       1.02120638    
   1367.21216      0.779035866    
   1457.55603      0.630041599    
   1500.00000      0.574704885    
   1514.14795      0.541577637    
   1544.26257      0.436063945    
   1583.33337      0.335541070    
   1622.40405      0.241812408    
   1652.51868      0.183858708    
   1666.66663      0.158831030    
   1680.81470      0.142278701    
   1710.92932      0.112990707    
   1750.00000       8.21857452E-02
   1789.07080       5.69904968E-02
   1819.18530       4.08441536E-02
   1833.33337       3.43578570E-02
   1847.48132       3.02616637E-02
   1877.59595       2.32791100E-02
   1916.66663       1.62496902E-02
   1955.73743       1.07261650E-02
   1985.85205       7.29769515E-03
   2000.00000       5.95006393E-03
   2014.14807       5.15047181E-03
   2044.26257       3.83680779E-03
   2083.33325       2.57178070E-03
   2122.40405       1.61787192E-03
   2152.51880       1.04481354E-03
   2166.66675       8.24306742E-04
   2180.81470       7.00940145E-04
   2210.92920       5.05486445E-04
   2250.00000       3.25508445E-04
   2289.07080       1.95397690E-04
   2319.18530       1.19811775E-04
   2333.33325       9.13332697E-05
   2347.48145       7.62620111E-05
   2377.59595       5.32205922E-05
   2416.66675       3.29352260E-05
   2455.73755       1.88873528E-05
   2485.85205       1.10028795E-05
   2500.00000       8.09401536E-06
   2514.14795       6.63383389E-06
   2544.26270       4.47820730E-06
   2583.33325       2.66374445E-06
   2622.40405       1.46085199E-06
   2652.51880       8.09206369E-07
   2666.66675       5.73811633E-07
   2680.81470       4.61464708E-07
   2710.92920       3.01203926E-07
   2750.00000       1.72211770E-07
   2789.07080       9.03810644E-08
   2819.18530       4.76228443E-08
   2833.33350       3.24956986E-08
   2847.48145       2.55921400E-08
   2877.59595       1.60214420E-08
   2916.66675       8.53490167E-09
   2955.73755       3.77968190E-09
   2985.85205       1.10552534E-09
   3000.00000       6.16041018E-13
