   0.00000000       9.99986649    
   42.4440269       9.57631016    
   132.787796       8.67930984    
   250.000000       7.53293514    
   367.212189       6.41756105    
   457.555969       5.59156227    
   500.000000       5.22066021    
   542.444031       4.89775038    
   632.787781       4.25199556    
   750.000000       3.47620296    
   867.212219       2.76444650    
   957.555969       2.26587749    
   1000.00000       2.05291915    
   1042.44397       1.89402747    
   1132.78784       1.59947670    
   1250.00000       1.27660763    
   1367.21216       1.00836623    
   1457.55603      0.840209424    
   1500.00000      0.776564896    
   1514.14795      0.736051083    
   1544.26257      0.605367064    
   1583.33337      0.477492243    
   1622.40405      0.356395513    
   1652.51868      0.279805481    
   1666.66663      0.246412188    
   1680.81470      0.223302111    
   1710.92932      0.181428060    
   1750.00000      0.136138082    
   1789.07080       9.81179848E-02
   1819.18530       7.32178241E-02
   1833.33337       6.30526841E-02
   1847.48132       5.63099496E-02
   1877.59595       4.44863513E-02
   1916.66663       3.21724750E-02
   1955.73743       2.21836977E-02
   1985.85205       1.58201251E-02
   2000.00000       1.32727167E-02
   2014.14807       1.16772717E-02
   2044.26257       8.96930322E-03
   2083.33325       6.25535287E-03
   2122.40405       4.12999187E-03
   2152.51880       2.81344005E-03
   2166.66675       2.29635066E-03
   2180.81470       1.98964123E-03
   2210.92920       1.48557895E-03
   2250.00000       9.99655924E-04
   2289.07080       6.32585201E-04
   2319.18530       4.11615270E-04
   2333.33325       3.26432695E-04
   2347.48145       2.78449123E-04
   2377.59595       2.02059280E-04
   2416.66675       1.31243709E-04
   2455.73755       7.96803070E-05
   2485.85205       4.95344466E-05
   2500.00000       3.81260579E-05
   2514.14795       3.20078834E-05
   2544.26270       2.25680105E-05
   2583.33325       1.41537976E-05
   2622.40405       8.25205188E-06
   2652.51880       4.90338607E-06
   2666.66675       3.65921233E-06
   2680.81470       3.02256581E-06
   2710.92920       2.07002813E-06
   2750.00000       1.25360771E-06
   2789.07080       7.02156001E-07
   2819.18530       3.98532762E-07
   2833.33350       2.87676272E-07
   2847.48145       2.33078367E-07
   2877.59595       1.53164919E-07
   2916.66675       8.58029949E-08
   2955.73755       3.95325159E-08
   2985.85205       1.17959154E-08
   3000.00000       6.59568103E-12
