   0.00000000       9.99988079    
   42.4440269       9.61993504    
   132.787796       8.81454468    
   250.000000       7.78257704    
   367.212189       6.77378988    
   457.555969       6.02162075    
   500.000000       5.68125391    
   542.444031       5.37749815    
   632.787781       4.76306820    
   750.000000       4.01491022    
   867.212219       3.31896639    
   957.555969       2.82470155    
   1000.00000       2.61086035    
   1042.44397       2.44447327    
   1132.78784       2.12927008    
   1250.00000       1.77463937    
   1367.21216       1.47196209    
   1457.55603       1.27680445    
   1500.00000       1.20072246    
   1514.14795       1.14764261    
   1544.26257      0.973370731    
   1583.33337      0.796487927    
   1622.40405      0.625276983    
   1652.51868      0.513539910    
   1666.66663      0.464081198    
   1680.81470      0.427506745    
   1710.92932      0.358994782    
   1750.00000      0.281995654    
   1789.07080      0.215006977    
   1819.18530      0.169778109    
   1833.33337      0.150871336    
   1847.48132      0.137380302    
   1877.59595      0.112762056    
   1916.66663       8.58980641E-02
   1955.73743       6.31407723E-02
   1985.85205       4.81102541E-02
   2000.00000       4.19305973E-02
   2014.14807       3.77336219E-02
   2044.26257       3.02734245E-02
   2083.33325       2.23735981E-02
   2122.40405       1.58609953E-02
   2152.51880       1.16536254E-02
   2166.66675       9.95130837E-03
   2180.81470       8.84855259E-03
   2210.92920       6.93902560E-03
   2250.00000       4.97768214E-03
   2289.07080       3.40503221E-03
   2319.18530       2.41143815E-03
   2333.33325       2.01563863E-03
   2347.48145       1.77058182E-03
   2377.59595       1.35713571E-03
   2416.66675       9.45362553E-04
   2455.73755       6.24408887E-04
   2485.85205       4.26155020E-04
   2500.00000       3.48374160E-04
   2514.14795       3.02257948E-04
   2544.26270       2.26432734E-04
   2583.33325       1.53224901E-04
   2622.40405       9.77838572E-05
   2652.51880       6.43123130E-05
   2666.66675       5.13754239E-05
   2680.81470       4.40158510E-05
   2710.92920       3.22174710E-05
   2750.00000       2.11722036E-05
   2789.07080       1.30417930E-05
   2819.18530       8.23795835E-06
   2833.33350       6.40379403E-06
   2847.48145       5.38538416E-06
   2877.59595       3.76837238E-06
   2916.66675       2.24977271E-06
   2955.73755       1.08799088E-06
   2985.85205       3.32515185E-07
   3000.00000       1.86670651E-10
