   0.00000000       9.99988651    
   42.4440269       9.63762665    
   132.787796       8.86947346    
   250.000000       7.88431692    
   367.212189       6.91969347    
   457.555969       6.19872570    
   500.000000       5.87159061    
   542.444031       5.57713079    
   632.787781       4.97917271    
   750.000000       4.24769020    
   867.212219       3.56395316    
   957.555969       3.07592821    
   1000.00000       2.86378098    
   1042.44397       2.69613600    
   1132.78784       2.37604642    
   1250.00000       2.01247454    
   1367.21216       1.69900787    
   1457.55603       1.49465597    
   1500.00000       1.41403747    
   1514.14795       1.35578454    
   1544.26257       1.16329861    
   1583.33337      0.965357661    
   1622.40405      0.772220612    
   1652.51868      0.644729137    
   1666.66663      0.587955952    
   1680.81470      0.544912636    
   1710.92932      0.463304490    
   1750.00000      0.370319128    
   1789.07080      0.288380325    
   1819.18530      0.232435748    
   1833.33337      0.208837166    
   1847.48132      0.191523239    
   1877.59595      0.159467548    
   1916.66663      0.123899080    
   1955.73743       9.32985768E-02
   1985.85205       7.28208721E-02
   2000.00000       6.43156692E-02
   2014.14807       5.83566725E-02
   2044.26257       4.75840457E-02
   2083.33325       3.59496363E-02
   2122.40405       2.61817835E-02
   2152.51880       1.97750516E-02
   2166.66675       1.71535276E-02
   2180.81470       1.53964357E-02
   2210.92920       1.22948587E-02
   2250.00000       9.03584901E-03
   2289.07080       6.36695465E-03
   2319.18530       4.65135882E-03
   2333.33325       3.95946158E-03
   2347.48145       3.51504190E-03
   2377.59595       2.74899113E-03
   2416.66675       1.96611462E-03
   2455.73755       1.34103943E-03
   2485.85205       9.47316643E-04
   2500.00000       7.90755555E-04
   2514.14795       6.94222283E-04
   2544.26270       5.31710451E-04
   2583.33325       3.70221620E-04
   2622.40405       2.44562340E-04
   2652.51880       1.67018254E-04
   2666.66675       1.36605478E-04
   2680.81470       1.18569777E-04
   2710.92920       8.89000148E-05
   2750.00000       6.02180589E-05
   2789.07080       3.84467094E-05
   2819.18530       2.52550071E-05
   2833.33350       2.01322546E-05
   2847.48145       1.71454594E-05
   2877.59595       1.22518204E-05
   2916.66675       7.46848355E-06
   2955.73755       3.66796007E-06
   2985.85205       1.12948783E-06
   3000.00000       6.34865716E-10
