   0.00000000       9.99989128    
   42.4440269       9.65335369    
   132.787796       8.91834164    
   250.000000       7.97498941    
   367.212189       7.05005360    
   457.555969       6.35739756    
   500.000000       6.04241514    
   542.444031       5.75692463    
   632.787781       5.17535543    
   750.000000       4.46125126    
   867.212219       3.79110074    
   957.555969       3.31077909    
   1000.00000       3.10114002    
   1042.44397       2.93329906    
   1132.78784       2.61072326    
   1250.00000       2.24137974    
   1367.21216       1.92016864    
   1457.55603       1.70874941    
   1500.00000       1.62446749    
   1514.14795       1.56171358    
   1544.26257       1.35324860    
   1583.33337       1.13654757    
   1622.40405      0.923679233    
   1652.51868      0.781819046    
   1666.66663      0.718314886    
   1680.81470      0.669141173    
   1710.92932      0.574970841    
   1750.00000      0.466447711    
   1789.07080      0.369796872    
   1819.18530      0.303185016    
   1833.33337      0.274868548    
   1847.48132      0.253594786    
   1877.59595      0.213729352    
   1916.66663      0.168881699    
   1955.73743      0.129802063    
   1985.85205      0.103361346    
   2000.00000       9.22835469E-02
   2014.14807       8.43125880E-02
   2044.26257       6.96983114E-02
   2083.33325       5.36561459E-02
   2122.40405       3.99837978E-02
   2152.51880       3.09021100E-02
   2166.66675       2.71501187E-02
   2180.81470       2.45605782E-02
   2210.92920       1.99155901E-02
   2250.00000       1.49422940E-02
   2289.07080       1.07981954E-02
   2319.18530       8.09582882E-03
   2333.33325       6.99443230E-03
   2347.48145       6.26420509E-03
   2377.59595       4.98267962E-03
   2416.66675       3.64479399E-03
   2455.73755       2.55524879E-03
   2485.85205       1.85779901E-03
   2500.00000       1.57727196E-03
   2514.14795       1.39834243E-03
   2544.26270       1.09108526E-03
   2583.33325       7.78390735E-04
   2622.40405       5.29594137E-04
   2652.51880       3.73265473E-04
   2666.66675       3.11187032E-04
   2680.81470       2.73017387E-04
   2710.92920       2.08840487E-04
   2750.00000       1.45117636E-04
   2789.07080       9.55023643E-05
   2819.18530       6.48018977E-05
   2833.33350       5.27043667E-05
   2847.48145       4.53379726E-05
   2877.59595       3.29395225E-05
   2916.66675       2.04092157E-05
   2955.73755       1.01438172E-05
   2985.85205       3.14173667E-06
   3000.00000       1.76757797E-09
