   0.00000000       9.99989986    
   42.4440269       9.68035889    
   132.787796       9.00233555    
   250.000000       8.13114166    
   367.212189       7.27520943    
   457.555969       6.63232374    
   500.000000       6.33899260    
   542.444031       6.07033110    
   632.787781       5.52044821    
   750.000000       4.84139156    
   867.212219       4.20019865    
   957.555969       3.73759151    
   1000.00000       3.53437209    
   1042.44397       3.36821842    
   1132.78784       3.04552555    
   1250.00000       2.67126179    
   1367.21216       2.34112930    
   1457.55603       2.12033153    
   1500.00000       2.03075528    
   1514.14795       1.96074152    
   1544.26257       1.72621429    
   1583.33337       1.47829080    
   1622.40405       1.23214388    
   1652.51868       1.06562245    
   1666.66663      0.990428567    
   1680.81470      0.930203259    
   1710.92932      0.813045382    
   1750.00000      0.675626814    
   1789.07080      0.551193655    
   1819.18530      0.464143902    
   1833.33337      0.426671505    
   1847.48132      0.397422552    
   1877.59595      0.341565937    
   1916.66663      0.277369022    
   1955.73743      0.220304206    
   1985.85205      0.181016967    
   2000.00000      0.164322436    
   2014.14807      0.151780143    
   2044.26257      0.128270373    
   2083.33325      0.101803660    
   2122.40405       7.87141696E-02
   2152.51880       6.30684420E-02
   2166.66675       5.65026626E-02
   2180.81470       5.17497137E-02
   2210.92920       4.30058762E-02
   2250.00000       3.33670042E-02
   2289.07080       2.51163393E-02
   2319.18530       1.96134392E-02
   2333.33325       1.73319522E-02
   2347.48145       1.57388225E-02
   2377.59595       1.28624802E-02
   2416.66675       9.75853298E-03
   2455.73755       7.15231104E-03
   2485.85205       5.44134807E-03
   2500.00000       4.74028802E-03
   2514.14795       4.26751887E-03
   2544.26270       3.42977419E-03
   2583.33325       2.54494161E-03
   2622.40405       1.81626831E-03
   2652.51880       1.34532666E-03
   2666.66675       1.15450565E-03
   2680.81470       1.02991553E-03
   2710.92920       8.12982558E-04
   2750.00000       5.88310650E-04
   2789.07080       4.06268227E-04
   2819.18530       2.89807183E-04
   2833.33350       2.42785813E-04
   2847.48145       2.11958220E-04
   2877.59595       1.57766859E-04
   2916.66675       1.00075544E-04
   2955.73755       5.05914759E-05
   2985.85205       1.57976738E-05
   3000.00000       8.89968721E-09
