   0.00000000       9.99989510    
   42.4440269       9.66750240    
   132.787796       8.96233749    
   250.000000       8.05673504    
   367.212189       7.16782522    
   457.555969       6.50107384    
   500.000000       6.19731855    
   542.444031       5.92043114    
   632.787781       5.35493326    
   750.000000       4.65840912    
   867.212219       4.00258207    
   957.555969       3.53086114    
   1000.00000       3.32426286    
   1042.44397       3.15699100    
   1132.78784       2.83370185    
   1250.00000       2.46098781    
   1367.21216       2.13439631    
   1457.55603       1.91760850    
   1500.00000       1.83038306    
   1514.14795       1.76373196    
   1544.26257       1.54132426    
   1583.33337       1.30802250    
   1622.40405       1.07753205    
   1652.51868      0.922682166    
   1666.66663      0.853042901    
   1680.81470      0.798133969    
   1710.92932      0.692087293    
   1750.00000      0.568707347    
   1789.07080      0.457837552    
   1819.18530      0.380811453    
   1833.33337      0.347847760    
   1847.48132      0.322571456    
   1877.59595      0.274720281    
   1916.66663      0.220262751    
   1955.73743      0.172296792    
   1985.85205      0.139538974    
   2000.00000      0.125710651    
   2014.14807      0.115528628    
   2044.26257       9.66367126E-02
   2083.33325       7.56140798E-02
   2122.40405       5.74697368E-02
   2152.51880       4.52877469E-02
   2166.66675       4.02127616E-02
   2180.81470       3.66199091E-02
   2210.92920       3.00869346E-02
   2250.00000       2.29811091E-02
   2289.07080       1.69733446E-02
   2319.18530       1.30078737E-02
   2333.33325       1.13768764E-02
   2347.48145       1.02652609E-02
   2377.59595       8.28441046E-03
   2416.66675       6.17910735E-03
   2455.73755       4.43601795E-03
   2485.85205       3.30493785E-03
   2500.00000       2.84547615E-03
   2514.14795       2.54361122E-03
   2544.26270       2.01642560E-03
   2583.33325       1.46904134E-03
   2622.40405       1.02532923E-03
   2652.51880       7.42260774E-04
   2666.66675       6.28640060E-04
   2680.81470       5.56521642E-04
   2710.92920       4.32973990E-04
   2750.00000       3.07487440E-04
   2789.07080       2.07663674E-04
   2819.18530       1.44782345E-04
   2833.33350       1.19683267E-04
   2847.48145       1.03794082E-04
   2877.59595       7.64218057E-05
   2916.66675       4.79694863E-05
   2955.73755       2.40674453E-05
   2985.85205       7.48806406E-06
   3000.00000       4.21596758E-09
