   0.00000000       9.99991512    
   42.4440269       9.73127174    
   132.787796       9.16089821    
   250.000000       8.42678165    
   367.212189       7.70329571    
   457.555969       7.15743828    
   500.000000       6.90710545    
   542.444031       6.67417812    
   632.787781       6.19401360    
   750.000000       5.59581947    
   867.212219       5.02540302    
   957.555969       4.60932779    
   1000.00000       4.42451811    
   1042.44397       4.26794434    
   1132.78784       3.95849514    
   1250.00000       3.59170151    
   1367.21216       3.26012230    
   1457.55603       3.03198051    
   1500.00000       2.93651199    
   1514.14795       2.85564303    
   1544.26257       2.58119106    
   1583.33337       2.28337836    
   1622.40405       1.98260081    
   1652.51868       1.77417409    
   1666.66663       1.67865121    
   1680.81470       1.59783888    
   1710.92932       1.43672848    
   1750.00000       1.24249959    
   1789.07080       1.06197274    
   1819.18530      0.932591259    
   1833.33337      0.875716269    
   1847.48132      0.828454494    
   1877.59595      0.735486984    
   1916.66663      0.625035346    
   1955.73743      0.523750663    
   1985.85205      0.452033937    
   2000.00000      0.420827895    
   2014.14807      0.395649999    
   2044.26257      0.346789062    
   2083.33325      0.289592981    
   2122.40405      0.237851098    
   2152.51880      0.201650232    
   2166.66675      0.186053604    
   2180.81470      0.173828900    
   2210.92920      0.150426656    
   2250.00000      0.123440489    
   2289.07080       9.93593410E-02
   2319.18530       8.27098936E-02
   2333.33325       7.56055415E-02
   2347.48145       7.01927394E-02
   2377.59595       5.99717610E-02
   2416.66675       4.83628586E-02
   2455.73755       3.81449610E-02
   2485.85205       3.11626326E-02
   2500.00000       2.82107908E-02
   2514.14795       2.60223784E-02
   2544.26270       2.19452865E-02
   2583.33325       1.73829496E-02
   2622.40405       1.34198777E-02
   2652.51880       1.07404990E-02
   2666.66675       9.61661711E-03
   2680.81470       8.80127773E-03
   2710.92920       7.29774078E-03
   2750.00000       5.63177885E-03
   2789.07080       4.19304939E-03
   2819.18530       3.22043896E-03
   2833.33350       2.81039765E-03
   2847.48145       2.50376319E-03
   2877.59595       1.92574284E-03
   2916.66675       1.26033754E-03
   2955.73755       6.51426846E-04
   2985.85205       2.05573117E-04
   3000.00000       1.16006277E-07
