   0.00000000       9.99990940    
   42.4440269       9.71308231    
   132.787796       9.10422421    
   250.000000       8.32100677    
   367.212189       7.54990864    
   457.555969       6.96898651    
   500.000000       6.70301819    
   542.444031       6.45681810    
   632.787781       5.95048046    
   750.000000       5.32151127    
   867.212219       4.72372532    
   957.555969       4.28931332    
   1000.00000       4.09709215    
   1042.44397       3.93621612    
   1132.78784       3.62015367    
   1250.00000       3.24829960    
   1367.21216       2.91497946    
   1457.55603       2.68788481    
   1500.00000       2.59386683    
   1514.14795       2.51635194    
   1544.26257       2.25440884    
   1583.33337       1.97259402    
   1622.40405       1.68958497    
   1652.51868       1.49502695    
   1666.66663       1.40630865    
   1680.81470       1.33260822    
   1710.92932       1.18685365    
   1750.00000       1.01270866    
   1789.07080      0.852234244    
   1819.18530      0.738147140    
   1833.33337      0.688348591    
   1847.48132      0.647824049    
   1877.59595      0.568879247    
   1916.66663      0.476098388    
   1955.73743      0.391883373    
   1985.85205      0.332808048    
   2000.00000      0.307307750    
   2014.14807      0.287219584    
   2044.26257      0.248677298    
   2083.33325      0.204131320    
   2122.40405      0.164309740    
   2152.51880      0.136743635    
   2166.66675      0.124972425    
   2180.81470      0.115989655    
   2210.92920       9.90168527E-02
   2250.00000       7.97301978E-02
   2289.07080       6.27524033E-02
   2319.18530       5.11534251E-02
   2333.33325       4.62521687E-02
   2347.48145       4.26262803E-02
   2377.59595       3.58798504E-02
   2416.66675       2.83442028E-02
   2455.73755       2.18128897E-02
   2485.85205       1.74087174E-02
   2500.00000       1.55665018E-02
   2514.14795       1.42440209E-02
   2544.26270       1.18206870E-02
   2583.33325       9.15979128E-03
   2622.40405       6.88854232E-03
   2652.51880       5.37591428E-03
   2666.66675       4.74894559E-03
   2680.81470       4.31037461E-03
   2710.92920       3.51707241E-03
   2750.00000       2.65760208E-03
   2789.07080       1.93096150E-03
   2819.18530       1.44881662E-03
   2833.33350       1.24857703E-03
   2847.48145       1.10546325E-03
   2877.59595       8.41800706E-04
   2916.66675       5.45746996E-04
   2955.73755       2.80207547E-04
   2985.85205       8.81475207E-05
   3000.00000       4.97172188E-08
