   0.00000000       9.99990654    
   42.4440269       9.70300293    
   132.787796       9.07282829    
   250.000000       8.26245689    
   367.212189       7.46510410    
   457.555969       6.86492777    
   500.000000       6.59041643    
   542.444031       6.33708572    
   632.787781       5.81680679    
   750.000000       5.17162466    
   867.212219       4.55960464    
   957.555969       4.11580181    
   1000.00000       3.91985130    
   1042.44397       3.75699568    
   1132.78784       3.43813896    
   1250.00000       3.06459618    
   1367.21216       2.73137569    
   1457.55603       2.50561452    
   1500.00000       2.41271877    
   1514.14795       2.33732867    
   1544.26257       2.08321691    
   1583.33337       1.81121933    
   1622.40405       1.53898215    
   1652.51868       1.35270751    
   1666.66663       1.26801407    
   1680.81470       1.19840813    
   1710.92932       1.06140947    
   1750.00000      0.898600519    
   1789.07080      0.749336064    
   1819.18530      0.643720150    
   1833.33337      0.597808778    
   1847.48132      0.560903668    
   1877.59595      0.489424556    
   1916.66663      0.405960023    
   1955.73743      0.330660552    
   1985.85205      0.278129071    
   2000.00000      0.255558878    
   2014.14807      0.238026306    
   2044.26257      0.204614684    
   2083.33325      0.166291744    
   2122.40405      0.132275164    
   2152.51880      0.108874597    
   2166.66675       9.89336744E-02
   2180.81470       9.14652348E-02
   2210.92920       7.74631277E-02
   2250.00000       6.16914034E-02
   2289.07080       4.79200892E-02
   2319.18530       3.85777242E-02
   2333.33325       3.46522927E-02
   2347.48145       3.17976736E-02
   2377.59595       2.65326928E-02
   2416.66675       2.07102466E-02
   2455.73755       1.57100111E-02
   2485.85205       1.23645989E-02
   2500.00000       1.09738242E-02
   2514.14795       9.99385864E-03
   2544.26270       8.21567699E-03
   2583.33325       6.28507324E-03
   2622.40405       4.65424312E-03
   2652.51880       3.57765518E-03
   2666.66675       3.13444668E-03
   2680.81470       2.83079036E-03
   2710.92920       2.28767702E-03
   2750.00000       1.70698971E-03
   2789.07080       1.22213515E-03
   2819.18530       9.03885521E-04
   2833.33350       7.72837200E-04
   2847.48145       6.81581849E-04
   2877.59595       5.15747757E-04
   2916.66675       3.32358759E-04
   2955.73755       1.69920910E-04
   2985.85205       5.33455095E-05
   3000.00000       3.00783540E-08
