   0.00000000       9.99991322    
   42.4440269       9.72247887    
   132.787796       9.13349724    
   250.000000       8.37562752    
   367.212189       7.62908936    
   457.555969       7.06623268    
   500.000000       6.80830812    
   542.444031       6.56890297    
   632.787781       6.07593250    
   750.000000       5.46263170    
   867.212219       4.87872887    
   957.555969       4.45357704    
   1000.00000       4.26507998    
   1042.44397       4.10631371    
   1132.78784       3.79342294    
   1250.00000       3.42386770    
   1367.21216       3.09114361    
   1457.55603       2.86329079    
   1500.00000       2.76843071    
   1514.14795       2.68910265    
   1544.26257       2.42042446    
   1583.33337       2.13005257    
   1622.40405       1.83757710    
   1652.51868       1.63566577    
   1666.66663       1.54335082    
   1680.81470       1.46592331    
   1710.92932       1.31214571    
   1750.00000       1.12754047    
   1789.07080      0.956653655    
   1819.18530      0.834647775    
   1833.33337      0.781194806    
   1847.48132      0.737214923    
   1877.59595      0.651098311    
   1916.66663      0.549307227    
   1955.73743      0.456413627    
   1985.85205      0.390929043    
   2000.00000      0.362543106    
   2014.14807      0.339898884    
   2044.26257      0.296190172    
   2083.33325      0.245331407    
   2122.40405      0.199579969    
   2152.51880      0.167731121    
   2166.66675      0.154067487    
   2180.81470      0.143493026    
   2210.92920      0.123374343    
   2250.00000      0.100334555    
   2289.07080       7.99065009E-02
   2319.18530       6.58623502E-02
   2333.33325       5.98974489E-02
   2347.48145       5.54159656E-02
   2377.59595       4.70123552E-02
   2416.66675       3.75423878E-02
   2455.73755       2.92674527E-02
   2485.85205       2.36483309E-02
   2500.00000       2.12848019E-02
   2514.14795       1.95592232E-02
   2544.26270       1.63695049E-02
   2583.33325       1.28318975E-02
   2622.40405       9.78427939E-03
   2652.51880       7.73849525E-03
   2666.66675       6.88525848E-03
   2680.81470       6.27696933E-03
   2710.92920       5.16547775E-03
   2750.00000       3.94695718E-03
   2789.07080       2.90518370E-03
   2819.18530       2.20714905E-03
   2833.33350       1.91497256E-03
   2847.48145       1.70114508E-03
   2877.59595       1.30239455E-03
   2916.66675       8.48669733E-04
   2955.73755       4.37308510E-04
   2985.85205       1.37803057E-04
   3000.00000       7.77452271E-08
