   0.00000000       9.99990368    
   42.4440269       9.69213772    
   132.787796       9.03899670    
   250.000000       8.19940853    
   367.212189       7.37387371    
   457.555969       6.75310373    
   500.000000       6.46949387    
   542.444031       6.20868111    
   632.787781       5.67388344    
   750.000000       5.01198101    
   867.212219       4.38545227    
   957.555969       3.93221068    
   1000.00000       3.73257184    
   1042.44397       3.56792879    
   1132.78784       3.24679828    
   1250.00000       2.87236881    
   1367.21216       2.54013038    
   1457.55603       2.31641221    
   1500.00000       2.22497392    
   1514.14795       2.15206718    
   1544.26257       1.90703595    
   1583.33337       1.64627671    
   1622.40405       1.38627160    
   1652.51868       1.20930851    
   1666.66663       1.12910938    
   1680.81470       1.06398880    
   1710.92932      0.936514616    
   1750.00000      0.785945296    
   1789.07080      0.648698628    
   1819.18530      0.552102566    
   1833.33337      0.510304987    
   1847.48132      0.477167010    
   1877.59595      0.413404942    
   1916.66663      0.339498430    
   1955.73743      0.273280829    
   1985.85205      0.227370441    
   2000.00000      0.207747281    
   2014.14807      0.192741379    
   2044.26257      0.164364383    
   2083.33325      0.132097572    
   2122.40405      0.103686512    
   2152.51880       8.42796192E-02
   2166.66675       7.60826394E-02
   2180.81470       7.00310618E-02
   2210.92920       5.87850958E-02
   2250.00000       4.62441929E-02
   2289.07080       3.53947282E-02
   2319.18530       2.80927625E-02
   2333.33325       2.50439253E-02
   2347.48145       2.28687786E-02
   2377.59595       1.88967139E-02
   2416.66675       1.45538207E-02
   2455.73755       1.08630871E-02
   2485.85205       8.41556489E-03
   2500.00000       7.40499562E-03
   2514.14795       6.70753000E-03
   2544.26270       5.45590790E-03
   2583.33325       4.11432050E-03
   2622.40405       2.99437973E-03
   2652.51880       2.26234947E-03
   2666.66675       1.96324429E-03
   2680.81470       1.76294753E-03
   2710.92920       1.40919164E-03
   2750.00000       1.03655469E-03
   2789.07080       7.29757419E-04
   2819.18530       5.30798687E-04
   2833.33350       4.49635234E-04
   2847.48145       3.94713978E-04
   2877.59595       2.96446553E-04
   2916.66675       1.89672603E-04
   2955.73755       9.64788123E-05
   2985.85205       3.02153949E-05
   3000.00000       1.70300343E-08
