   0.00000000       9.99992275    
   42.4440269       9.75464535    
   132.787796       9.23376179    
   250.000000       8.56290340    
   367.212189       7.90096903    
   457.555969       7.40067530    
   500.000000       7.17078066    
   542.444031       6.95555449    
   632.787781       6.51064205    
   750.000000       5.95442629    
   867.212219       5.42190027    
   957.555969       5.03166294    
   1000.00000       4.85750437    
   1042.44397       4.70770550    
   1132.78784       4.40947294    
   1250.00000       4.05272579    
   1367.21216       3.72683954    
   1457.55603       3.49986982    
   1500.00000       3.40363407    
   1514.14795       3.31945515    
   1544.26257       3.03234625    
   1583.33337       2.71770191    
   1622.40405       2.39780354    
   1652.51868       2.17405081    
   1666.66663       2.07088184    
   1680.81470       1.98171639    
   1710.92932       1.80229485    
   1750.00000       1.58373940    
   1789.07080       1.37856472    
   1819.18530       1.23011780    
   1833.33337       1.16431069    
   1847.48132       1.10826445    
   1877.59595      0.996776283    
   1916.66663      0.862660408    
   1955.73743      0.738211036    
   1985.85205      0.649118543    
   2000.00000      0.609979689    
   2014.14807      0.577497661    
   2044.26257      0.513629436    
   2083.33325      0.437764734    
   2122.40405      0.368185103    
   2152.51880      0.318892270    
   2166.66675      0.297427922    
   2180.81470      0.280062497    
   2210.92920      0.246314168    
   2250.00000      0.206736371    
   2289.07080      0.170860380    
   2319.18530      0.145706162    
   2333.33325      0.134846434    
   2347.48145      0.126277164    
   2377.59595      0.109817132    
   2416.66675       9.07600448E-02
   2455.73755       7.36854896E-02
   2485.85205       6.18336871E-02
   2500.00000       5.67584075E-02
   2514.14795       5.28469793E-02
   2544.26270       4.54174653E-02
   2583.33325       3.69193032E-02
   2622.40405       2.93850079E-02
   2652.51880       2.41988208E-02
   2666.66675       2.19912101E-02
   2680.81470       2.03160793E-02
   2710.92920       1.71552785E-02
   2750.00000       1.35590797E-02
   2789.07080       1.03745516E-02
   2819.18530       8.17308296E-03
   2833.33350       7.22776866E-03
   2847.48145       6.48147566E-03
   2877.59595       5.03769703E-03
   2916.66675       3.32964421E-03
   2955.73755       1.73287012E-03
   2985.85205       5.48628916E-04
   3000.00000       3.09754995E-07
