   0.00000000       9.99991798    
   42.4440269       9.73952866    
   132.787796       9.18663502    
   250.000000       8.47484589    
   367.212189       7.77306032    
   457.555969       7.24324036    
   500.000000       7.00008726    
   542.444031       6.77333736    
   632.787781       6.30543661    
   750.000000       5.72178650    
   867.212219       5.16443443    
   957.555969       4.75721645    
   1000.00000       4.57603407    
   1042.44397       4.42170191    
   1132.78784       4.11588192    
   1250.00000       3.75219917    
   1367.21216       3.42219901    
   1457.55603       3.19415212    
   1500.00000       3.09827113    
   1514.14795       3.01609945    
   1544.26257       2.73671699    
   1583.33337       2.43245173    
   1622.40405       2.12440968    
   1652.51868       1.91022074    
   1666.66663       1.81184173    
   1680.81470       1.72796118    
   1710.92932       1.56016290    
   1750.00000       1.35710073    
   1789.07080       1.16767240    
   1819.18530       1.03144109    
   1833.33337      0.971371770    
   1847.48132      0.921005368    
   1877.59595      0.821522713    
   1916.66663      0.702788115    
   1955.73743      0.593434155    
   1985.85205      0.515692890    
   2000.00000      0.481747866    
   2014.14807      0.454076946    
   2044.26257      0.400118381    
   2083.33325      0.336614430    
   2122.40405      0.278875768    
   2152.51880      0.238294765    
   2166.66675      0.220743403    
   2180.81470      0.206826970    
   2210.92920      0.180038229    
   2250.00000      0.148954883    
   2289.07080      0.121057287    
   2319.18530      0.101670340    
   2333.33325       9.33627486E-02
   2347.48145       8.69520530E-02
   2377.59595       7.47706741E-02
   2416.66675       6.08372688E-02
   2455.73755       4.84931171E-02
   2485.85205       4.00096066E-02
   2500.00000       3.64064462E-02
   2514.14795       3.36974412E-02
   2544.26270       2.86146440E-02
   2583.33325       2.28810124E-02
   2622.40405       1.78631842E-02
   2652.51880       1.44485496E-02
   2666.66675       1.30086979E-02
   2680.81470       1.19471718E-02
   2710.92920       9.97326151E-03
   2750.00000       7.76491081E-03
   2789.07080       5.84027730E-03
   2819.18530       4.52859886E-03
   2833.33350       3.97193991E-03
   2847.48145       3.54737905E-03
   2877.59595       2.73932586E-03
   2916.66675       1.79954316E-03
   2955.73755       9.32572875E-04
   2985.85205       2.94661499E-04
   3000.00000       1.66312347E-07
