   0.00000000       9.99992466    
   42.4440269       9.76159096    
   132.787796       9.25541782    
   250.000000       8.60338497    
   367.212189       7.95980501    
   457.555969       7.47314119    
   500.000000       7.24938250    
   542.444031       7.03953362    
   632.787781       6.60539293    
   750.000000       6.06209898    
   867.212219       5.54133797    
   957.555969       5.15920639    
   1000.00000       4.98842716    
   1042.44397       4.84088659    
   1132.78784       4.54652834    
   1250.00000       4.19348288    
   1367.21216       3.87000108    
   1457.55603       3.64391184    
   1500.00000       3.54768658    
   1514.14795       3.46275568    
   1544.26257       3.17268419    
   1583.33337       2.85392690    
   1622.40405       2.52924705    
   1652.51868       2.30156136    
   1666.66663       2.19639969    
   1680.81470       2.10497141    
   1710.92932       1.92052639    
   1750.00000       1.69521248    
   1789.07080       1.48310935    
   1819.18530       1.32924402    
   1833.33337       1.26087391    
   1847.48132       1.20224476    
   1877.59595       1.08526039    
   1916.66663      0.944051504    
   1955.73743      0.812592447    
   1985.85205      0.718193531    
   2000.00000      0.676612079    
   2014.14807      0.641830504    
   2044.26257      0.573194265    
   2083.33325      0.491339207    
   2122.40405      0.415981293    
   2152.51880      0.362409085    
   2166.66675      0.339011282    
   2180.81470      0.319913298    
   2210.92920      0.282644093    
   2250.00000      0.238735482    
   2289.07080      0.198761716    
   2319.18530      0.170624822    
   2333.33325      0.158437178    
   2347.48145      0.148724958    
   2377.59595      0.129981682    
   2416.66675      0.108166784    
   2455.73755       8.85253474E-02
   2485.85205       7.48320222E-02
   2500.00000       6.89466447E-02
   2514.14795       6.43607453E-02
   2544.26270       5.56032024E-02
   2583.33325       4.55250479E-02
   2622.40405       3.65390182E-02
   2652.51880       3.03219762E-02
   2666.66675       2.76642572E-02
   2680.81470       2.56213006E-02
   2710.92920       2.17414852E-02
   2750.00000       1.72945298E-02
   2789.07080       1.33289956E-02
   2819.18530       1.05703203E-02
   2833.33350       9.37953591E-03
   2847.48145       8.42513982E-03
   2877.59595       6.56588795E-03
   2916.66675       4.35052905E-03
   2955.73755       2.26810714E-03
   2985.85205       7.18672818E-04
   3000.00000       4.05814120E-07
