   0.00000000       9.99992085    
   42.4440269       9.74730492    
   132.787796       9.21087456    
   250.000000       8.52013206    
   367.212189       7.83882666    
   457.555969       7.32416964    
   500.000000       7.08781910    
   542.444031       6.86696434    
   632.787781       6.41080666    
   750.000000       5.84114456    
   867.212219       5.29642296    
   957.555969       4.89782190    
   1000.00000       4.72019339    
   1042.44397       4.56812572    
   1132.78784       4.26606083    
   1250.00000       3.90574956    
   1367.21216       3.57767129    
   1457.55603       3.35003376    
   1500.00000       3.25390553    
   1514.14795       3.17063904    
   1544.26257       2.88706732    
   1583.33337       2.57722449    
   1622.40405       2.26284242    
   1652.51868       2.04356790    
   1666.66663       1.94265044    
   1680.81470       1.85599363    
   1710.92932       1.68210661    
   1750.00000       1.47095215    
   1789.07080       1.27332163    
   1819.18530       1.13074374    
   1833.33337       1.06770015    
   1847.48132       1.01440656    
   1877.59595      0.908750534    
   1916.66663      0.782125771    
   1955.73743      0.665046334    
   1985.85205      0.581508756    
   2000.00000      0.544916928    
   2014.14807      0.514807701    
   2044.26257      0.455838382    
   2083.33325      0.386099875    
   2122.40405      0.322403103    
   2152.51880      0.277448535    
   2166.66675      0.257936716    
   2180.81470      0.242302284    
   2210.92920      0.212055564    
   2250.00000      0.176763266    
   2289.07080      0.144922793    
   2319.18530      0.122692704    
   2333.33325      0.113129683    
   2347.48145      0.105663806    
   2377.59595       9.13968161E-02
   2416.66675       7.49737397E-02
   2455.73755       6.03378415E-02
   2485.85205       5.02269529E-02
   2500.00000       4.59142365E-02
   2514.14795       4.26297337E-02
   2544.26270       3.64274681E-02
   2583.33325       2.93799266E-02
   2622.40405       2.31702812E-02
   2652.51880       1.89193375E-02
   2666.66675       1.71180572E-02
   2680.81470       1.57700963E-02
   2710.92920       1.32443737E-02
   2750.00000       1.03937369E-02
   2789.07080       7.88857508E-03
   2819.18530       6.16853219E-03
   2833.33350       5.43409772E-03
   2847.48145       4.86376882E-03
   2877.59595       3.76889715E-03
   2916.66675       2.48397049E-03
   2955.73755       1.29019283E-03
   2985.85205       4.08095337E-04
   3000.00000       2.30375804E-07
