   0.00000000       9.99992752    
   42.4440269       9.76817417    
   132.787796       9.27594662    
   250.000000       8.64176750    
   367.212189       8.01561069    
   457.555969       7.54189920    
   500.000000       7.32397985    
   542.444031       7.11927176    
   632.787781       6.69545221    
   750.000000       6.16457510    
   867.212219       5.65515709    
   957.555969       5.28087187    
   1000.00000       5.11337948    
   1042.44397       4.96807575    
   1132.78784       4.67760515    
   1250.00000       4.32835722    
   1367.21216       4.00744534    
   1457.55603       3.78241158    
   1500.00000       3.68629718    
   1514.14795       3.60075498    
   1544.26257       3.30822849    
   1583.33337       2.98597026    
   1622.40405       2.65716481    
   1652.51868       2.42603588    
   1666.66663       2.31911540    
   1680.81470       2.22564888    
   1710.92932       2.03665137    
   1750.00000       1.80517399    
   1789.07080       1.58671713    
   1819.18530       1.42785656    
   1833.33337       1.35711288    
   1847.48132       1.29606485    
   1877.59595       1.17391133    
   1916.66663       1.02600169    
   1955.73743      0.887892187    
   1985.85205      0.788437903    
   2000.00000      0.744520724    
   2014.14807      0.707518458    
   2044.26257      0.634259045    
   2083.33325      0.546570361    
   2122.40405      0.465561837    
   2152.51880      0.407787919    
   2166.66675      0.382484913    
   2180.81470      0.361662596    
   2210.92920      0.320874274    
   2250.00000      0.272616774    
   2289.07080      0.228509843    
   2319.18530      0.197351873    
   2333.33325      0.183814198    
   2347.48145      0.172927558    
   2377.59595      0.151827142    
   2416.66675      0.127150401    
   2455.73755      0.104832105    
   2485.85205       8.92094970E-02
   2500.00000       8.24719667E-02
   2514.14795       7.71681592E-02
   2544.26270       6.69894218E-02
   2583.33325       5.52102365E-02
   2622.40405       4.46522646E-02
   2652.51880       3.73129956E-02
   2666.66675       3.41629684E-02
   2680.81470       3.17120664E-02
   2710.92920       2.70296596E-02
   2750.00000       2.16261670E-02
   2789.07080       1.67765021E-02
   2819.18530       1.33831091E-02
   2833.33350       1.19112432E-02
   2847.48145       1.07150860E-02
   2877.59595       8.37019924E-03
   2916.66675       5.55827236E-03
   2955.73755       2.90218368E-03
   2985.85205       9.20247985E-04
   3000.00000       5.19697153E-07
