   0.00000000       9.99993610    
   42.4440269       9.79656219    
   132.787796       9.36449814    
   250.000000       8.80741787    
   367.212189       8.25663757    
   457.555969       7.83911705    
   500.000000       7.64660883    
   542.444031       7.46450758    
   632.787781       7.08629847    
   750.000000       6.61064768    
   867.212219       6.15206861    
   957.555969       5.81327963    
   1000.00000       5.66080713    
   1042.44397       5.52616262    
   1132.78784       5.25472879    
   1250.00000       4.92493248    
   1367.21216       4.61824656    
   1457.55603       4.40019131    
   1500.00000       4.30568171    
   1514.14795       4.21868086    
   1544.26257       3.91967392    
   1583.33337       3.58699083    
   1622.40405       3.24521923    
   1652.51868       3.00266838    
   1666.66663       2.88974047    
   1680.81470       2.78883958    
   1710.92932       2.58291006    
   1750.00000       2.32807755    
   1789.07080       2.08514237    
   1819.18530       1.90674448    
   1833.33337       1.82659674    
   1847.48132       1.75566447    
   1877.59595       1.61214685    
   1916.66663       1.43621004    
   1955.73743       1.26996493    
   1985.85205       1.14888680    
   2000.00000       1.09488058    
   2014.14807       1.04803562    
   2044.26257      0.954074323    
   2083.33325      0.839971006    
   2122.40405      0.733100474    
   2152.51880      0.655894756    
   2166.66675      0.621697903    
   2180.81470      0.592616200    
   2210.92920      0.534789085    
   2250.00000      0.465225428    
   2289.07080      0.400637537    
   2319.18530      0.354344904    
   2333.33325      0.333977461    
   2347.48145      0.316982806    
   2377.59595      0.283474505    
   2416.66675      0.243531093    
   2455.73755      0.206748948    
   2485.85205      0.180573821    
   2500.00000      0.169124380    
   2514.14795      0.159723938    
   2544.26270      0.141319826    
   2583.33325      0.119538844    
   2622.40405       9.95961279E-02
   2652.51880       8.54592323E-02
   2666.66675       7.92885572E-02
   2680.81470       7.42389336E-02
   2710.92920       6.43559992E-02
   2750.00000       5.26361465E-02
   2789.07080       4.18430306E-02
   2819.18530       3.41126807E-02
   2833.33350       3.06936353E-02
   2847.48145       2.77593974E-02
   2877.59595       2.18694881E-02
   2916.66675       1.46376155E-02
   2955.73755       7.68469879E-03
   2985.85205       2.44298484E-03
   3000.00000       1.38020164E-06
