   0.00000000       9.99993420    
   42.4440269       9.79141617    
   132.787796       9.34844398    
   250.000000       8.77737713    
   367.212189       8.21290588    
   457.555969       7.78516340    
   500.000000       7.58802366    
   542.444031       7.40177584    
   632.787781       7.01517582    
   750.000000       6.52932644    
   867.212219       6.06131554    
   957.555969       5.71590424    
   1000.00000       5.56061220    
   1042.44397       5.42391872    
   1132.78784       5.14876938    
   1250.00000       4.81508589    
   1367.21216       4.50544882    
   1457.55603       4.28583813    
   1500.00000       4.19090128    
   1514.14795       4.10401917    
   1544.26257       3.80567741    
   1583.33337       3.47430038    
   1622.40405       3.13427353    
   1652.51868       2.89335942    
   1666.66663       2.78131938    
   1680.81470       2.68158913    
   1710.92932       2.47837234    
   1750.00000       2.22734213    
   1789.07080       1.98844635    
   1819.18530       1.81331182    
   1833.33337       1.73475087    
   1847.48132       1.66552556    
   1877.59595       1.52572799    
   1916.66663       1.35471332    
   1955.73743       1.19344926    
   1985.85205       1.07622886    
   2000.00000       1.02403474    
   2014.14807      0.978988588    
   2044.26257      0.888836384    
   2083.33325      0.779628634    
   2122.40405      0.677584708    
   2152.51880      0.604030073    
   2166.66675      0.571514428    
   2180.81470      0.544019580    
   2210.92920      0.489487886    
   2250.00000      0.424075007    
   2289.07080      0.363505065    
   2319.18530      0.320201546    
   2333.33325      0.301191121    
   2347.48145      0.285430491    
   2377.59595      0.254446894    
   2416.66675      0.217634216    
   2455.73755      0.183840513    
   2485.85205      0.159861371    
   2500.00000      0.149398804    
   2514.14795      0.140872106    
   2544.26270      0.124236345    
   2583.33325      0.104624666    
   2622.40405       8.67347345E-02
   2652.51880       7.40967616E-02
   2666.66675       6.85969442E-02
   2680.81470       6.41363189E-02
   2710.92920       5.54426201E-02
   2750.00000       4.51813154E-02
   2789.07080       3.57731581E-02
   2819.18530       2.90617552E-02
   2833.33350       2.61033382E-02
   2847.48145       2.35877223E-02
   2877.59595       1.85577665E-02
   2916.66675       1.24054253E-02
   2955.73755       6.50716107E-03
   2985.85205       2.06780154E-03
   3000.00000       1.16816091E-06
