   0.00000000       9.99992943    
   42.4440269       9.77442360    
   132.787796       9.29543877    
   250.000000       8.67821884    
   367.212189       8.06862450    
   457.555969       7.60723925    
   500.000000       7.39488363    
   542.444031       7.19509411    
   632.787781       6.78116751    
   750.000000       6.26222277    
   867.212219       5.76373720    
   957.555969       5.39704227    
   1000.00000       5.23274136    
   1042.44397       5.08964586    
   1132.78784       4.80305481    
   1250.00000       4.45766592    
   1367.21216       4.13945150    
   1457.55603       3.91561699    
   1500.00000       3.81969857    
   1514.14795       3.73366952    
   1544.26257       3.43913674    
   1583.33337       3.11392164    
   1622.40405       2.78157711    
   1652.51868       2.54744554    
   1666.66663       2.43897700    
   1680.81470       2.34367824    
   1710.92932       2.15056086    
   1750.00000       1.91347075    
   1789.07080       1.68919468    
   1819.18530       1.52573526    
   1833.33337       1.45279634    
   1847.48132       1.38948667    
   1877.59595       1.26248014    
   1916.66663       1.10825241    
   1955.73743      0.963846385    
   1985.85205      0.859586716    
   2000.00000      0.813441515    
   2014.14807      0.774300873    
   2044.26257      0.696573198    
   2083.33325      0.603223145    
   2122.40405      0.516709328    
   2152.51880      0.454826266    
   2166.66675      0.427653730    
   2180.81470      0.405123413    
   2210.92920      0.360835522    
   2250.00000      0.308234632    
   2289.07080      0.259982675    
   2319.18530      0.225783005    
   2333.33325      0.210881293    
   2347.48145      0.198796228    
   2377.59595      0.175279960    
   2416.66675      0.147655949    
   2455.73755      0.122568257    
   2485.85205      0.104941018    
   2500.00000       9.73146707E-02
   2514.14795       9.12537202E-02
   2544.26270       7.95685872E-02
   2583.33325       6.59762695E-02
   2622.40405       5.37337586E-02
   2652.51880       4.51858044E-02
   2666.66675       4.15031798E-02
   2680.81470       3.86051610E-02
   2710.92920       3.30378115E-02
   2750.00000       2.65725963E-02
   2789.07080       2.07353849E-02
   2819.18530       1.66289601E-02
   2833.33350       1.48398038E-02
   2847.48145       1.33671351E-02
   2877.59595       1.04637602E-02
   2916.66675       6.96207816E-03
   2955.73755       3.64008383E-03
   2985.85205       1.15496176E-03
   3000.00000       6.52314213E-07
