   0.00000000       9.99993229    
   42.4440269       9.78602409    
   132.787796       9.33162117    
   250.000000       8.74590111    
   367.212189       8.16709614    
   457.555969       7.72865725    
   500.000000       7.52667475    
   542.444031       7.33610439    
   632.787781       6.94076729    
   750.000000       6.44431543    
   867.212219       5.96651936    
   957.555969       5.61425495    
   1000.00000       5.45605278    
   1042.44397       5.31726599    
   1132.78784       5.03834677    
   1250.00000       4.70075941    
   1367.21216       4.38820505    
   1457.55603       4.16710234    
   1500.00000       4.07178259    
   1514.14795       3.98509526    
   1544.26257       3.68769693    
   1583.33337       3.35797191    
   1622.40405       3.02006793    
   1652.51868       2.78108120    
   1666.66663       2.67007017    
   1680.81470       2.57165504    
   1710.92932       2.37145925    
   1750.00000       2.12463021    
   1789.07080       1.89016962    
   1819.18530       1.71859753    
   1833.33337       1.64176035    
   1847.48132       1.57436955    
   1877.59595       1.43855453    
   1916.66663       1.27278852    
   1955.73743       1.11681640    
   1985.85205       1.00367987    
   2000.00000      0.953398168    
   2014.14807      0.910235226    
   2044.26257      0.824058473    
   2083.33325      0.719943106    
   2122.40405      0.622903705    
   2152.51880      0.553122938    
   2166.66675      0.522340178    
   2180.81470      0.496468633    
   2210.92920      0.445297778    
   2250.00000      0.384103715    
   2289.07080      0.327604294    
   2319.18530      0.287319362    
   2333.33325      0.269675463    
   2347.48145      0.255147696    
   2377.59595      0.226677895    
   2416.66675      0.192970842    
   2455.73755      0.162130937    
   2485.85205      0.140314817    
   2500.00000      0.130821228    
   2514.14795      0.123144858    
   2544.26270      0.108223371    
   2583.33325       9.07055587E-02
   2622.40405       7.47887567E-02
   2652.51880       6.35857582E-02
   2666.66675       5.87258674E-02
   2680.81470       5.48213758E-02
   2710.92920       4.72455770E-02
   2750.00000       3.83486338E-02
   2789.07080       3.02300919E-02
   2819.18530       2.44635530E-02
   2833.33350       2.19307933E-02
   2847.48145       1.97985135E-02
   2877.59595       1.55531857E-02
   2916.66675       1.03824446E-02
   2955.73755       5.44077903E-03
   2985.85205       1.72815216E-03
   3000.00000       9.76213414E-07
