   0.00000000       9.99993134    
   42.4440269       9.78036594    
   132.787796       9.31397343    
   250.000000       8.71288681    
   367.212189       8.11905766    
   457.555969       7.66941690    
   500.000000       7.46236753    
   542.444031       7.26728630    
   632.787781       6.86284733    
   750.000000       6.35537052    
   867.212219       5.86742115    
   957.555969       5.50806427    
   1000.00000       5.34685993    
   1042.44397       5.20593834    
   1132.78784       4.92320156    
   1250.00000       4.58170652    
   1367.21216       4.26628637    
   1457.55603       4.04376984    
   1500.00000       3.94811964    
   1514.14795       3.86171317    
   1544.26257       3.56557131    
   1583.33337       3.23788476    
   1622.40405       2.90252566    
   1652.51868       2.66578794    
   1666.66663       2.55596209    
   1680.81470       2.45901895    
   1710.92932       2.26217961    
   1750.00000       2.01998544    
   1789.07080       1.79038668    
   1819.18530       1.62269843    
   1833.33337       1.54773188    
   1847.48132       1.48231041    
   1877.59595       1.35075450    
   1916.66663       1.19057930    
   1955.73743       1.04022253    
   1985.85205      0.931403935    
   2000.00000      0.883137763    
   2014.14807      0.841943324    
   2044.26257      0.759908557    
   2083.33325      0.661080480    
   2122.40405      0.569219947    
   2152.51880      0.503331721    
   2166.66675      0.474331111    
   2180.81470      0.450115889    
   2210.92920      0.402363002    
   2250.00000      0.345444292    
   2289.07080      0.293055713    
   2319.18530      0.255809277    
   2333.33325      0.239536718    
   2347.48145      0.226235926    
   2377.59595      0.200259000    
   2416.66675      0.169619620    
   2455.73755      0.141686335    
   2485.85205      0.121990912    
   2500.00000      0.113444254    
   2514.14795      0.106591098    
   2544.26270       9.33223888E-02
   2583.33325       7.78140947E-02
   2622.40405       6.37825429E-02
   2652.51880       5.39448038E-02
   2666.66675       4.96914499E-02
   2680.81470       4.63083982E-02
   2710.92920       3.97757292E-02
   2750.00000       3.21452059E-02
   2789.07080       2.52178051E-02
   2819.18530       2.03200709E-02
   2833.33350       1.81772280E-02
   2847.48145       1.63926166E-02
   2877.59595       1.28560858E-02
   2916.66675       8.56868736E-03
   2955.73755       4.48548282E-03
   2985.85205       1.42400316E-03
   3000.00000       8.04338868E-07
