   0.00000000       9.99994183    
   42.4440269       9.81498051    
   132.787796       9.42196465    
   250.000000       8.91498375    
   367.212189       8.41328716    
   457.555969       8.03247452    
   500.000000       7.85662794    
   542.444031       7.68952751    
   632.787781       7.34175539    
   750.000000       6.90323257    
   867.212219       6.47913599    
   957.555969       6.16468239    
   1000.00000       6.02263021    
   1042.44397       5.89572859    
   1132.78784       5.63852215    
   1250.00000       5.32391739    
   1367.21216       5.02912903    
   1457.55603       4.81769848    
   1500.00000       4.72522116    
   1514.14795       4.63834858    
   1544.26257       4.33890152    
   1583.33337       4.00378513    
   1622.40405       3.65811229    
   1652.51868       3.41139841    
   1666.66663       3.29608607    
   1680.81470       3.19171333    
   1710.92932       2.97754383    
   1750.00000       2.71091318    
   1789.07080       2.45521903    
   1819.18530       2.26635671    
   1833.33337       2.18105888    
   1847.48132       2.10443234    
   1877.59595       1.94838893    
   1916.66663       1.75571954    
   1955.73743       1.57239008    
   1985.85205       1.43796825    
   2000.00000       1.37764716    
   2014.14807       1.32441592    
   2044.26257       1.21683526    
   2083.33325       1.08509409    
   2122.40405      0.960705280    
   2152.51880      0.870152712    
   2166.66675      0.829770327    
   2180.81470      0.794749022    
   2210.92920      0.724500954    
   2250.00000      0.639173150    
   2289.07080      0.559212327    
   2319.18530      0.501400113    
   2333.33325      0.475768656    
   2347.48145      0.453899771    
   2377.59595      0.410343409    
   2416.66675      0.357835084    
   2455.73755      0.308960438    
   2485.85205      0.273828030    
   2500.00000      0.258324087    
   2514.14795      0.245259896    
   2544.26270      0.219375327    
   2583.33325      0.188327685    
   2622.40405      0.159532174    
   2652.51880      0.138871387    
   2666.66675      0.129756823    
   2680.81470      0.122062065    
   2710.92920      0.106785089    
   2750.00000       8.83778706E-02
   2789.07080       7.11705014E-02
   2819.18530       5.86777441E-02
   2833.33350       5.30892983E-02
   2847.48145       4.81442325E-02
   2877.59595       3.80918458E-02
   2916.66675       2.55966280E-02
   2955.73755       1.34748230E-02
   2985.85205       4.28915443E-03
   3000.00000       2.42371243E-06
