   0.00000000       9.99994278    
   42.4440269       9.81910801    
   132.787796       9.43484306    
   250.000000       8.93909645    
   367.212189       8.44841671    
   457.555969       8.07585430    
   500.000000       7.90375853    
   542.444031       7.74005222    
   632.787781       7.39918470    
   750.000000       6.96911049    
   867.212219       6.55289173    
   957.555969       6.24402332    
   1000.00000       6.10437536    
   1042.44397       5.97929525    
   1132.78784       5.72547436    
   1250.00000       5.41454744    
   1367.21216       5.12271166    
   1457.55603       4.91299486    
   1500.00000       4.82108259    
   1514.14795       4.73436069    
   1544.26257       4.43524504    
   1583.33337       4.10008144    
   1622.40405       3.75405717    
   1652.51868       3.50679064    
   1666.66663       3.39112258    
   1680.81470       3.28613615    
   1710.92932       3.07045817    
   1750.00000       2.80160356    
   1789.07080       2.54344797    
   1819.18530       2.35252833    
   1833.33337       2.26620245    
   1847.48132       2.18840337    
   1877.59595       2.02975273    
   1916.66663       1.83356369    
   1955.73743       1.64660609    
   1985.85205       1.50932479    
   2000.00000       1.44764006    
   2014.14807       1.39300299    
   2044.26257       1.28240299    
   2083.33325       1.14672160    
   2122.40405       1.01839089    
   2152.51880      0.924813688    
   2166.66675      0.883020639    
   2180.81470      0.846622109    
   2210.92920      0.773474753    
   2250.00000      0.684440911    
   2289.07080      0.600840628    
   2319.18530      0.540282428    
   2333.33325      0.513388336    
   2347.48145      0.490330428    
   2377.59595      0.444305807    
   2416.66675      0.388687223    
   2455.73755      0.336796701    
   2485.85205      0.299413860    
   2500.00000      0.282884449    
   2514.14795      0.268876374    
   2544.26270      0.241049558    
   2583.33325      0.207575068    
   2622.40405      0.176441655    
   2652.51880      0.154044017    
   2666.66675      0.144140035    
   2680.81470      0.135721788    
   2710.92920      0.118957140    
   2750.00000       9.86890197E-02
   2789.07080       7.96819627E-02
   2819.18530       6.58430159E-02
   2833.33350       5.96375465E-02
   2847.48145       5.41115701E-02
   2877.59595       4.28495035E-02
   2916.66675       2.88161542E-02
   2955.73755       1.51778301E-02
   2985.85205       4.83245170E-03
   3000.00000       2.73082674E-06
