   0.00000000       9.99993896    
   42.4440269       9.80617714    
   132.787796       9.39449596    
   250.000000       8.86356258    
   367.212189       8.33838844    
   457.555969       7.94000769    
   500.000000       7.75618172    
   542.444031       7.58188105    
   632.787781       7.21948338    
   750.000000       6.76309538    
   867.212219       6.32237864    
   957.555969       5.99617195    
   1000.00000       5.84907579    
   1042.44397       5.71839428    
   1132.78784       5.45420742    
   1250.00000       5.13209295    
   1367.21216       4.83135748    
   1457.55603       4.61655331    
   1500.00000       4.52300596    
   1514.14795       4.43596220    
   1544.26257       4.13634109    
   1583.33337       3.80194211    
   1622.40405       3.45766759    
   1652.51868       3.21260500    
   1666.66663       3.09827352    
   1680.81470       2.99541521    
   1710.92932       2.78488660    
   1750.00000       2.52352738    
   1789.07080       2.27358413    
   1819.18530       2.08947325    
   1833.33337       2.00652766    
   1847.48132       1.93253517    
   1877.59595       1.78231013    
   1916.66663       1.59744656    
   1955.73743       1.42211843    
   1985.85205       1.29396904    
   2000.00000       1.23662591    
   2014.14807       1.18643010    
   2044.26257       1.08534229    
   2083.33325      0.962036431    
   2122.40405      0.846051216    
   2152.51880      0.761920154    
   2166.66675      0.724521637    
   2180.81470      0.692385554    
   2210.92920      0.628187776    
   2250.00000      0.550561965    
   2289.07080      0.478134096    
   2319.18530      0.425982744    
   2333.33325      0.402944773    
   2347.48145      0.383494288    
   2377.59595      0.344937950    
   2416.66675      0.298702180    
   2455.73755      0.255883187    
   2485.85205      0.225250050    
   2500.00000      0.211788297    
   2514.14795      0.200583667    
   2544.26270      0.178508237    
   2583.33325      0.152196214    
   2622.40405      0.127940595    
   2652.51880      0.110636584    
   2666.66675      0.103041284    
   2680.81470       9.67228934E-02
   2710.92920       8.42624083E-02
   2750.00000       6.93600699E-02
   2789.07080       5.55260815E-02
   2819.18530       4.55457717E-02
   2833.33350       4.11047712E-02
   2847.48145       3.72302905E-02
   2877.59595       2.93996204E-02
   2916.66675       1.97203346E-02
   2955.73755       1.03685763E-02
   2985.85205       3.29850381E-03
   3000.00000       1.86374621E-06
