   0.00000000       9.99993801    
   42.4440269       9.80147839    
   132.787796       9.37983418    
   250.000000       8.83611870    
   367.212189       8.29842377    
   457.555969       7.89068174    
   500.000000       7.70260811    
   542.444031       7.52448606    
   632.787781       7.15433884    
   750.000000       6.68850279    
   867.212219       6.23901701    
   957.555969       5.90662670    
   1000.00000       5.75688505    
   1042.44397       5.62424517    
   1132.78784       5.35646677    
   1250.00000       5.03052950    
   1367.21216       4.72681427    
   1457.55603       4.51036549    
   1500.00000       4.41632032    
   1514.14795       4.32926846    
   1544.26257       4.02984428    
   1583.33337       3.69616437    
   1622.40405       3.35298848    
   1652.51868       3.10906315    
   1666.66663       2.99537539    
   1680.81470       2.89343548    
   1710.92932       2.68507624    
   1750.00000       2.42681050    
   1789.07080       2.18020177    
   1819.18530       1.99881828    
   1833.33337       1.91721201    
   1847.48132       1.84469295    
   1877.59595       1.69770396    
   1916.66663       1.51715600    
   1955.73743       1.34622741    
   1985.85205       1.22150922    
   2000.00000       1.16578782    
   2014.14807       1.11722696    
   2044.26257       1.01962137    
   2083.33325      0.900819242    
   2122.40405      0.789301634    
   2152.51880      0.708570123    
   2166.66675      0.672745347    
   2180.81470      0.642115891    
   2210.92920      0.581065118    
   2250.00000      0.507427990    
   2289.07080      0.438884765    
   2319.18530      0.389640599    
   2333.33325      0.367929578    
   2347.48145      0.349703789    
   2377.59595      0.313668668    
   2416.66675      0.270580888    
   2455.73755      0.230786964    
   2485.85205      0.202391297    
   2500.00000      0.189940959    
   2514.14795      0.179646805    
   2544.26270      0.159427270    
   2583.33325      0.135410130    
   2622.40405      0.113342948    
   2652.51880       9.76488590E-02
   2666.66675       9.07788798E-02
   2680.81470       8.51093382E-02
   2710.92920       7.39695057E-02
   2750.00000       6.07011281E-02
   2789.07080       4.84313741E-02
   2819.18530       3.96104492E-02
   2833.33350       3.56968082E-02
   2847.48145       3.23093161E-02
   2877.59595       2.54852735E-02
   2916.66675       1.70771107E-02
   2955.73755       8.97245016E-03
   2985.85205       2.85341172E-03
   3000.00000       1.61217224E-06
