   0.00000000       9.99994087    
   42.4440269       9.81067467    
   132.787796       9.40852737    
   250.000000       8.88982677    
   367.212189       8.37664223    
   457.555969       7.98723030    
   500.000000       7.80747700    
   542.444031       7.63684702    
   632.787781       7.28190327    
   750.000000       6.83461428    
   867.212219       6.40235615    
   957.555969       6.08212566    
   1000.00000       5.93759155    
   1042.44397       5.80882311    
   1132.78784       5.54816103    
   1250.00000       5.22982550    
   1367.21216       4.93206787    
   1457.55603       4.71893978    
   1500.00000       4.62591600    
   1514.14795       4.53893423    
   1544.26257       4.23931265    
   1583.33337       3.90444326    
   1622.40405       3.55934572    
   1652.51868       3.31336045    
   1666.66663       3.19849062    
   1680.81470       3.09482431    
   1710.92932       2.88236547    
   1750.00000       2.61822581    
   1789.07080       2.36526203    
   1819.18530       2.17866397    
   1833.33337       2.09449029    
   1847.48132       2.01913095    
   1877.59595       1.86589193    
   1916.66663       1.67699277    
   1955.73743       1.49753547    
   1985.85205       1.36615455    
   2000.00000       1.30727947    
   2014.14807       1.25552773    
   2044.26257       1.15111625    
   2083.33325       1.02349865    
   2122.40405      0.903223932    
   2152.51880      0.815819502    
   2166.66675      0.776901841    
   2180.81470      0.743301511    
   2210.92920      0.676037133    
   2250.00000      0.594512999    
   2289.07080      0.518277586    
   2319.18530      0.463268757    
   2333.33325      0.438923270    
   2347.48145      0.418257564    
   2377.59595      0.377192229    
   2416.66675      0.327813745    
   2455.73755      0.281965226    
   2485.85205      0.249084488    
   2500.00000      0.234603927    
   2514.14795      0.222475052    
   2544.26270      0.198509365    
   2583.33325      0.169851452    
   2622.40405      0.143350735    
   2652.51880      0.124389447    
   2666.66675      0.116045177    
   2680.81470      0.109051041    
   2710.92920       9.52101499E-02
   2750.00000       7.85932094E-02
   2789.07080       6.31118044E-02
   2819.18530       5.19064292E-02
   2833.33350       4.69066650E-02
   2847.48145       4.25125696E-02
   2877.59595       3.36049348E-02
   2916.66675       2.25622598E-02
   2955.73755       1.18704615E-02
   2985.85205       3.77743202E-03
   3000.00000       2.13445583E-06
