   0.00000000       9.99994469    
   42.4440269       9.82306576    
   132.787796       9.44719505    
   250.000000       8.96222496    
   367.212189       8.48211670    
   457.555969       8.11747456    
   500.000000       7.94898272    
   542.444031       7.78854227    
   632.787781       7.45432472    
   750.000000       7.03239679    
   867.212219       6.62378311    
   957.555969       6.32031679    
   1000.00000       6.18299770    
   1042.44397       6.05969429    
   1132.78784       5.80918837    
   1250.00000       5.50188255    
   1367.21216       5.21297884    
   1457.55603       5.00498486    
   1500.00000       4.91365385    
   1514.14795       4.82711983    
   1544.26257       4.52847481    
   1583.33337       4.19344330    
   1622.40405       3.84726954    
   1652.51868       3.59960938    
   1666.66663       3.48366475    
   1680.81470       3.37814975    
   1710.92932       3.16114950    
   1750.00000       2.89031672    
   1789.07080       2.62994885    
   1819.18530       2.43716383    
   1833.33337       2.34990025    
   1847.48132       2.27101636    
   1877.59595       2.10994434    
   1916.66663       1.91047275    
   1955.73743       1.72011805    
   1985.85205       1.58015001    
   2000.00000       1.51717997    
   2014.14807       1.46120822    
   2044.26257       1.34773362    
   2083.33325       1.20829058    
   2122.40405       1.07618594    
   2152.51880      0.979705155    
   2166.66675      0.936554670    
   2180.81470      0.898822665    
   2210.92920      0.822861493    
   2250.00000      0.730221093    
   2289.07080      0.643069863    
   2319.18530      0.579825640    
   2333.33325      0.551693678    
   2347.48145      0.527462721    
   2377.59595      0.478996724    
   2416.66675      0.420293063    
   2455.73755      0.365402818    
   2485.85205      0.325775474    
   2500.00000      0.308220774    
   2514.14795      0.293262511    
   2544.26270      0.263474911    
   2583.33325      0.227542698    
   2622.40405      0.194034383    
   2652.51880      0.169867203    
   2666.66675      0.159156829    
   2680.81470      0.149994180    
   2710.92920      0.131694347    
   2750.00000      0.109499790    
   2789.07080       8.86242017E-02
   2819.18530       7.33839124E-02
   2833.33350       6.65347427E-02
   2847.48145       6.03994206E-02
   2877.59595       4.78658751E-02
   2916.66675       3.22127230E-02
   2955.73755       1.69751998E-02
   2985.85205       5.40595921E-03
   3000.00000       3.05502817E-06
