   0.00000000       9.99994755    
   42.4440269       9.83401775    
   132.787796       9.48137474    
   250.000000       9.02623558    
   367.212189       8.57540703    
   457.555969       8.23272228    
   500.000000       8.07422829    
   542.444031       7.92288160    
   632.787781       7.60720444    
   750.000000       7.20803642    
   867.212219       6.82072258    
   957.555969       6.53242922    
   1000.00000       6.40167427    
   1042.44397       6.28343821    
   1132.78784       6.04245281    
   1250.00000       5.74565363    
   1367.21216       5.46537638    
   1457.55603       5.26256466    
   1500.00000       5.17304039    
   1514.14795       5.08725405    
   1544.26257       4.79071283    
   1583.33337       4.45698309    
   1622.40405       4.11137867    
   1652.51868       3.86335182    
   1666.66663       3.74698305    
   1680.81470       3.64032578    
   1710.92932       3.42033100    
   1750.00000       3.14485931    
   1789.07080       2.87916970    
   1819.18530       2.68181038    
   1833.33337       2.59221339    
   1847.48132       2.51055145    
   1877.59595       2.34322238    
   1916.66663       2.13519287    
   1955.73743       1.93591285    
   1985.85205       1.78883481    
   2000.00000       1.72244263    
   2014.14807       1.66286528    
   2044.26257       1.54158425    
   2083.33325       1.39186800    
   2122.40405       1.24940217    
   2152.51880       1.14490879    
   2166.66675       1.09799504    
   2180.81470       1.05652213    
   2210.92920      0.972630382    
   2250.00000      0.869774282    
   2289.07080      0.772515297    
   2319.18530      0.701587975    
   2333.33325      0.669899404    
   2347.48145      0.642258286    
   2377.59595      0.586660981    
   2416.66675      0.518897891    
   2455.73755      0.455152869    
   2485.85205      0.408865958    
   2500.00000      0.388254881    
   2514.14795      0.370427907    
   2544.26270      0.334689021    
   2583.33325      0.291253954    
   2622.40405      0.250454515    
   2652.51880      0.220824987    
   2666.66675      0.207613185    
   2680.81470      0.196110949    
   2710.92920      0.172960132    
   2750.00000      0.144643441    
   2789.07080      0.117798597    
   2819.18530       9.80604142E-02
   2833.33350       8.91371518E-02
   2847.48145       8.10193717E-02
   2877.59595       6.43343106E-02
   2916.66675       4.33747172E-02
   2955.73755       2.28858963E-02
   2985.85205       7.29256123E-03
   3000.00000       4.12156987E-06
