   0.00000000       9.99994850    
   42.4440269       9.83738804    
   132.787796       9.49189377    
   250.000000       9.04593754    
   367.212189       8.60412884    
   457.555969       8.26821327    
   500.000000       8.11280441    
   542.444031       7.96427155    
   632.787781       7.65434217    
   750.000000       7.26224232    
   867.212219       6.88155890    
   957.555969       6.59800196    
   1000.00000       6.46930265    
   1042.44397       6.35267067    
   1132.78784       6.11471939    
   1250.00000       5.82129860    
   1367.21216       5.54383039    
   1457.55603       5.34273767    
   1500.00000       5.25383043    
   1514.14795       5.16834307    
   1544.26257       4.87269306    
   1583.33337       4.53964806    
   1622.40405       4.19452000    
   1652.51868       3.94660044    
   1666.66663       3.83020592    
   1680.81470       3.72329593    
   1710.92932       3.50258565    
   1750.00000       3.22594523    
   1789.07080       2.95886755    
   1819.18530       2.76028419    
   1833.33337       2.67005134    
   1847.48132       2.58760595    
   1877.59595       2.41849351    
   1916.66663       2.20800138    
   1955.73743       2.00612998    
   1985.85205       1.85697150    
   2000.00000       1.78957140    
   2014.14807       1.72891569    
   2044.26257       1.60528708    
   2083.33325       1.45246387    
   2122.40405       1.30684721    
   2152.51880       1.19990432    
   2166.66675       1.15183473    
   2180.81470       1.10919929    
   2210.92920       1.02283168    
   2250.00000      0.916770637    
   2289.07080      0.816325188    
   2319.18530      0.742964208    
   2333.33325      0.710144281    
   2347.48145      0.681405842    
   2377.59595      0.623503387    
   2416.66675      0.552797079    
   2455.73755      0.486161143    
   2485.85205      0.437689334    
   2500.00000      0.416071057    
   2514.14795      0.397287369    
   2544.26270      0.359554052    
   2583.33325      0.313591152    
   2622.40405      0.270322502    
   2652.51880      0.238833800    
   2666.66675      0.224766821    
   2680.81470      0.212455243    
   2710.92920      0.187618375    
   2750.00000      0.157163098    
   2789.07080      0.128223509    
   2819.18530      0.106900454    
   2833.33350       9.72439051E-02
   2847.48145       8.84194225E-02
   2877.59595       7.02499226E-02
   2916.66675       4.73875962E-02
   2955.73755       2.50120945E-02
   2985.85205       7.97139388E-03
   3000.00000       4.50534662E-06
