   0.00000000       9.99994659    
   42.4440269       9.83051300    
   132.787796       9.47043514    
   250.000000       9.00574589    
   367.212189       8.54554176    
   457.555969       8.19582272    
   500.000000       8.03412342    
   542.444031       7.87985706    
   632.787781       7.55822325    
   750.000000       7.15173578    
   867.212219       6.75756407    
   957.555969       6.46437788    
   1000.00000       6.33150291    
   1042.44397       6.21162033    
   1132.78784       5.96753216    
   1250.00000       5.66729164    
   1367.21216       5.38417053    
   1457.55603       5.17963314    
   1500.00000       5.08949852    
   1514.14795       5.00343561    
   1544.26257       4.70609093    
   1583.33337       4.37179232    
   1622.40405       4.02584505    
   1652.51868       3.77781773    
   1666.66663       3.66152883    
   1680.81470       3.55518460    
   1710.92932       3.33603907    
   1750.00000       3.06191468    
   1789.07080       2.79779601    
   1819.18530       2.60180354    
   1833.33337       2.51291013    
   1847.48132       2.43209982    
   1877.59595       2.26669884    
   1916.66663       2.06131935    
   1955.73743       1.86481512    
   1985.85205       1.71995699    
   2000.00000       1.65463686    
   2014.14807       1.59619772    
   2044.26257       1.47738802    
   2083.33325       1.33093345    
   2122.40405       1.19176626    
   2152.51880       1.08983064    
   2166.66675       1.04412115    
   2180.81470       1.00385249    
   2210.92920      0.922519684    
   2250.00000      0.822968185    
   2289.07080      0.728986979    
   2319.18530      0.660557270    
   2333.33325      0.630027413    
   2347.48145      0.603503764    
   2377.59595      0.550248921    
   2416.66675      0.485469282    
   2455.73755      0.424647719    
   2485.85205      0.380565017    
   2500.00000      0.360967845    
   2514.14795      0.344098389    
   2544.26270      0.310350865    
   2583.33325      0.269433260    
   2622.40405      0.231086776    
   2652.51880      0.203299671    
   2666.66675      0.190933511    
   2680.81470      0.180227026    
   2710.92920      0.158730239    
   2750.00000      0.132506430    
   2789.07080      0.107707039    
   2819.18530       8.95133987E-02
   2833.33350       8.13036114E-02
   2847.48145       7.38707185E-02
   2877.59595       5.86221851E-02
   2916.66675       3.95014361E-02
   2955.73755       2.08342280E-02
   2985.85205       6.63760863E-03
   3000.00000       3.75130094E-06
