   0.00000000       9.99994564    
   42.4440269       9.82686424    
   132.787796       9.45905018    
   250.000000       8.98442459    
   367.212189       8.51446724    
   457.555969       8.15743446    
   500.000000       7.99240494    
   542.444031       7.83510971    
   632.787781       7.50729895    
   750.000000       7.09322929    
   867.212219       6.69196081    
   957.555969       6.39371920    
   1000.00000       6.25865698    
   1042.44397       6.13708591    
   1132.78784       5.88982391    
   1250.00000       5.58608150    
   1367.21216       5.30008364    
   1457.55603       5.09381771    
   1500.00000       5.00307989    
   1514.14795       4.91676664    
   1544.26257       4.61871672    
   1583.33337       4.28397894    
   1622.40405       3.93783665    
   1652.51868       3.68992758    
   1666.66663       3.57377815    
   1680.81470       3.46781278    
   1710.92932       3.24966097    
   1750.00000       2.97707748    
   1789.07080       2.71472764    
   1819.18530       2.52025604    
   1833.33337       2.43213844    
   1847.48132       2.35225272    
   1877.59595       2.18893409    
   1916.66663       1.98640311    
   1955.73743       1.79287016    
   1985.85205       1.65037930    
   2000.00000       1.58619869    
   2014.14807       1.52896059    
   2044.26257       1.41275120    
   2083.33325       1.26971900    
   2122.40405       1.13400376    
   2152.51880       1.03473794    
   2166.66675      0.990282416    
   2180.81470      0.951260507    
   2210.92920      0.872570992    
   2250.00000      0.776424587    
   2289.07080      0.685812771    
   2319.18530      0.619944274    
   2333.33325      0.590600133    
   2347.48145      0.565213501    
   2377.59595      0.514336526    
   2416.66675      0.452577829    
   2455.73755      0.394709110    
   2485.85205      0.352847278    
   2500.00000      0.334269434    
   2514.14795      0.318356752    
   2544.26270      0.286594242    
   2583.33325      0.248179212    
   2622.40405      0.212264746    
   2652.51880      0.186299711    
   2666.66675      0.174767971    
   2680.81470      0.164841965    
   2710.92920      0.144963443    
   2750.00000      0.120781973    
   2789.07080       9.79739651E-02
   2819.18530       8.12808648E-02
   2833.33350       7.37630203E-02
   2847.48145       6.69915080E-02
   2877.59595       5.31279892E-02
   2916.66675       3.57775688E-02
   2955.73755       1.88622996E-02
   2985.85205       6.00819942E-03
   3000.00000       3.39548092E-06
