   0.00000000       9.99995136    
   42.4440269       9.84375095    
   132.787796       9.51175404    
   250.000000       9.08314037    
   367.212189       8.65837097    
   457.555969       8.33524990    
   500.000000       8.18567657    
   542.444031       8.04247856    
   632.787781       7.74345350    
   750.000000       7.36478138    
   867.212219       6.99671316    
   957.555969       6.72218513    
   1000.00000       6.59741163    
   1042.44397       6.48386812    
   1132.78784       6.25178003    
   1250.00000       5.96492720    
   1367.21216       5.69296360    
   1457.55603       5.49528074    
   1500.00000       5.40761805    
   1514.14795       5.32278681    
   1544.26257       5.02914286    
   1583.33337       4.69776964    
   1622.40405       4.35394001    
   1652.51868       4.10651922    
   1666.66663       3.99021578    
   1680.81470       3.88296199    
   1710.92932       3.66117859    
   1750.00000       3.38268399    
   1789.07080       3.11332536    
   1819.18530       2.91268253    
   1833.33337       2.82136250    
   1847.48132       2.73753738    
   1877.59595       2.56525826    
   1916.66663       2.35035753    
   1955.73743       2.14381647    
   1985.85205       1.99088597    
   2000.00000       1.92164910    
   2014.14807       1.85900545    
   2044.26257       1.73103166    
   2083.33325       1.57243335    
   2122.40405       1.42093694    
   2152.51880       1.30940568    
   2166.66675       1.25916362    
   2180.81470       1.21432436    
   2210.92920       1.12324822    
   2250.00000       1.01107049    
   2289.07080      0.904522955    
   2319.18530      0.826485753    
   2333.33325      0.791485071    
   2347.48145      0.760614693    
   2377.59595      0.698219061    
   2416.66675      0.621755958    
   2455.73755      0.549445689    
   2485.85205      0.496670783    
   2500.00000      0.473062724    
   2514.14795      0.452373266    
   2544.26270      0.410653859    
   2583.33325      0.359620243    
   2622.40405      0.311380982    
   2652.51880      0.276136965    
   2666.66675      0.260337442    
   2680.81470      0.246373057    
   2710.92920      0.218082041    
   2750.00000      0.183231011    
   2789.07080      0.149972707    
   2819.18530      0.125373334    
   2833.33350      0.114197545    
   2847.48145      0.103900976    
   2877.59595       8.26332271E-02
   2916.66675       5.57924211E-02
   2955.73755       2.94669922E-02
   2985.85205       9.39395744E-03
   3000.00000       5.30961233E-06
