   0.00000000       9.99995232    
   42.4440269       9.84965229    
   132.787796       9.53017235    
   250.000000       9.11764908    
   367.212189       8.70869350    
   457.555969       8.39745712    
   500.000000       8.25330830    
   542.444031       8.11508274    
   632.787781       7.82623243    
   750.000000       7.46011019    
   867.212219       7.10385609    
   957.555969       6.83780336    
   1000.00000       6.71672535    
   1042.44397       6.60611486    
   1132.78784       6.37962532    
   1250.00000       6.09908867    
   1367.21216       5.83247137    
   1457.55603       5.63814545    
   1500.00000       5.55173206    
   1514.14795       5.46761990    
   1544.26257       5.17622519    
   1583.33337       4.84685755    
   1622.40405       4.50471497    
   1652.51868       4.25811195    
   1666.66663       4.14206219    
   1680.81470       4.03465128    
   1710.92932       3.81221128    
   1750.00000       3.53242564    
   1789.07080       3.26136780    
   1819.18530       3.05912375    
   1833.33337       2.96693444    
   1847.48132       2.88195348    
   1877.59595       2.70698714    
   1916.66663       2.48830104    
   1955.73743       2.27770996    
   1985.85205       2.12147951    
   2000.00000       2.05062413    
   2014.14807       1.98620021    
   2044.26257       1.85431361    
   2083.33325       1.69048500    
   2122.40405       1.53363466    
   2152.51880       1.41790366    
   2166.66675       1.36566424    
   2180.81470       1.31877577    
   2210.92920       1.22330284    
   2250.00000       1.10538745    
   2289.07080      0.993090093    
   2319.18530      0.910627306    
   2333.33325      0.873554587    
   2347.48145      0.840637445    
   2377.59595      0.773910582    
   2416.66675      0.691873431    
   2455.73755      0.614044964    
   2485.85205      0.557067215    
   2500.00000      0.531508088    
   2514.14795      0.508930564    
   2544.26270      0.463245690    
   2583.33325      0.407144904    
   2622.40405      0.353916913    
   2652.51880      0.314888120    
   2666.66675      0.297335923    
   2680.81470      0.281683415    
   2710.92920      0.249851078    
   2750.00000      0.210475415    
   2789.07080      0.172755763    
   2819.18530      0.144761041    
   2833.33350      0.132006705    
   2847.48145      0.120170861    
   2877.59595       9.56560299E-02
   2916.66675       6.46368340E-02
   2955.73755       3.41568962E-02
   2985.85205       1.08918641E-02
   3000.00000       6.15650060E-06
