   0.00000000       9.99994946    
   42.4440269       9.84063053    
   132.787796       9.50201321    
   250.000000       9.06489372    
   367.212189       8.63176537    
   457.555969       8.30236626    
   500.000000       8.14992905    
   542.444031       8.00411129    
   632.787781       7.69972944    
   750.000000       7.31445789    
   867.212219       6.94018698    
   957.555969       6.66121626    
   1000.00000       6.53450966    
   1042.44397       6.41944218    
   1132.78784       6.18445635    
   1250.00000       5.89435053    
   1367.21216       5.61965418    
   1457.55603       5.42027187    
   1500.00000       5.33198595    
   1514.14795       5.24681759    
   1544.26257       4.95213652    
   1583.33337       4.61988068    
   1622.40405       4.27534771    
   1652.51868       4.02763367    
   1666.66663       3.91126227    
   1680.81470       3.80415511    
   1710.92932       3.58285165    
   1750.00000       3.30520797    
   1789.07080       3.03691149    
   1819.18530       2.83723664    
   1833.33337       2.74643111    
   1847.48132       2.66326594    
   1877.59595       2.49250627    
   1916.66663       2.27972698    
   1955.73743       2.07543874    
   1985.85205       1.92433190    
   2000.00000       1.85598457    
   2014.14807       1.79430759    
   2044.26257       1.66844988    
   2083.33325       1.51266801    
   2122.40405       1.36404300    
   2152.51880       1.25475538    
   2166.66675       1.20557690    
   2180.81470       1.16181970    
   2210.92920       1.07305789    
   2250.00000      0.963890135    
   2289.07080      0.860348821    
   2319.18530      0.784618080    
   2333.33325      0.750694096    
   2347.48145      0.720879138    
   2377.59595      0.660710216    
   2416.66675      0.587103307    
   2455.73755      0.517611504    
   2485.85205      0.466976404    
   2500.00000      0.444358826    
   2514.14795      0.424620569    
   2544.26270      0.384892851    
   2583.33325      0.336395830    
   2622.40405      0.290645927    
   2652.51880      0.257284671    
   2666.66675      0.242354631    
   2680.81470      0.229221806    
   2710.92920      0.202670380    
   2750.00000      0.170035496    
   2789.07080      0.138956562    
   2819.18530      0.116011932    
   2833.33350      0.105603985    
   2847.48145       9.60526839E-02
   2877.59595       7.63544291E-02
   2916.66675       5.15301451E-02
   2955.73755       2.72075534E-02
   2985.85205       8.67242180E-03
   3000.00000       4.90167895E-06
