   0.00000000       9.99995232    
   42.4440269       9.84675598    
   132.787796       9.52113438    
   250.000000       9.10071468    
   367.212189       8.68399715    
   457.555969       8.36692715    
   500.000000       8.22011471    
   542.444031       8.07944679    
   632.787781       7.78559589    
   750.000000       7.41330338    
   867.212219       7.05123806    
   957.555969       6.78101397    
   1000.00000       6.65811634    
   1042.44397       6.54605818    
   1132.78784       6.31680202    
   1250.00000       6.03313828    
   1367.21216       5.76386833    
   1457.55603       5.56787157    
   1500.00000       5.48083353    
   1514.14795       5.39635468    
   1544.26257       5.10380888    
   1583.33337       4.77340126    
   1622.40405       4.43037176    
   1652.51868       4.18332386    
   1666.66663       4.06712866    
   1680.81470       3.95977521    
   1710.92932       3.73761559    
   1750.00000       3.45841050    
   1789.07080       3.18813515    
   1819.18530       2.98663855    
   1833.33337       2.89485860    
   1847.48132       2.81042933    
   1877.59595       2.63675046    
   1916.66663       2.41988397    
   1955.73743       2.21124482    
   1985.85205       2.05660892    
   2000.00000       1.98653686    
   2014.14807       1.92297840    
   2044.26257       1.79299676    
   2083.33325       1.63171816    
   2122.40405       1.47748184    
   2152.51880       1.36380386    
   2166.66675       1.31254208    
   2180.81470       1.26665950    
   2210.92920       1.17334700    
   2250.00000       1.05825412    
   2289.07080      0.948788345    
   2319.18530      0.868507445    
   2333.33325      0.832457304    
   2347.48145      0.800552845    
   2377.59595      0.735971034    
   2416.66675      0.656697452    
   2455.73755      0.581607878    
   2485.85205      0.526718259    
   2500.00000      0.502129436    
   2514.14795      0.480493277    
   2544.26270      0.436787397    
   2583.33325      0.383218139    
   2622.40405      0.332485080    
   2652.51880      0.295350969    
   2666.66675      0.278676957    
   2680.81470      0.263872206    
   2710.92920      0.233819827    
   2750.00000      0.196720496    
   2789.07080      0.161247194    
   2819.18530      0.134963349    
   2833.33350      0.123004906    
   2847.48145      0.111946285    
   2877.59595       8.90718549E-02
   2916.66675       6.01645634E-02
   2955.73755       3.17851640E-02
   2985.85205       1.01343226E-02
   3000.00000       5.72819818E-06
