   0.00000000       9.99995327    
   42.4440269       9.85244274    
   132.787796       9.53888607    
   250.000000       9.13397503    
   367.212189       8.73250389    
   457.555969       8.42689610    
   500.000000       8.28531742    
   542.444031       8.14945221    
   632.787781       7.86543560    
   750.000000       7.50528288    
   867.212219       7.15465546    
   957.555969       6.89264679    
   1000.00000       6.77333498    
   1042.44397       6.66413593    
   1132.78784       6.44034910    
   1250.00000       6.16287661    
   1367.21216       5.89887047    
   1457.55603       5.70619965    
   1500.00000       5.62041044    
   1514.14795       5.53667545    
   1544.26257       5.24647903    
   1583.33337       4.91821718    
   1622.40405       4.57703924    
   1652.51868       4.33094645    
   1666.66663       4.21507502    
   1680.81470       4.10764647    
   1710.92932       3.88501406    
   1750.00000       3.60476732    
   1789.07080       3.33305144    
   1819.18530       3.13015819    
   1833.33337       3.03760695    
   1847.48132       2.95212317    
   1877.59595       2.77597475    
   1916.66663       2.55560660    
   1955.73743       2.34320092    
   1985.85205       2.18548107    
   2000.00000       2.11389089    
   2014.14807       2.04864860    
   2044.26257       1.91495526    
   2083.33325       1.74870098    
   2122.40405       1.58935726    
   2152.51880       1.47166276    
   2166.66675       1.41848624    
   2180.81470       1.37062836    
   2210.92920       1.27306879    
   2250.00000       1.15242124    
   2289.07080       1.03737700    
   2319.18530      0.952793062    
   2333.33325      0.914724350    
   2347.48145      0.880815923    
   2377.59595      0.811985433    
   2416.66675      0.727232277    
   2455.73755      0.646706700    
   2485.85205      0.587668300    
   2500.00000      0.561149955    
   2514.14795      0.537637413    
   2544.26270      0.489982992    
   2583.33325      0.431357652    
   2622.40405      0.375636667    
   2652.51880      0.334711045    
   2666.66675      0.316278279    
   2680.81470      0.299771994    
   2710.92920      0.266144007    
   2750.00000      0.224468023    
   2789.07080      0.184474722    
   2819.18530      0.154745951    
   2833.33350      0.141184017    
   2847.48145      0.128557354    
   2877.59595      0.102371782    
   2916.66675       6.91997036E-02
   2955.73755       3.65771130E-02
   2985.85205       1.16649568E-02
   3000.00000       6.59360239E-06
