   0.00000000       9.99995422    
   42.4440269       9.85513496    
   132.787796       9.54728889    
   250.000000       9.14972115    
   367.212189       8.75547218    
   457.555969       8.45529461    
   500.000000       8.31619740    
   542.444031       8.18261337    
   632.787781       7.90327215    
   750.000000       7.54889679    
   867.212219       7.20372009    
   957.555969       6.94563246    
   1000.00000       6.82803535    
   1042.44397       6.72021198    
   1132.78784       6.49906588    
   1250.00000       6.22459650    
   1367.21216       5.96315861    
   1457.55603       5.77212620    
   1500.00000       5.68695831    
   1514.14795       5.60361147    
   1544.26257       5.31465387    
   1583.33337       4.98755646    
   1622.40405       4.64741278    
   1652.51868       4.40188789    
   1666.66663       4.28622627    
   1680.81470       4.17881536    
   1710.92932       3.95607114    
   1750.00000       3.67547417    
   1789.07080       3.40321517    
   1819.18530       3.19976401    
   1833.33337       3.10689473    
   1847.48132       3.02095366    
   1877.59595       2.84372163    
   1916.66663       2.62180066    
   1955.73743       2.40770960    
   1985.85205       2.24859953    
   2000.00000       2.17632079    
   2014.14807       2.11030459    
   2044.26257       1.97489822    
   2083.33325       1.80633676    
   2122.40405       1.64461517    
   2152.51880       1.52504313    
   2166.66675       1.47096860    
   2180.81470       1.42217636    
   2210.92920       1.32260180    
   2250.00000       1.19930995    
   2289.07080       1.08160162    
   2319.18530      0.994956076    
   2333.33325      0.955917537    
   2347.48145      0.921039224    
   2377.59595      0.850146532    
   2416.66675      0.762725532    
   2455.73755      0.679545343    
   2485.85205      0.618474841    
   2500.00000      0.591008842    
   2514.14795      0.566568255    
   2544.26270      0.516955614    
   2583.33325      0.455815256    
   2622.40405      0.397606075    
   2652.51880      0.354783863    
   2666.66675      0.335469186    
   2680.81470      0.318104416    
   2710.92920      0.282667965    
   2750.00000      0.238671422    
   2789.07080      0.196381122    
   2819.18530      0.164898172    
   2833.33350      0.150518417    
   2847.48145      0.137088865    
   2877.59595      0.109205514    
   2916.66675       7.38438740E-02
   2955.73755       3.90408710E-02
   2985.85205       1.24520203E-02
   3000.00000       7.03860769E-06
