   0.00000000       9.99995804    
   42.4440269       9.86499977    
   132.787796       9.57808495    
   250.000000       9.20743370    
   367.212189       8.83967113    
   457.555969       8.55942822    
   500.000000       8.42944717    
   542.444031       8.30426598    
   632.787781       8.04216766    
   750.000000       7.70913506    
   867.212219       7.38413477    
   957.555969       7.14059782    
   1000.00000       7.02938080    
   1042.44397       6.92672396    
   1132.78784       6.71554327    
   1250.00000       6.45248652    
   1367.21216       6.20089912    
   1457.55603       6.01622438    
   1500.00000       5.93351126    
   1514.14795       5.85179043    
   1544.26257       5.56809378    
   1583.33337       5.24611139    
   1622.40405       4.91065693    
   1652.51868       4.66788340    
   1666.66663       4.55330515    
   1680.81470       4.44626808    
   1710.92932       4.22376108    
   1750.00000       3.94270396    
   1789.07080       3.66925836    
   1819.18530       3.46436405    
   1833.33337       3.37060142    
   1847.48132       3.28323245    
   1877.59595       3.10253406    
   1916.66663       2.87554169    
   1955.73743       2.65585542    
   1985.85205       2.49206638    
   2000.00000       2.41744542    
   2014.14807       2.34873629    
   2044.26257       2.20732331    
   2083.33325       2.03061271    
   2122.40405       1.86043334    
   2152.51880       1.73413980    
   2166.66675       1.67683196    
   2180.81470       1.62463033    
   2210.92920       1.51766622    
   2250.00000       1.38462603    
   2289.07080       1.25704551    
   2319.18530       1.16272223    
   2333.33325       1.12005556    
   2347.48145       1.08150744    
   2377.59595       1.00277770    
   2416.66675      0.905169845    
   2455.73755      0.811805964    
   2485.85205      0.742904246    
   2500.00000      0.711771309    
   2514.14795      0.683701515    
   2544.26270      0.626398861    
   2583.33325      0.555338085    
   2622.40405      0.487272263    
   2652.51880      0.436906308    
   2666.66675      0.414071292    
   2680.81470      0.393248081    
   2710.92920      0.350501001    
   2750.00000      0.297089458    
   2789.07080      0.245449334    
   2819.18530      0.206805557    
   2833.33350      0.189079493    
   2847.48145      0.172346354    
   2877.59595      0.137463287    
   2916.66675       9.30580273E-02
   2955.73755       4.92378138E-02
   2985.85205       1.57100558E-02
   3000.00000       8.88075010E-06
