   0.00000000       9.99995708    
   42.4440269       9.86266041    
   132.787796       9.57078266    
   250.000000       9.19374752    
   367.212189       8.81970119    
   457.555969       8.53472710    
   500.000000       8.40258121    
   542.444031       8.27540112    
   632.787781       8.00919914    
   750.000000       7.67108107    
   867.212219       7.34126759    
   957.555969       7.09425449    
   1000.00000       6.98151064    
   1042.44397       6.87761068    
   1132.78784       6.66402531    
   1250.00000       6.39820337    
   1367.21216       6.14421749    
   1457.55603       5.95798349    
   1500.00000       5.87466335    
   1514.14795       5.79252672    
   1544.26257       5.50747824    
   1583.33337       5.18415976    
   1622.40405       4.84746265    
   1652.51868       4.60393953    
   1666.66663       4.48905849    
   1680.81470       4.38188744    
   1710.92932       4.15923023    
   1750.00000       3.87816167    
   1789.07080       3.60487986    
   1819.18530       3.40023971    
   1833.33337       3.30664873    
   1847.48132       3.21958184    
   1877.59595       3.03963113    
   1916.66663       2.81374955    
   1955.73743       2.59530401    
   1985.85205       2.43256259    
   2000.00000       2.35846996    
   2014.14807       2.29037786    
   2044.26257       2.15034795    
   2083.33325       1.97552299    
   2122.40405       1.80730975    
   2152.51880       1.68258512    
   2166.66675       1.62603474    
   2180.81470       1.57463872    
   2210.92920       1.46942592    
   2250.00000       1.33870375    
   2289.07080       1.21347797    
   2319.18530       1.12099171    
   2333.33325       1.07919550    
   2347.48145       1.04153395    
   2377.59595      0.964702249    
   2416.66675      0.869568527    
   2455.73755      0.778684795    
   2485.85205      0.711695492    
   2500.00000      0.681460142    
   2514.14795      0.654284179    
   2544.26270      0.598879933    
   2583.33325      0.530274451    
   2622.40405      0.464654028    
   2652.51880      0.416163981    
   2666.66675      0.394206136    
   2680.81470      0.374249071    
   2710.92920      0.333336383    
   2750.00000      0.282292038    
   2789.07080      0.233006895    
   2819.18530      0.196169600    
   2833.33350      0.179288775    
   2847.48145      0.163392633    
   2877.59595      0.130284905    
   2916.66675       8.81756097E-02
   2955.73755       4.66462113E-02
   2985.85205       1.48819340E-02
   3000.00000       8.41251131E-06
