   0.00000000       9.99995518    
   42.4440269       9.85773182    
   132.787796       9.55539703    
   250.000000       9.16491508    
   367.212189       8.77763557    
   457.555969       8.48270226    
   500.000000       8.34600163    
   542.444031       8.21462345    
   632.787781       7.93980598    
   750.000000       7.59102345    
   867.212219       7.25112820    
   957.555969       6.99684381    
   1000.00000       6.88091183    
   1042.44397       6.77442932    
   1132.78784       6.55586290    
   1250.00000       6.28433561    
   1367.21216       6.02542448    
   1457.55603       5.83601093    
   1500.00000       5.75146246    
   1514.14795       5.66851234    
   1544.26257       5.38082886    
   1583.33337       5.05494738    
   1622.40405       4.71589947    
   1652.51868       4.47099638    
   1666.66663       4.35557079    
   1680.81470       4.24821091    
   1710.92932       4.02542925    
   1750.00000       3.74458361    
   1789.07080       3.47188783    
   1819.18530       3.26796389    
   1833.33337       3.17481709    
   1847.48132       3.08846164    
   1877.59595       2.91023874    
   1916.66663       2.68688607    
   1955.73743       2.47123122    
   1985.85205       2.31082439    
   2000.00000       2.23790050    
   2014.14807       2.17115283    
   2044.26257       2.03412223    
   2083.33325       1.86336684    
   2122.40405       1.69937766    
   2152.51880       1.57801044    
   2166.66675       1.52307522    
   2180.81470       1.47338271    
   2210.92920       1.37186253    
   2250.00000       1.24601185    
   2289.07080       1.12571990    
   2319.18530       1.03707111    
   2333.33325      0.997088313    
   2347.48145      0.961261332    
   2377.59595      0.888347864    
   2416.66675      0.798307478    
   2455.73755      0.712515771    
   2485.85205      0.649442375    
   2500.00000      0.621040821    
   2514.14795      0.595679939    
   2544.26270      0.544121981    
   2583.33325      0.480478525    
   2622.40405      0.419788480    
   2652.51880      0.375072032    
   2666.66675      0.354875267    
   2680.81470      0.336648405    
   2710.92920      0.299393386    
   2750.00000      0.253059655    
   2789.07080      0.208452716    
   2819.18530      0.175198451    
   2833.33350      0.159992039    
   2847.48145      0.145749018    
   2877.59595      0.116144016    
   2916.66675       7.85603300E-02
   2955.73755       4.15433683E-02
   2985.85205       1.32515179E-02
   3000.00000       7.49064884E-06
