   0.00000000       9.99995613    
   42.4440269       9.86023903    
   132.787796       9.56322384    
   250.000000       9.17958260    
   367.212189       8.79903412    
   457.555969       8.50916576    
   500.000000       8.37478065    
   542.444031       8.24553680    
   632.787781       7.97509623    
   750.000000       7.63173056    
   867.212219       7.29695368    
   957.555969       7.04635954    
   1000.00000       6.93204498    
   1042.44397       6.82686996    
   1132.78784       6.61082315    
   1250.00000       6.34217834    
   1367.21216       6.08575106    
   1457.55603       5.89793730    
   1500.00000       5.81400490    
   1514.14795       5.73145866    
   1544.26257       5.44507933    
   1583.33337       5.12045956    
   1622.40405       4.78256273    
   1652.51868       4.53832865    
   1666.66663       4.42316389    
   1680.81470       4.31588459    
   1710.92932       4.09313393    
   1750.00000       3.81213379    
   1789.07080       3.53909945    
   1819.18530       3.33478117    
   1833.33337       3.24139452    
   1847.48132       3.15466475    
   1877.59595       2.97553754    
   1916.66663       2.75086689    
   1955.73743       2.53376293    
   1985.85205       2.37214732    
   2000.00000       2.29861951    
   2014.14807       2.23118067    
   2044.26257       2.09261012    
   2083.33325       1.91976881    
   2122.40405       1.75361729    
   2152.51880       1.63053370    
   2166.66675       1.57477367    
   2180.81470       1.52421367    
   2210.92920       1.42081475    
   2250.00000       1.29248822    
   2289.07080       1.16969121    
   2319.18530       1.07909596    
   2333.33325       1.03819418    
   2347.48145       1.00143957    
   2377.59595      0.926546514    
   2416.66675      0.833935201    
   2455.73755      0.745575607    
   2485.85205      0.680529118    
   2500.00000      0.651204288    
   2514.14795      0.624931514    
   2544.26270      0.571442544    
   2583.33325      0.505310118    
   2622.40405      0.442148894    
   2652.51880      0.395542592    
   2666.66675      0.374464422    
   2680.81470      0.355373144    
   2710.92920      0.316291898    
   2750.00000      0.267607838    
   2789.07080      0.220668152    
   2819.18530      0.185628206    
   2833.33350      0.169587687    
   2847.48145      0.154522017    
   2877.59595      0.123174563    
   2916.66675       8.33403692E-02
   2955.73755       4.40799706E-02
   2985.85205       1.40619650E-02
   3000.00000       7.94888547E-06
