   0.00000000       9.99995995    
   42.4440269       9.87360573    
   132.787796       9.60495377    
   250.000000       9.25779915    
   367.212189       8.91317272    
   457.555969       8.65036297    
   500.000000       8.52836323    
   542.444031       8.41057014    
   632.787781       8.16366005    
   750.000000       7.84947300    
   867.212219       7.54234219    
   957.555969       7.31173849    
   1000.00000       7.20621490    
   1042.44397       7.10823011    
   1132.78784       6.90612745    
   1250.00000       6.65356779    
   1367.21216       6.41115475    
   1457.55603       6.23250246    
   1500.00000       6.15216541    
   1514.14795       6.07213593    
   1544.26257       5.79399776    
   1583.33337       5.47761631    
   1622.40405       5.14746380    
   1652.51868       4.90798759    
   1666.66663       4.79478455    
   1680.81470       4.68848991    
   1710.92932       4.46706772    
   1750.00000       4.18672991    
   1789.07080       3.91334510    
   1819.18530       3.70801258    
   1833.33337       3.61384463    
   1847.48132       3.52557206    
   1877.59595       3.34254885    
   1916.66663       3.11199450    
   1955.73743       2.88824034    
   1985.85205       2.72095466    
   2000.00000       2.64454603    
   2014.14807       2.57369351    
   2044.26257       2.42743659    
   2083.33325       2.24406743    
   2122.40405       2.06689525    
   2152.51880       1.93498278    
   2166.66675       1.87494659    
   2180.81470       1.81980419    
   2210.92920       1.70641541    
   2250.00000       1.56482911    
   2289.07080       1.42852437    
   2319.18530       1.32736301    
   2333.33325       1.28144240    
   2347.48145       1.23954582    
   2377.59595       1.15361834    
   2416.66675       1.04658866    
   2455.73755      0.943741322    
   2485.85205      0.867497861    
   2500.00000      0.832906485    
   2514.14795      0.801361561    
   2544.26270      0.736652434    
   2583.33325      0.655977190    
   2622.40405      0.578301787    
   2652.51880      0.520539463    
   2666.66675      0.494235873    
   2680.81470      0.469962507    
   2710.92920      0.419887841    
   2750.00000      0.356993794    
   2789.07080      0.295895875    
   2819.18530      0.249981046    
   2833.33350      0.228846669    
   2847.48145      0.208724141    
   2877.59595      0.166640922    
   2916.66675      0.112911336    
   2955.73755       5.97789064E-02
   2985.85205       1.90787874E-02
   3000.00000       1.07855476E-05
