   0.00000000       9.99995899    
   42.4440269       9.86944580    
   132.787796       9.59196663    
   250.000000       9.23345375    
   367.212189       8.87764072    
   457.555969       8.60639954    
   500.000000       8.48053932    
   542.444031       8.35916805    
   632.787781       8.10490036    
   750.000000       7.78157711    
   867.212219       7.46577740    
   957.555969       7.22889423    
   1000.00000       7.12060356    
   1042.44397       7.02034092    
   1132.78784       6.81380463    
   1250.00000       6.55610704    
   1367.21216       6.30919027    
   1457.55603       6.12757015    
   1500.00000       6.04605675    
   1514.14795       5.96517706    
   1544.26257       5.68423605    
   1583.33337       5.36501074    
   1622.40405       5.03215027    
   1652.51868       4.79097223    
   1666.66663       4.67705297    
   1680.81470       4.57034922    
   1710.92932       4.34829664    
   1750.00000       4.06747580    
   1789.07080       3.79392910    
   1819.18530       3.58870864    
   1833.33337       3.49469113    
   1847.48132       3.40681362    
   1877.59595       3.22482848    
   1916.66663       2.99589014    
   1955.73743       2.77400208    
   1985.85205       2.60833430    
   2000.00000       2.53275800    
   2014.14807       2.46291590    
   2044.26257       2.31895041    
   2083.33325       2.13874245    
   2122.40405       1.96490085    
   2152.51880       1.83567250    
   2166.66675       1.77694285    
   2180.81470       1.72321677    
   2210.92920       1.61292863    
   2250.00000       1.47547519    
   2289.07080       1.34339809    
   2319.18530       1.24555683    
   2333.33325       1.20121884    
   2347.48145       1.16095769    
   2377.59595       1.07855129    
   2416.66675      0.976138532    
   2455.73755      0.877945900    
   2485.85205      0.805311680    
   2500.00000      0.772422910    
   2514.14795      0.742594838    
   2544.26270      0.681549847    
   2583.33325      0.605637908    
   2622.40405      0.532729805    
   2652.51880      0.478641599    
   2666.66675      0.454062939    
   2680.81470      0.431510121    
   2710.92920      0.385093480    
   2750.00000      0.326938301    
   2789.07080      0.270571411    
   2819.18530      0.228296801    
   2833.33350      0.208869934    
   2847.48145      0.190448135    
   2877.59595      0.151979849    
   2916.66675      0.102934033    
   2955.73755       5.44809289E-02
   2985.85205       1.73855759E-02
   3000.00000       9.82813981E-06
