   0.00000000       9.99995995    
   42.4440269       9.87156010    
   132.787796       9.59856701    
   250.000000       9.24582672    
   367.212189       8.89569855    
   457.555969       8.62874126    
   500.000000       8.50484180    
   542.444031       8.38528824    
   632.787781       8.13475513    
   750.000000       7.81606913    
   867.212219       7.50466776    
   957.555969       7.27096939    
   1000.00000       7.16408157    
   1042.44397       7.06497192    
   1132.78784       6.86067820    
   1250.00000       6.60557652    
   1367.21216       6.36093235    
   1457.55603       6.18080711    
   1500.00000       6.09988499    
   1514.14795       6.01942968    
   1544.26257       5.73988533    
   1583.33337       5.42207289    
   1622.40405       5.09055424    
   1652.51868       4.85021591    
   1666.66663       4.73664856    
   1680.81470       4.63014030    
   1710.92932       4.40838337    
   1750.00000       4.12777567    
   1789.07080       3.85427952    
   1819.18530       3.64897847    
   1833.33337       3.55487347    
   1847.48132       3.46678519    
   1877.59595       3.28425217    
   1916.66663       3.05446720    
   1955.73743       2.83160663    
   1985.85205       2.66509938    
   2000.00000       2.58909249    
   2014.14807       2.51873064    
   2044.26257       2.37358856    
   2083.33325       2.19175982    
   2122.40405       2.01621366    
   2152.51880       1.88561344    
   2166.66675       1.82621670    
   2180.81470       1.77176952    
   2210.92920       1.65990412    
   2250.00000       1.52035046    
   2289.07080       1.38612711    
   2319.18530       1.28660178    
   2333.33325       1.24146163    
   2347.48145       1.20037329    
   2377.59595       1.11618721    
   2416.66675       1.01144278    
   2455.73755      0.910901189    
   2485.85205      0.836446941    
   2500.00000      0.802700162    
   2514.14795      0.772008419    
   2544.26270      0.709121168    
   2583.33325      0.630816042    
   2622.40405      0.555514276    
   2652.51880      0.499582350    
   2666.66675      0.474138558    
   2680.81470      0.450723946    
   2710.92920      0.402475983    
   2750.00000      0.341949552    
   2789.07080      0.283216417    
   2819.18530      0.239121854    
   2833.33350      0.218841583    
   2847.48145      0.199570388    
   2877.59595      0.159297198    
   2916.66675      0.107913360    
   2955.73755       5.71248420E-02
   2985.85205       1.82305388E-02
   3000.00000       1.03059137E-05
