   0.00000000       9.99995804    
   42.4440269       9.86725998    
   132.787796       9.58514214    
   250.000000       9.22066212    
   367.212189       8.85897446    
   457.555969       8.58330727    
   500.000000       8.45541954    
   542.444031       8.33217430    
   632.787781       8.07405281    
   750.000000       7.74594927    
   867.212219       7.42561865    
   957.555969       7.18545723    
   1000.00000       7.07572412    
   1042.44397       6.97427893    
   1132.78784       6.76544762    
   1250.00000       6.50509834    
   1367.21216       6.25586748    
   1457.55603       6.07273102    
   1500.00000       5.99062014    
   1514.14795       5.90931845    
   1544.26257       5.62699223    
   1583.33337       5.30637550    
   1622.40405       4.97220182    
   1652.51868       4.73021078    
   1666.66663       4.61595392    
   1680.81470       4.50907326    
   1710.92932       4.28676939    
   1750.00000       4.00579691    
   1789.07080       3.73226500    
   1819.18530       3.52717876    
   1833.33337       3.43327451    
   1847.48132       3.34563613    
   1877.59595       3.16426134    
   1916.66663       2.93625188    
   1955.73743       2.71542001    
   1985.85205       2.55065703    
   2000.00000       2.47554207    
   2014.14807       2.40625024    
   2044.26257       2.26352668    
   2083.33325       2.08502316    
   2122.40405       1.91296923    
   2152.51880       1.78517544    
   2166.66675       1.72714174    
   2180.81470       1.67416382    
   2210.92920       1.56550860    
   2250.00000       1.43022549    
   2289.07080       1.30036199    
   2319.18530       1.20425427    
   2333.33325       1.16074049    
   2347.48145       1.12132597    
   2377.59595       1.04073811    
   2416.66675      0.940704048    
   2455.73755      0.844903946    
   2485.85205      0.774120569    
   2500.00000      0.742103100    
   2514.14795      0.713149130    
   2544.26270      0.653965950    
   2583.33325      0.580469191    
   2622.40405      0.509973586    
   2652.51880      0.457741141    
   2666.66675      0.434032261    
   2680.81470      0.412343532    
   2710.92920      0.367761135    
   2750.00000      0.311978430    
   2789.07080      0.257976770    
   2819.18530      0.217519805    
   2833.33350      0.198944673    
   2847.48145      0.181369275    
   2877.59595      0.144698486    
   2916.66675       9.79799405E-02
   2955.73755       5.18506877E-02
   2985.85205       1.65450182E-02
   3000.00000       9.35286153E-06
