   0.00000000       9.99996090    
   42.4440269       9.87558556    
   132.787796       9.61113644    
   250.000000       9.26938915    
   367.212189       8.93008995    
   457.555969       8.67129612    
   500.000000       8.55113697    
   542.444031       8.43505192    
   632.787781       8.19165516    
   750.000000       7.88183451    
   867.212219       7.57885075    
   957.555969       7.35125542    
   1000.00000       7.24705887    
   1042.44397       7.15017176    
   1132.78784       6.95020962    
   1250.00000       6.70013905    
   1367.21216       6.45991611    
   1457.55603       6.28271484    
   1500.00000       6.20295620    
   1514.14795       6.12335348    
   1544.26257       5.84662724    
   1583.33337       5.53169155    
   1622.40405       5.20292568    
   1652.51868       4.96433210    
   1666.66663       4.85150480    
   1680.81470       4.74543905    
   1710.92932       4.52438879    
   1750.00000       4.24437237    
   1789.07080       3.97115445    
   1819.18530       3.76583576    
   1833.33337       3.67162704    
   1847.48132       3.58319473    
   1877.59595       3.39973569    
   1916.66663       3.16848445    
   1955.73743       2.94391012    
   1985.85205       2.77590370    
   2000.00000       2.69912076    
   2014.14807       2.62780523    
   2044.26257       2.48049212    
   2083.33325       2.29565787    
   2122.40405       2.11693478    
   2152.51880       1.98376727    
   2166.66675       1.92311788    
   2180.81470       1.86730504    
   2210.92920       1.75244486    
   2250.00000       1.60889089    
   2289.07080       1.47056770    
   2319.18530       1.36781681    
   2333.33325       1.32113671    
   2347.48145       1.27845049    
   2377.59595       1.19081903    
   2416.66675       1.08155000    
   2455.73755      0.976439774    
   2485.85205      0.898437798    
   2500.00000      0.863015234    
   2514.14795      0.830627978    
   2544.26270      0.764117837    
   2583.33325      0.681096673    
   2622.40405      0.601068974    
   2652.51880      0.541490555    
   2666.66675      0.514332950    
   2680.81470      0.489204586    
   2710.92920      0.437309444    
   2750.00000      0.372053593    
   2789.07080      0.308594704    
   2819.18530      0.260861188    
   2833.33350      0.238872975    
   2847.48145      0.217898116    
   2877.59595      0.174001947    
   2916.66675      0.117921740    
   2955.73755       6.24398068E-02
   2985.85205       1.99292544E-02
   3000.00000       1.12664402E-05
