   0.00000000       9.99996281    
   42.4440269       9.88115883    
   132.787796       9.62853909    
   250.000000       9.30201817    
   367.212189       8.97772217    
   457.555969       8.73024750    
   500.000000       8.61527729    
   542.444031       8.50401306    
   632.787781       8.27054882    
   750.000000       7.97308207    
   867.212219       7.68184662    
   957.555969       7.46278572    
   1000.00000       7.36236048    
   1042.44397       7.26860952    
   1132.78784       7.07478142    
   1250.00000       6.83186960    
   1367.21216       6.59797573    
   1457.55603       6.42499304    
   1500.00000       6.34693003    
   1514.14795       6.26860714    
   1544.26257       5.99613285    
   1583.33337       5.68559217    
   1622.40405       5.36107779    
   1652.51868       5.12522745    
   1666.66663       5.01358175    
   1680.81470       4.90828037    
   1710.92932       4.68853140    
   1750.00000       4.40974665    
   1789.07080       4.13731956    
   1819.18530       3.93228173    
   1833.33337       3.83806849    
   1847.48132       3.74928856    
   1877.59595       3.56481171    
   1916.66663       3.33185840    
   1955.73743       3.10522270    
   1985.85205       2.93536615    
   2000.00000       2.85760784    
   2014.14807       2.78505397    
   2044.26257       2.63489366    
   2083.33325       2.44608188    
   2122.40405       2.26312089    
   2152.51880       2.12650347    
   2166.66675       2.06416035    
   2180.81470       2.00647616    
   2210.92920       1.88749218    
   2250.00000       1.73840308    
   2289.07080       1.59438074    
   2319.18530       1.48712564    
   2333.33325       1.43828654    
   2347.48145       1.39333880    
   2377.59595       1.30081439    
   2416.66675       1.18509543    
   2455.73755       1.07344902    
   2485.85205      0.990353703    
   2500.00000      0.952517867    
   2514.14795      0.917670190    
   2544.26270      0.845887303    
   2583.33325      0.755981803    
   2622.40405      0.669035256    
   2652.51880      0.604103684    
   2666.66675      0.574424386    
   2680.81470      0.546759427    
   2710.92920      0.489454567    
   2750.00000      0.417168081    
   2789.07080      0.346670270    
   2819.18530      0.293507338    
   2833.33350      0.268967271    
   2847.48145      0.245438680    
   2877.59595      0.196105629    
   2916.66675      0.132970512    
   2955.73755       7.04331174E-02
   2985.85205       2.24842373E-02
   3000.00000       1.27111580E-05
