   0.00000000       9.99996281    
   42.4440269       9.88290310    
   132.787796       9.63398552    
   250.000000       9.31222916    
   367.212189       8.99263191    
   457.555969       8.74870110    
   500.000000       8.63535690    
   542.444031       8.52560711    
   632.787781       8.29526329    
   750.000000       8.00168133    
   867.212219       7.71414518    
   957.555969       7.49777508    
   1000.00000       7.39854097    
   1042.44397       7.30578566    
   1132.78784       7.11391020    
   1250.00000       6.87328482    
   1367.21216       6.64142275    
   1457.55603       6.46980143    
   1500.00000       6.39228964    
   1514.14795       6.31439114    
   1544.26257       6.04333305    
   1583.33337       5.73426867    
   1622.40405       5.41119146    
   1652.51868       5.17628002    
   1666.66663       5.06504202    
   1680.81470       4.96001720    
   1710.92932       4.74075460    
   1750.00000       4.46245670    
   1789.07080       4.19037676    
   1819.18530       3.98550153    
   1833.33337       3.89132118    
   1847.48132       3.80246425    
   1877.59595       3.61773419    
   1916.66663       3.38432956    
   1955.73743       3.15712571    
   1985.85205       2.98674631    
   2000.00000       2.90870762    
   2014.14807       2.83578634    
   2044.26257       2.68477535    
   2083.33325       2.49476504    
   2122.40405       2.31051850    
   2152.51880       2.17284822    
   2166.66675       2.10998583    
   2180.81470       2.05172110    
   2210.92920       1.93145311    
   2250.00000       1.78063416    
   2289.07080       1.63482392    
   2319.18530       1.52615094    
   2333.33325       1.47663009    
   2347.48145       1.43096304    
   2377.59595       1.33687806    
   2416.66675       1.21909606    
   2455.73755       1.10535347    
   2485.85205       1.02062035    
   2500.00000      0.982006669    
   2514.14795      0.946361423    
   2544.26270      0.872865736    
   2583.33325      0.780718863    
   2622.40405      0.691514969    
   2652.51880      0.624833405    
   2666.66675      0.594328284    
   2680.81470      0.565829217    
   2710.92920      0.506742597    
   2750.00000      0.432136774    
   2789.07080      0.359313607    
   2819.18530      0.304354846    
   2833.33350      0.278969884    
   2847.48145      0.254593879    
   2877.59595      0.203455165    
   2916.66675      0.137975335    
   2955.73755       7.30918646E-02
   2985.85205       2.33341344E-02
   3000.00000       1.31917386E-05
