   0.00000000       9.99996376    
   42.4440269       9.88459396    
   132.787796       9.63926601    
   250.000000       9.32213116    
   367.212189       9.00708866    
   457.555969       8.76659775    
   500.000000       8.65483093    
   542.444031       8.54655075    
   632.787781       8.31923771    
   750.000000       8.02943134    
   867.212219       7.74549246    
   957.555969       7.53174162    
   1000.00000       7.43366671    
   1042.44397       7.34188366    
   1132.78784       7.15191698    
   1250.00000       6.91353083    
   1367.21216       6.68366098    
   1457.55603       6.51337910    
   1500.00000       6.43641138    
   1514.14795       6.35893583    
   1544.26257       6.08929062    
   1583.33337       5.78170395    
   1622.40405       5.46007061    
   1652.51868       5.22610569    
   1666.66663       5.11528111    
   1680.81470       5.01054192    
   1710.92932       4.79178762    
   1750.00000       4.51400900    
   1789.07080       4.24231195    
   1819.18530       4.03762913    
   1833.33337       3.94349670    
   1847.48132       3.85457993    
   1877.59595       3.66963482    
   1916.66663       3.43583059    
   1955.73743       3.20811200    
   1985.85205       3.03725171    
   2000.00000       2.95895267    
   2014.14807       2.88568521    
   2044.26257       2.73386765    
   2083.33325       2.54271746    
   2122.40405       2.35724378    
   2152.51880       2.21856523    
   2166.66675       2.15520430    
   2180.81470       2.09637928    
   2210.92920       1.97487009    
   2250.00000       1.82237506    
   2289.07080       1.67482972    
   2319.18530       1.56477833    
   2333.33325       1.51459384    
   2347.48145       1.46822405    
   2377.59595       1.37261236    
   2416.66675       1.25280976    
   2455.73755       1.13701117    
   2485.85205       1.05066955    
   2500.00000       1.01129127    
   2514.14795      0.974859893    
   2544.26270      0.899674296    
   2583.33325      0.805313766    
   2622.40405      0.713878155    
   2652.51880      0.645464957    
   2666.66675      0.614142060    
   2680.81470      0.584815323    
   2710.92920      0.523959458    
   2750.00000      0.447049081    
   2789.07080      0.371913910    
   2819.18530      0.315168619    
   2833.33350      0.288942784    
   2847.48145      0.263722450    
   2877.59595      0.210784107    
   2916.66675      0.142966598    
   2955.73755       7.57435784E-02
   2985.85205       2.41818130E-02
   3000.00000       1.36710660E-05
