   0.00000000       9.99996185    
   42.4440269       9.87750244    
   132.787796       9.61712265    
   250.000000       9.28061199    
   367.212189       8.94647217    
   457.555969       8.69157028    
   500.000000       8.57319450    
   542.444031       8.45876503    
   632.787781       8.21877861    
   750.000000       7.91319609    
   867.212219       7.61424160    
   957.555969       7.38957071    
   1000.00000       7.28666544    
   1042.44397       7.19084930    
   1132.78784       6.99297905    
   1250.00000       6.74534512    
   1367.21216       6.50727177    
   1457.55603       6.33149910    
   1500.00000       6.25231266    
   1514.14795       6.17313671    
   1544.26257       5.89782667    
   1583.33337       5.58434820    
   1622.40405       5.25698614    
   1652.51868       5.01929331    
   1666.66663       4.90685129    
   1680.81470       4.80102825    
   1710.92932       4.58038235    
   1750.00000       4.30073500    
   1789.07080       4.02773523    
   1819.18530       3.82247257    
   1833.33337       3.72824359    
   1847.48132       3.63967443    
   1877.59595       3.45583010    
   1916.66663       3.22394943    
   1955.73743       2.99862456    
   1985.85205       2.82995152    
   2000.00000       2.75281978    
   2014.14807       2.68106723    
   2044.26257       2.53275347    
   2083.33325       2.34652615    
   2122.40405       2.16632366    
   2152.51880       2.03195524    
   2166.66675       1.97071779    
   2180.81470       1.91425848    
   2210.92920       1.79797649    
   2250.00000       1.65251780    
   2289.07080       1.51223683    
   2319.18530       1.40794146    
   2333.33325       1.36052203    
   2347.48145       1.31706440    
   2377.59595       1.22776604    
   2416.66675       1.11630273    
   2455.73755       1.00897205    
   2485.85205      0.929242074    
   2500.00000      0.893001735    
   2514.14795      0.859783173    
   2544.26270      0.791493356    
   2583.33325      0.706151426    
   2622.40405      0.623793721    
   2652.51880      0.562414527    
   2666.66675      0.534409344    
   2680.81470      0.508430302    
   2710.92920      0.454722434    
   2750.00000      0.387112617    
   2789.07080      0.321298748    
   2819.18530      0.271749943    
   2833.33350      0.248908952    
   2847.48145      0.227081746    
   2877.59595      0.181371689    
   2916.66675      0.122938693    
   2955.73755       6.51044101E-02
   2985.85205       2.07809377E-02
   3000.00000       1.17480222E-05
