   0.00000000       9.99996185    
   42.4440269       9.87935925    
   132.787796       9.62292099    
   250.000000       9.29148293    
   367.212189       8.96234322    
   457.555969       8.71121216    
   500.000000       8.59456539    
   542.444031       8.48174191    
   632.787781       8.24506474    
   750.000000       7.94359922    
   867.212219       7.64855909    
   957.555969       7.42673206    
   1000.00000       7.32508373    
   1042.44397       7.23031282    
   1132.78784       7.03448677    
   1250.00000       6.78923845    
   1367.21216       6.55327511    
   1457.55603       6.37890816    
   1500.00000       6.30028725    
   1514.14795       6.22153807    
   1544.26257       5.94764614    
   1583.33337       5.63563347    
   1622.40405       5.30968952    
   1652.51868       5.07291174    
   1666.66663       4.96086407    
   1680.81470       4.85529613    
   1710.92932       4.63508511    
   1750.00000       4.35584927    
   1789.07080       4.08311462    
   1819.18530       3.87794662    
   1833.33337       3.78371668    
   1847.48132       3.69503212    
   1877.59595       3.51084948    
   1916.66663       3.27840304    
   1955.73743       3.05239224    
   1985.85205       2.88310361    
   2000.00000       2.80564713    
   2014.14807       2.73348236    
   2044.26257       2.58422041    
   2083.33325       2.39666843    
   2122.40405       2.21505427    
   2152.51880       2.07953668    
   2166.66675       2.01773500    
   2180.81470       1.96065235    
   2210.92920       1.84299636    
   2250.00000       1.69569337    
   2289.07080       1.55351341    
   2319.18530       1.44771707    
   2333.33325       1.39957821    
   2347.48145       1.35536683    
   2377.59595       1.26443768    
   2416.66675       1.15082479    
   2455.73755       1.04131556    
   2485.85205      0.959887803    
   2500.00000      0.922843039    
   2514.14795      0.888804257    
   2544.26270      0.818756759    
   2583.33325      0.731119812    
   2622.40405      0.646455526    
   2652.51880      0.583291650    
   2666.66675      0.554445803    
   2680.81470      0.527621031    
   2710.92920      0.472109526    
   2750.00000      0.402155578    
   2789.07080      0.333994776    
   2819.18530      0.282635629    
   2833.33350      0.258943766    
   2847.48145      0.236265048    
   2877.59595      0.188742101    
   2916.66675      0.127956674    
   2955.73755       6.77697733E-02
   2985.85205       2.16328949E-02
   3000.00000       1.22297624E-05
