   0.00000000       9.99996567    
   42.4440269       9.88936901    
   132.787796       9.65417862    
   250.000000       9.35009575    
   367.212189       9.04792500    
   457.555969       8.81715393    
   500.000000       8.70985031    
   542.444031       8.60573292    
   632.787781       8.38700962    
   750.000000       8.10791302    
   867.212219       7.83418941    
   957.555969       7.62788391    
   1000.00000       7.53311205    
   1042.44397       7.44410896    
   1132.78784       7.25961494    
   1250.00000       7.02766895    
   1367.21216       6.80355215    
   1457.55603       6.63715696    
   1500.00000       6.56177664    
   1514.14795       6.48555565    
   1544.26257       6.22011328    
   1583.33337       5.91695309    
   1622.40405       5.59966564    
   1652.51868       5.36857510    
   1666.66663       5.25901365    
   1680.81470       5.15517569    
   1710.92932       4.93805552    
   1750.00000       4.66199875    
   1789.07080       4.39163303    
   1819.18530       4.18768406    
   1833.33337       4.09377289    
   1847.48132       4.00476789    
   1877.59595       3.81938171    
   1916.66663       3.58465505    
   1955.73743       3.35567975    
   1985.85205       3.18360448    
   2000.00000       3.10463333    
   2014.14807       3.03044057    
   2044.26257       2.87644911    
   2083.33325       2.68219995    
   2122.40405       2.49336672    
   2152.51880       2.35191154    
   2166.66675       2.28717017    
   2180.81470       2.22677755    
   2210.92920       2.10178232    
   2250.00000       1.94456363    
   2289.07080       1.79211128    
   2319.18530       1.67814875    
   2333.33325       1.62607586    
   2347.48145       1.57769287    
   2377.59595       1.47769821    
   2416.66675       1.35207891    
   2455.73755       1.23034811    
   2485.85205       1.13935506    
   2500.00000       1.09776092    
   2514.14795       1.05904007    
   2544.26270      0.978923976    
   2583.33325      0.878092289    
   2622.40405      0.780121386    
   2652.51880      0.706628501    
   2666.66675      0.672903180    
   2680.81470      0.641136467    
   2710.92920      0.575058222    
   2750.00000      0.491336048    
   2789.07080      0.409359127    
   2819.18530      0.347321779    
   2833.33350      0.318603069    
   2847.48145      0.290874928    
   2877.59595      0.232587755    
   2916.66675      0.157818228    
   2955.73755       8.36347416E-02
   2985.85205       2.67045293E-02
   3000.00000       1.50975729E-05
