   0.00000000       9.99996471    
   42.4440269       9.88623428    
   132.787796       9.64438725    
   250.000000       9.33173466    
   367.212189       9.02111244    
   457.555969       8.78395748    
   500.000000       8.67372322    
   542.444031       8.56687069    
   632.787781       8.34250259    
   750.000000       8.05636597    
   867.212219       7.77592611    
   957.555969       7.56472349    
   1000.00000       7.46777868    
   1042.44397       7.37694454    
   1132.78784       7.18884325    
   1250.00000       6.95264959    
   1367.21216       6.72473431    
   1457.55603       6.55576992    
   1500.00000       6.47933912    
   1514.14795       6.40228415    
   1544.26257       6.13404655    
   1583.33337       5.82793760    
   1622.40405       5.50775194    
   1652.51868       5.27474022    
   1666.66663       5.16433382    
   1680.81470       5.05988836    
   1710.92932       4.84166193    
   1750.00000       4.56443167    
   1789.07080       4.29314995    
   1819.18530       4.08868742    
   1833.33337       3.99461651    
   1847.48132       3.90565562    
   1877.59595       3.72053146    
   1916.66663       3.48637557    
   1955.73743       3.25819230    
   1985.85205       3.08689070    
   2000.00000       3.00835013    
   2014.14807       2.93475604    
   2044.26257       2.78217459    
   2083.33325       2.58993983    
   2122.40405       2.40329432    
   2152.51880       2.26365042    
   2166.66675       2.19981050    
   2180.81470       2.14044476    
   2210.92920       2.01773477    
   2250.00000       1.86361587    
   2289.07080       1.71438634    
   2319.18530       1.60299468    
   2333.33325       1.55216396    
   2347.48145       1.50510752    
   2377.59595       1.40800261    
   2416.66675       1.28622055    
   2455.73755       1.16840577    
   2485.85205       1.08048499    
   2500.00000       1.04035521    
   2514.14795       1.00314915    
   2544.26270      0.926296711    
   2583.33325      0.829750538    
   2622.40405      0.736109555    
   2652.51880      0.665983558    
   2666.66675      0.633851171    
   2680.81470      0.603703678    
   2710.92920      0.541092277    
   2750.00000      0.461893469    
   2789.07080      0.384461105    
   2819.18530      0.325939775    
   2833.33350      0.298877656    
   2847.48145      0.272816807    
   2877.59595      0.218086272    
   2916.66675      0.147940084    
   2955.73755       7.83860087E-02
   2985.85205       2.50265449E-02
   3000.00000       1.41487308E-05
