   0.00000000       9.99996471    
   42.4440269       9.88782501    
   132.787796       9.64935589    
   250.000000       9.34105206    
   367.212189       9.03471851    
   457.555969       8.80080318    
   500.000000       8.69205570    
   542.444031       8.58658981    
   632.787781       8.36508369    
   750.000000       8.08251667    
   867.212219       7.80548048    
   957.555969       7.59675932    
   1000.00000       7.50091505    
   1042.44397       7.41100740    
   1132.78784       7.22473001    
   1250.00000       6.99068260    
   1367.21216       6.76468515    
   1457.55603       6.59701586    
   1500.00000       6.52111387    
   1514.14795       6.44447756    
   1544.26257       6.17764139    
   1583.33337       5.87300873    
   1622.40405       5.55427170    
   1652.51868       5.32221937    
   1666.66663       5.21223354    
   1680.81470       5.10808897    
   1710.92932       4.89040804    
   1750.00000       4.61375237    
   1789.07080       4.34291553    
   1819.18530       4.13869810    
   1833.33337       4.04470158    
   1847.48132       3.95571160    
   1877.59595       3.77044129    
   1916.66663       3.53597879    
   1955.73743       3.30737782    
   1985.85205       3.13567185    
   2000.00000       3.05690765    
   2014.14807       2.98300552    
   2044.26257       2.82970023    
   2083.33325       2.63643312    
   2122.40405       2.44866896    
   2152.51880       2.30809975    
   2166.66675       2.24380016    
   2180.81470       2.18391228    
   2210.92920       2.06004071    
   2250.00000       1.90434778    
   2289.07080       1.75348318    
   2319.18530       1.64078832    
   2333.33325       1.58932829    
   2347.48145       1.54160094    
   2377.59595       1.44303513    
   2416.66675       1.31931460    
   2455.73755       1.19952250    
   2485.85205       1.11005139    
   2500.00000       1.06918299    
   2514.14795       1.03121376    
   2544.26270      0.952717841    
   2583.33325      0.854014516    
   2622.40405      0.758194983    
   2652.51880      0.686375618    
   2666.66675      0.653442323    
   2680.81470      0.622481406    
   2710.92920      0.558128953    
   2750.00000      0.476659119    
   2789.07080      0.396945745    
   2819.18530      0.336660057    
   2833.33350      0.308766812    
   2847.48145      0.281869829    
   2877.59595      0.225355938    
   2916.66675      0.152891845    
   2955.73755       8.10170472E-02
   2985.85205       2.58676596E-02
   3000.00000       1.46243510E-05
