   0.00000000       9.99996567    
   42.4440269       9.89086819    
   132.787796       9.65885925    
   250.000000       9.35887527    
   367.212189       9.06074715    
   457.555969       8.83302975    
   500.000000       8.72712803    
   542.444031       8.62432098    
   632.787781       8.40830421    
   750.000000       8.13258457    
   867.212219       7.86208439    
   957.555969       7.65813160    
   1000.00000       7.56440496    
   1042.44397       7.47628546    
   1132.78784       7.29353476    
   1250.00000       7.06364584    
   1367.21216       6.84137440    
   1457.55603       6.67623091    
   1500.00000       6.60136461    
   1514.14795       6.52555609    
   1544.26257       6.26149940    
   1583.33337       5.95980692    
   1622.40405       5.64396667    
   1652.51868       5.41383982    
   1666.66663       5.30470467    
   1680.81470       5.20117903    
   1710.92932       4.98463345    
   1750.00000       4.70919561    
   1789.07080       4.43932629    
   1819.18530       4.23566580    
   1833.33337       4.14185143    
   1847.48132       4.05284357    
   1877.59595       3.86737061    
   1916.66663       3.63241839    
   1955.73743       3.40310979    
   1985.85205       3.23069763    
   2000.00000       3.15153527    
   2014.14807       3.07706857    
   2044.26257       2.92242718    
   2083.33325       2.72724295    
   2122.40405       2.53738856    
   2152.51880       2.39508367    
   2166.66675       2.32991791    
   2180.81470       2.26903796    
   2210.92920       2.14295483    
   2250.00000       1.98425674    
   2289.07080       1.83026230    
   2319.18530       1.71506691    
   2333.33325       1.66239691    
   2347.48145       1.61337352    
   2377.59595       1.51198089    
   2416.66675       1.38450205    
   2455.73755       1.26087022    
   2485.85205       1.16838348    
   2500.00000       1.12607622    
   2514.14795       1.08661532    
   2544.26270       1.00490248    
   2583.33325      0.901971519    
   2622.40405      0.801876843    
   2652.51880      0.726730645    
   2666.66675      0.692222357    
   2680.81470      0.659657836    
   2710.92920      0.591869950    
   2750.00000      0.505915105    
   2789.07080      0.421693265    
   2819.18530      0.357917875    
   2833.33350      0.328379840    
   2847.48145      0.299826056    
   2877.59595      0.239776820    
   2916.66675      0.162715837    
   2955.73755       8.62372890E-02
   2985.85205       2.75365729E-02
   3000.00000       1.55680682E-05
