   0.00000000       9.99996662    
   42.4440269       9.89232445    
   132.787796       9.66340542    
   250.000000       9.36740017    
   367.212189       9.07319832    
   457.555969       8.84844780    
   500.000000       8.74390888    
   542.444031       8.64237595    
   632.787781       8.42899036    
   750.000000       8.15655613    
   867.212219       7.88919497    
   957.555969       7.68753433    
   1000.00000       7.59482622    
   1042.44397       7.50756979    
   1132.78784       7.32652378    
   1250.00000       7.09864998    
   1367.21216       6.87818766    
   1457.55603       6.71427441    
   1500.00000       6.63991451    
   1514.14795       6.56451511    
   1544.26257       6.30183506    
   1583.33337       6.00160313    
   1622.40405       5.68720675    
   1652.51868       5.45804501    
   1666.66663       5.34933758    
   1680.81470       5.24612808    
   1710.92932       5.03016949    
   1750.00000       4.75536966    
   1789.07080       4.48601818    
   1819.18530       4.28266525    
   1833.33337       4.18895721    
   1847.48132       4.09995794    
   1877.59595       3.91442466    
   1916.66663       3.67928362    
   1955.73743       3.44967985    
   1985.85205       3.27696133    
   2000.00000       3.19762254    
   2014.14807       3.12289739    
   2044.26257       2.96763992    
   2083.33325       2.77156544    
   2122.40405       2.58073545    
   2152.51880       2.43761587    
   2166.66675       2.37204218    
   2180.81470       2.31069136    
   2210.92920       2.18355489    
   2250.00000       2.02342224    
   2289.07080       1.86792982    
   2319.18530       1.75153470    
   2333.33325       1.69828308    
   2347.48145       1.64863372    
   2377.59595       1.54587352    
   2416.66675       1.41657352    
   2455.73755       1.29107797    
   2485.85205       1.19712508    
   2500.00000       1.15411747    
   2514.14795       1.11392784    
   2544.26270       1.03064191    
   2583.33325      0.925640821    
   2622.40405      0.823450387    
   2652.51880      0.746671498    
   2666.66675      0.711389482    
   2680.81470      0.678035378    
   2710.92920      0.608554602    
   2750.00000      0.520387709    
   2789.07080      0.433940679    
   2819.18530      0.368441790    
   2833.33350      0.338091016    
   2847.48145      0.308717549    
   2877.59595      0.246918544    
   2916.66675      0.167581543    
   2955.73755       8.88230056E-02
   2985.85205       2.83632576E-02
   3000.00000       1.60355339E-05
