   0.00000000       9.99996662    
   42.4440269       9.89511108    
   132.787796       9.67211056    
   250.000000       9.38372707    
   367.212189       9.09704590    
   457.555969       8.87798023    
   500.000000       8.77605343    
   542.444031       8.67696476    
   632.787781       8.46863174    
   750.000000       8.20250797    
   867.212219       7.94117832    
   957.555969       7.74392700    
   1000.00000       7.65318012    
   1042.44397       7.56759071    
   1132.78784       7.38984108    
   1250.00000       7.16587114    
   1367.21216       6.94892359    
   1457.55603       6.78740788    
   1500.00000       6.71403837    
   1514.14795       6.63944626    
   1544.26257       6.37948656    
   1583.33337       6.08215284    
   1622.40405       5.77062845    
   1652.51868       5.54339409    
   1666.66663       5.43554401    
   1680.81470       5.33297777    
   1710.92932       5.11822176    
   1750.00000       4.84474659    
   1789.07080       4.57648611    
   1819.18530       4.37379837    
   1833.33337       4.28032827    
   1847.48132       4.19137907    
   1877.59595       4.00579691    
   1916.66663       3.77037764    
   1955.73743       3.54028821    
   1985.85205       3.36704087    
   2000.00000       3.28738976    
   2014.14807       3.21219158    
   2044.26257       3.05579662    
   2083.33325       2.85806704    
   2122.40405       2.66541195    
   2152.51880       2.52076221    
   2166.66675       2.45441890    
   2180.81470       2.39217234    
   2210.92920       2.26302838    
   2250.00000       2.10015368    
   2289.07080       1.94179130    
   2319.18530       1.82309282    
   2333.33325       1.76872230    
   2347.48145       1.71786344    
   2377.59595       1.61245656    
   2416.66675       1.47962594    
   2455.73755       1.35051191    
   2485.85205       1.25370824    
   2500.00000       1.20933712    
   2514.14795       1.16772449    
   2544.26270       1.08136296    
   2583.33325      0.972309768    
   2622.40405      0.866012514    
   2652.51880      0.786031008    
   2666.66675      0.749230027    
   2680.81470      0.714322507    
   2710.92920      0.641508639    
   2750.00000      0.548983216    
   2789.07080      0.458148688    
   2819.18530      0.389249504    
   2833.33350      0.357294500    
   2847.48145      0.326301396    
   2877.59595      0.261043549    
   2916.66675      0.177205980    
   2955.73755       9.39379260E-02
   2985.85205       2.99986079E-02
   3000.00000       1.69602827E-05
