   0.00000000       9.99996662    
   42.4440269       9.89373779    
   132.787796       9.66782093    
   250.000000       9.37568092    
   367.212189       9.08529377    
   457.555969       8.86342621    
   500.000000       8.76021099    
   542.444031       8.65991783    
   632.787781       8.44909286    
   750.000000       8.17985630    
   867.212219       7.91555071    
   957.555969       7.71612310    
   1000.00000       7.62440777    
   1042.44397       7.53799486    
   1132.78784       7.35861540    
   1250.00000       7.13271379    
   1367.21216       6.91402626    
   1457.55603       6.75132227    
   1500.00000       6.67746162    
   1514.14795       6.60246754    
   1544.26257       6.34115314    
   1583.33337       6.04237461    
   1622.40405       5.72941732    
   1652.51868       5.50122023    
   1666.66663       5.39294147    
   1680.81470       5.29005194    
   1710.92932       5.07468987    
   1750.00000       4.80054522    
   1789.07080       4.53173065    
   1819.18530       4.32870245    
   1833.33337       4.23510933    
   1847.48132       4.14613008    
   1877.59595       3.96056128    
   1916.66663       3.72526526    
   1955.73743       3.49540186    
   1985.85205       3.32240582    
   2000.00000       3.24290419    
   2014.14807       3.16793561    
   2044.26257       3.01209426    
   2083.33325       2.81517196    
   2122.40405       2.62340903    
   2152.51880       2.47950840    
   2166.66675       2.41354227    
   2180.81470       2.35173607    
   2210.92920       2.22358012    
   2250.00000       2.06205559    
   2289.07080       1.90510774    
   2319.18530       1.78754532    
   2333.33325       1.73372698    
   2347.48145       1.68346596    
   2377.59595       1.57936800    
   2416.66675       1.44828427    
   2455.73755       1.32096148    
   2485.85205       1.22556973    
   2500.00000       1.18187428    
   2514.14795       1.14096737    
   2544.26270       1.05613184    
   2583.33325      0.949090004    
   2622.40405      0.844831944    
   2652.51880      0.766441226    
   2666.66675      0.730394959    
   2680.81470      0.696259737    
   2710.92920      0.625103474    
   2750.00000      0.534746110    
   2789.07080      0.446094573    
   2819.18530      0.378887504    
   2833.33350      0.347730935    
   2847.48145      0.317544252    
   2877.59595      0.254008740    
   2916.66675      0.172412485    
   2955.73755       9.13903564E-02
   2985.85205       2.91840862E-02
   3000.00000       1.64996909E-05
