   0.00000000       9.99996758    
   42.4440269       9.89774418    
   132.787796       9.68033218    
   250.000000       9.39914799    
   367.212189       9.11957264    
   457.555969       8.90587997    
   500.000000       8.80642223    
   542.444031       8.70964909    
   632.787781       8.50610065    
   750.000000       8.24595928    
   867.212219       7.99035406    
   957.555969       7.79729128    
   1000.00000       7.70840931    
   1042.44397       7.62441111    
   1132.78784       7.44981480    
   1250.00000       7.22958851    
   1367.21216       7.01602077    
   1457.55603       6.85681868    
   1500.00000       6.78440952    
   1514.14795       6.71060896    
   1544.26257       6.45332146    
   1583.33337       6.15884686    
   1622.40405       5.85016537    
   1652.51868       5.62484837    
   1666.66663       5.51785421    
   1680.81470       5.41594172    
   1710.92932       5.20241880    
   1750.00000       4.93031836    
   1789.07080       4.66321182    
   1819.18530       4.46124411    
   1833.33337       4.36804152    
   1847.48132       4.27917862    
   1877.59595       4.09363222    
   1916.66663       3.85805202    
   1955.73743       3.62760115    
   1985.85205       3.45392561    
   2000.00000       3.37401104    
   2014.14807       3.29839230    
   2044.26257       3.14097548    
   2083.33325       2.94174361    
   2122.40405       2.74741936    
   2152.51880       2.60136032    
   2166.66675       2.53430462    
   2180.81470       2.47122025    
   2210.92920       2.34019208    
   2250.00000       2.17473435    
   2289.07080       2.01366067    
   2319.18530       1.89277959    
   2333.33325       1.83734632    
   2347.48145       1.78533208    
   2377.59595       1.67739189    
   2416.66675       1.54117489    
   2455.73755       1.40858328    
   2485.85205       1.30903494    
   2500.00000       1.26334870    
   2514.14795       1.22035861    
   2544.26270       1.13101530    
   2583.33325       1.01802814    
   2622.40405      0.907738388    
   2652.51880      0.824639380    
   2666.66675      0.786358237    
   2680.81470      0.749933064    
   2710.92920      0.673859715    
   2750.00000      0.577067971    
   2789.07080      0.481935263    
   2819.18530      0.409702569    
   2833.33350      0.376173973    
   2847.48145      0.343589991    
   2877.59595      0.274933219    
   2916.66675      0.186671197    
   2955.73755       9.89686325E-02
   2985.85205       3.16070952E-02
   3000.00000       1.78698465E-05
