   0.00000000       9.99996853    
   42.4440269       9.89900589    
   132.787796       9.68427181    
   250.000000       9.40653896    
   367.212189       9.13037109    
   457.555969       8.91925430    
   500.000000       8.82098198    
   542.444031       8.72531891    
   632.787781       8.52406979    
   750.000000       8.26680374    
   867.212219       8.01395035    
   957.555969       7.82290363    
   1000.00000       7.73492002    
   1042.44397       7.65169048    
   1132.78784       7.47861910    
   1250.00000       7.26020622    
   1367.21216       7.04827929    
   1457.55603       6.89020395    
   1500.00000       6.81826305    
   1514.14795       6.74485254    
   1544.26257       6.48888159    
   1583.33337       6.19581985    
   1622.40405       5.88854551    
   1652.51868       5.66418123    
   1666.66663       5.55761385    
   1680.81470       5.45603037    
   1710.92932       5.24313211    
   1750.00000       4.97173405    
   1789.07080       4.70522261    
   1819.18530       4.50363255    
   1833.33337       4.41057301    
   1847.48132       4.32176495    
   1877.59595       4.13626432    
   1916.66663       3.90064263    
   1955.73743       3.67005253    
   1985.85205       3.49619651    
   2000.00000       3.41616654    
   2014.14807       3.34035587    
   2044.26257       3.18246698    
   2083.33325       2.98253679    
   2122.40405       2.78743148    
   2152.51880       2.64070964    
   2166.66675       2.57331753    
   2180.81470       2.50983477    
   2210.92920       2.37790728    
   2250.00000       2.21121454    
   2289.07080       2.04884100    
   2319.18530       1.92691159    
   2333.33325       1.87096691    
   2347.48145       1.81839442    
   2377.59595       1.70922840    
   2416.66675       1.57137048    
   2455.73755       1.43709147    
   2485.85205       1.33620942    
   2500.00000       1.28988349    
   2514.14795       1.24622142    
   2544.26270       1.15542233    
   2583.33325       1.04051244    
   2622.40405      0.928269506    
   2652.51880      0.843644083    
   2666.66675      0.804637671    
   2680.81470      0.767467558    
   2710.92920      0.689793110    
   2750.00000      0.590904415    
   2789.07080      0.493657798    
   2819.18530      0.419784844    
   2833.33350      0.385481626    
   2847.48145      0.352113873    
   2877.59595      0.281781912    
   2916.66675      0.191338673    
   2955.73755      0.101449512    
   2985.85205       3.24003361E-02
   3000.00000       1.83184075E-05
