   0.00000000       9.99996758    
   42.4440269       9.89644623    
   132.787796       9.67627907    
   250.000000       9.39154625    
   367.212189       9.10846901    
   457.555969       8.89212704    
   500.000000       8.79145145    
   542.444031       8.69353580    
   632.787781       8.48762703    
   750.000000       8.22453499    
   867.212219       7.96610451    
   957.555969       7.77097416    
   1000.00000       7.68117142    
   1042.44397       7.59638691    
   1132.78784       7.42023134    
   1250.00000       7.19815302    
   1367.21216       6.98291206    
   1457.55603       6.82256317    
   1500.00000       6.74967766    
   1514.14795       6.67548370    
   1544.26257       6.41686583    
   1583.33337       6.12096739    
   1622.40405       5.81086826    
   1652.51868       5.58459425    
   1666.66663       5.47717285    
   1680.81470       5.37493277    
   1710.92932       5.16078997    
   1750.00000       4.88799667    
   1789.07080       4.62030649    
   1819.18530       4.41797256    
   1833.33337       4.32463264    
   1847.48132       4.23572206    
   1877.59595       4.05014849    
   1916.66663       3.81463504    
   1955.73743       3.58435035    
   1985.85205       3.41087747    
   2000.00000       3.33108878    
   2014.14807       3.25567412    
   2044.26257       3.09875464    
   2083.33325       2.90025568    
   2122.40405       2.70674753    
   2152.51880       2.56137872    
   2166.66675       2.49467230    
   2180.81470       2.43200016    
   2210.92920       2.30189919    
   2250.00000       2.13771367    
   2289.07080       1.97797668    
   2319.18530       1.85817230    
   2333.33325       1.80326355    
   2347.48145       1.75182045    
   2377.59595       1.64513302    
   2416.66675       1.51059163    
   2455.73755       1.37972152    
   2485.85205       1.28153241    
   2500.00000       1.23649776    
   2514.14795       1.19419074    
   2544.26270       1.10632658    
   2583.33325      0.995291650    
   2622.40405      0.886983812    
   2652.51880      0.805432796    
   2666.66675      0.767886877    
   2680.81470      0.732216001    
   2710.92920      0.657762945    
   2750.00000      0.563092470    
   2789.07080      0.470097333    
   2819.18530      0.399522722    
   2833.33350      0.366776943    
   2847.48145      0.334984660    
   2877.59595      0.268019468    
   2916.66675      0.181959629    
   2955.73755       9.64644104E-02
   2985.85205       3.08064055E-02
   3000.00000       1.74170727E-05
