   0.00000000       9.99996948    
   42.4440269       9.90258694    
   132.787796       9.69545937    
   250.000000       9.42752552    
   367.212189       9.16103363    
   457.555969       8.95723629    
   500.000000       8.86233139    
   542.444031       8.76982975    
   632.787781       8.57512474    
   750.000000       8.32604980    
   867.212219       8.08104515    
   957.555969       7.89575100    
   1000.00000       7.81033421    
   1042.44397       7.72930813    
   1132.78784       7.56061506    
   1250.00000       7.34741974    
   1367.21216       7.14022684    
   1457.55603       6.98541069    
   1500.00000       6.91483116    
   1514.14795       6.84256268    
   1544.26257       6.59045839    
   1583.33337       6.30155849    
   1622.40405       5.99844170    
   1652.51868       5.77690172    
   1666.66663       5.67160320    
   1680.81470       5.57101107    
   1710.92932       5.36000538    
   1750.00000       5.09075546    
   1789.07080       4.82608700    
   1819.18530       4.62568331    
   1833.33337       4.53308201    
   1847.48132       4.44447994    
   1877.59595       4.25921059    
   1916.66663       4.02359772    
   1955.73743       3.79273343    
   1985.85205       3.61845326    
   2000.00000       3.53813529    
   2014.14807       3.46181202    
   2044.26257       3.30264926    
   2083.33325       3.10081244    
   2122.40405       2.90355754    
   2152.51880       2.75499988    
   2166.66675       2.68667150    
   2180.81470       2.62206697    
   2210.92920       2.48760247    
   2250.00000       2.31741261    
   2289.07080       2.15134883    
   2319.18530       2.02643466    
   2333.33325       1.96903074    
   2347.48145       1.91485727    
   2377.59595       1.80216980    
   2416.66675       1.65958929    
   2455.73755       1.52044535    
   2485.85205       1.41571236    
   2500.00000       1.36753666    
   2514.14795       1.32192516    
   2544.26270       1.22689736    
   2583.33325       1.10639584    
   2622.40405      0.988466144    
   2652.51880      0.899391711    
   2666.66675      0.858269393    
   2680.81470      0.818921208    
   2710.92920      0.736562252    
   2750.00000      0.631533086    
   2789.07080      0.528092325    
   2819.18530      0.449410200    
   2833.33350      0.412834823    
   2847.48145      0.377165318    
   2877.59595      0.301912248    
   2916.66675      0.205059096    
   2955.73755      0.108742736    
   2985.85205       3.47323604E-02
   3000.00000       1.96371257E-05
