   0.00000000       9.99996853    
   42.4440269       9.90023232    
   132.787796       9.68810463    
   250.000000       9.41372776    
   367.212189       9.14087296    
   457.555969       8.93226337    
   500.000000       8.83514309    
   542.444031       8.74056244    
   632.787781       8.54155159    
   750.000000       8.28708649    
   867.212219       8.03691673    
   957.555969       7.84783554    
   1000.00000       7.76072884    
   1042.44397       7.67825031    
   1132.78784       7.50667095    
   1250.00000       7.29003334    
   1367.21216       7.07971573    
   1457.55603       6.92274666    
   1500.00000       6.85126686    
   1514.14795       6.77824163    
   1544.26257       6.52357388    
   1583.33337       6.23191261    
   1622.40405       5.92603540    
   1652.51868       5.70261860    
   1666.66663       5.59647608    
   1680.81470       5.49522305    
   1710.92932       5.28295279    
   1750.00000       5.01226473    
   1789.07080       4.74635935    
   1819.18530       4.54515648    
   1833.33337       4.45224524    
   1847.48132       4.36349964    
   1877.59595       4.17806101    
   1916.66663       3.94242120    
   1955.73743       3.71171689    
   1985.85205       3.53770089    
   2000.00000       3.45756555    
   2014.14807       3.38157368    
   2044.26257       3.22323775    
   2083.33325       3.02264142    
   2122.40405       2.82678843    
   2152.51880       2.67943001    
   2166.66675       2.61171436    
   2180.81470       2.54784536    
   2210.92920       2.41504645    
   2250.00000       2.24715400    
   2289.07080       2.08351636    
   2319.18530       1.96056592    
   2333.33325       1.90412247    
   2347.48145       1.85100424    
   2377.59595       1.74063885    
   2416.66675       1.60117388    
   2455.73755       1.46524060    
   2485.85205       1.36305022    
   2500.00000       1.31609631    
   2514.14795       1.27177334    
   2544.26270       1.17954171    
   2583.33325       1.06273854    
   2622.40405      0.948571265    
   2652.51880      0.862441123    
   2666.66675      0.822719336    
   2680.81470      0.784813643    
   2710.92920      0.705557764    
   2750.00000      0.604596853    
   2789.07080      0.505260646    
   2819.18530      0.429765761    
   2833.33350      0.394696414    
   2847.48145      0.360552937    
   2877.59595      0.288562894    
   2916.66675      0.195960209    
   2955.73755      0.103906058    
   2985.85205       3.31858136E-02
   3000.00000       1.87625792E-05
