   0.00000000       9.99997044    
   42.4440269       9.90481758    
   132.787796       9.70242691    
   250.000000       9.44059563    
   367.212189       9.18013096    
   457.555969       8.98089600    
   500.000000       8.88809013    
   542.444031       8.79756355    
   632.787781       8.60694695    
   750.000000       8.36299324    
   867.212219       8.12290096    
   957.555969       7.94121170    
   1000.00000       7.85740519    
   1042.44397       7.77776670    
   1132.78784       7.61183691    
   1250.00000       7.40194273    
   1367.21216       7.19775343    
   1457.55603       7.04501343    
   1500.00000       6.97530413    
   1514.14795       6.90377426    
   1544.26257       6.65417385    
   1583.33337       6.36797905    
   1622.40405       6.06757164    
   1652.51868       5.84788132    
   1666.66663       5.74341583    
   1680.81470       5.64348316    
   1710.92932       5.43374681    
   1750.00000       5.16595078    
   1789.07080       4.90254354    
   1819.18530       4.70296478    
   1833.33337       4.61068869    
   1847.48132       4.52225208    
   1877.59595       4.33720350    
   1916.66663       4.10169172    
   1955.73743       3.87074828    
   1985.85205       3.69627094    
   2000.00000       3.61580300    
   2014.14807       3.53918552    
   2044.26257       3.37927890    
   2083.33325       3.17631269    
   2122.40405       2.97777128    
   2152.51880       2.82810473    
   2166.66675       2.75920725    
   2180.81470       2.69391203    
   2210.92920       2.55787945    
   2250.00000       2.38551950    
   2289.07080       2.21715808    
   2319.18530       2.09037971    
   2333.33325       2.03206182    
   2347.48145       1.97687936    
   2377.59595       1.86196840    
   2416.66675       1.71639931    
   2455.73755       1.57417059    
   2485.85205       1.46699107    
   2500.00000       1.41763830    
   2514.14795       1.37078154    
   2544.26270       1.27304888    
   2583.33325       1.14896536    
   2622.40405       1.02738798    
   2652.51880      0.935456276    
   2666.66675      0.892973661    
   2680.81470      0.852221787    
   2710.92920      0.766841054    
   2750.00000      0.657847404    
   2789.07080      0.550404310    
   2819.18530      0.468612731    
   2833.33350      0.430567384    
   2847.48145      0.393406987    
   2877.59595      0.314964980    
   2916.66675      0.213956565    
   2955.73755      0.113472633    
   2985.85205       3.62448059E-02
   3000.00000       2.04923927E-05
