   0.00000000       9.99996948    
   42.4440269       9.90142632    
   132.787796       9.69183254    
   250.000000       9.42072105    
   367.212189       9.15109062    
   457.555969       8.94491959    
   500.000000       8.84892178    
   542.444031       8.75539494    
   632.787781       8.55856514    
   750.000000       8.30682945    
   867.212219       8.05927563    
   957.555969       7.87211084    
   1000.00000       7.78585911    
   1042.44397       7.70411539    
   1132.78784       7.53399467    
   1250.00000       7.31909657    
   1367.21216       7.11035633    
   1457.55603       6.95447350    
   1500.00000       6.88344765    
   1514.14795       6.81080294    
   1544.26257       6.55742455    
   1583.33337       6.26715040    
   1622.40405       5.96265936    
   1652.51868       5.74018431    
   1666.66663       5.63446522    
   1680.81470       5.53354216    
   1710.92932       5.32190323    
   1750.00000       5.05193186    
   1789.07080       4.78664112    
   1819.18530       4.58583403    
   1833.33337       4.49307585    
   1847.48132       4.40439892    
   1877.59595       4.21903801    
   1916.66663       3.98340178    
   1955.73743       3.75260639    
   1985.85205       3.57844949    
   2000.00000       3.49821854    
   2014.14807       3.42205572    
   2044.26257       3.26329565    
   2083.33325       3.06206441    
   2122.40405       2.86549544    
   2152.51880       2.71752548    
   2166.66675       2.64949775    
   2180.81470       2.58525491    
   2210.92920       2.45161057    
   2250.00000       2.28255296    
   2289.07080       2.11768579    
   2319.18530       1.99374056    
   2333.33325       1.93681097    
   2347.48145       1.88315904    
   2377.59595       1.77162015    
   2416.66675       1.63058114    
   2455.73755       1.49302649    
   2485.85205       1.38955259    
   2500.00000       1.34198213    
   2514.14795       1.29700935    
   2544.26270       1.20336819    
   2583.33325       1.08470130    
   2622.40405      0.968638361    
   2652.51880      0.881025195    
   2666.66675      0.840598106    
   2680.81470      0.801966369    
   2710.92920      0.721148908    
   2750.00000      0.618141055    
   2789.07080      0.516739964    
   2819.18530      0.439641893    
   2833.33350      0.403815091    
   2847.48145      0.368904322    
   2877.59595      0.295273721    
   2916.66675      0.200534180    
   2955.73755      0.106337398    
   2985.85205       3.39632370E-02
   3000.00000       1.92021998E-05
