   0.00000000       9.99996948    
   42.4440269       9.90371799    
   132.787796       9.69898987    
   250.000000       9.43414879    
   367.212189       9.17071056    
   457.555969       8.96922493    
   500.000000       8.87538338    
   542.444031       8.78388214    
   632.787781       8.59124756    
   750.000000       8.34476566    
   867.212219       8.10224819    
   957.555969       7.91877794    
   1000.00000       7.83417606    
   1042.44397       7.75385141    
   1132.78784       7.58655548    
   1250.00000       7.37502766    
   1367.21216       7.16935110    
   1457.55603       7.01558256    
   1500.00000       6.94544220    
   1514.14795       6.87354517    
   1544.26257       6.62270069    
   1583.33337       6.33516026    
   1622.40405       6.03340483    
   1652.51868       5.81279373    
   1666.66663       5.70791292    
   1680.81470       5.60765076    
   1710.92932       5.39727974    
   1750.00000       5.12875557    
   1789.07080       4.86471510    
   1819.18530       4.66472101    
   1833.33337       4.57228088    
   1847.48132       4.48375893    
   1877.59595       4.29859400    
   1916.66663       4.06302357    
   1955.73743       3.83210993    
   1985.85205       3.65772343    
   2000.00000       3.57732677    
   2014.14807       3.50085187    
   2044.26257       3.34130740    
   2083.33325       3.13889265    
   2122.40405       2.94098091    
   2152.51880       2.79185796    
   2166.66675       2.72323990    
   2180.81470       2.65828466    
   2210.92920       2.52302432    
   2250.00000       2.35173416    
   2289.07080       2.18450594    
   2319.18530       2.05864763    
   2333.33325       2.00078106    
   2347.48145       1.94609749    
   2377.59595       1.83228624    
   2416.66675       1.68819594    
   2455.73755       1.54749417    
   2485.85205       1.44152617    
   2500.00000       1.39275646    
   2514.14795       1.34651685    
   2544.26270       1.25012541    
   2583.33325       1.12781835    
   2622.40405       1.00805044    
   2652.51880      0.917536557    
   2666.66675      0.875729084    
   2680.81470      0.835674167    
   2710.92920      0.751794040    
   2750.00000      0.644769549    
   2789.07080      0.539314687    
   2819.18530      0.459067941    
   2833.33350      0.421752989    
   2847.48145      0.385333568    
   2877.59595      0.308476567    
   2916.66675      0.209533602    
   2955.73755      0.111121356    
   2985.85205       3.54929529E-02
   3000.00000       2.00672275E-05
