   0.00000000       9.99997044    
   42.4440269       9.90693283    
   132.787796       9.70903111    
   250.000000       9.45298767    
   367.212189       9.19823837    
   457.555969       9.00333118    
   500.000000       8.91251755    
   542.444031       8.82386589    
   632.787781       8.63713455    
   750.000000       8.39805126    
   867.212219       8.16263294    
   957.555969       7.98437691    
   1000.00000       7.90210581    
   1042.44397       7.82379389    
   1132.78784       7.66050959    
   1250.00000       7.45378160    
   1367.21216       7.25247955    
   1457.55603       7.10174036    
   1500.00000       7.03287268    
   1514.14795       6.96206188    
   1544.26257       6.71490335    
   1583.33337       6.43135357    
   1622.40405       6.13360119    
   1652.51868       5.91572762    
   1666.66663       5.81208324    
   1680.81470       5.71280622    
   1710.92932       5.50433779    
   1750.00000       5.23800182    
   1789.07080       4.97587252    
   1819.18530       4.77713728    
   1833.33337       4.68519735    
   1847.48132       4.59694386    
   1877.59595       4.41215897    
   1916.66663       4.17681170    
   1955.73743       3.94585824    
   1985.85205       3.77124143    
   2000.00000       3.69065285    
   2014.14807       3.61377430    
   2044.26257       3.45319772    
   2083.33325       3.24920249    
   2122.40405       3.04947829    
   2152.51880       2.89878559    
   2166.66675       2.82935858    
   2180.81470       2.76341438    
   2210.92920       2.62590361    
   2250.00000       2.45149255    
   2289.07080       2.28095317    
   2319.18530       2.15240359    
   2333.33325       2.09321547    
   2347.48145       2.03706837    
   2377.59595       1.92002761    
   2416.66675       1.77159166    
   2455.73755       1.62639940    
   2485.85205       1.51686621    
   2500.00000       1.46637976    
   2514.14795       1.41832006    
   2544.26270       1.31797218    
   2583.33325       1.19042182    
   2622.40405       1.06531072    
   2652.51880      0.970608532    
   2666.66675      0.926806033    
   2680.81470      0.884689569    
   2710.92920      0.796369553    
   2750.00000      0.683517218    
   2789.07080      0.572176456    
   2819.18530      0.487355173    
   2833.33350      0.447877079    
   2847.48145      0.409262180    
   2877.59595      0.327708244    
   2916.66675      0.222643748    
   2955.73755      0.118090987    
   2985.85205       3.77216227E-02
   3000.00000       2.13275143E-05
