   0.00000000       9.99997044    
   42.4440269       9.90588951    
   132.787796       9.70577240    
   250.000000       9.44687366    
   367.212189       9.18930435    
   457.555969       8.99226189    
   500.000000       8.90046501    
   542.444031       8.81088829    
   632.787781       8.62223816    
   750.000000       8.38074970    
   867.212219       8.14302349    
   957.555969       7.96307182    
   1000.00000       7.88004208    
   1042.44397       7.80107450    
   1132.78784       7.63648176    
   1250.00000       7.42818737    
   1367.21216       7.22545576    
   1457.55603       7.07372522    
   1500.00000       7.00444078    
   1514.14795       6.93327236    
   1544.26257       6.68490124    
   1583.33337       6.40003633    
   1622.40405       6.10096359    
   1652.51868       5.88218594    
   1666.66663       5.77813244    
   1680.81470       5.67852831    
   1710.92932       5.46942663    
   1750.00000       5.20236015    
   1789.07080       4.93959045    
   1819.18530       4.74043179    
   1833.33337       4.64832258    
   1847.48132       4.55997562    
   1877.59595       4.37505388    
   1916.66663       4.13961697    
   1955.73743       3.90866041    
   1985.85205       3.73410654    
   2000.00000       3.65357494    
   2014.14807       3.57682300    
   2044.26257       3.41657257    
   2083.33325       3.21308017    
   2122.40405       3.01393485    
   2152.51880       2.86374545    
   2166.66675       2.79457855    
   2180.81470       2.72895384    
   2210.92920       2.59217119    
   2250.00000       2.41877151    
   2289.07080       2.24930668    
   2319.18530       2.12163115    
   2333.33325       2.06287289    
   2347.48145       2.00720286    
   2377.59595       1.89121544    
   2416.66675       1.74419808    
   2455.73755       1.60047269    
   2485.85205       1.49210501    
   2500.00000       1.44218004    
   2514.14795       1.39471662    
   2544.26270       1.29566514    
   2583.33325       1.16983402    
   2622.40405       1.04647553    
   2652.51880      0.953147769    
   2666.66675      0.910000205    
   2680.81470      0.868561149    
   2710.92920      0.781700313    
   2750.00000      0.670764089    
   2789.07080      0.561358929    
   2819.18530      0.478042394    
   2833.33350      0.439275980    
   2847.48145      0.401383728    
   2877.59595      0.321375996    
   2916.66675      0.218326911    
   2955.73755      0.115796000    
   2985.85205       3.69877517E-02
   3000.00000       2.09125174E-05
