   0.00000000       9.99997139    
   42.4440269       9.90893841    
   132.787796       9.71529770    
   250.000000       9.46474457    
   367.212189       9.21542072    
   457.555969       9.02462196    
   500.000000       8.93570042    
   542.444031       8.84883118    
   632.787781       8.66579437    
   750.000000       8.43134499    
   867.212219       8.20037746    
   957.555969       8.02539253    
   1000.00000       7.94458580    
   1042.44397       7.86754274    
   1132.78784       7.70679188    
   1250.00000       7.50310135    
   1367.21216       7.30457449    
   1457.55603       7.15576267    
   1500.00000       7.08770847    
   1514.14795       7.01759768    
   1544.26257       6.77281761    
   1583.33337       6.49184942    
   1622.40405       6.19669342    
   1652.51868       5.98060179    
   1666.66663       5.87776375    
   1680.81470       5.77913666    
   1710.92932       5.57192802    
   1750.00000       5.30705261    
   1789.07080       5.04620838    
   1819.18530       4.84832907    
   1833.33337       4.75673389    
   1847.48132       4.66867828    
   1877.59595       4.48419285    
   1916.66663       4.24906301    
   1955.73743       4.01815891    
   1985.85205       3.84345269    
   2000.00000       3.76276875    
   2014.14807       3.68565869    
   2044.26257       3.52447844    
   2083.33325       3.31954455    
   2122.40405       3.11873150    
   2152.51880       2.96708798    
   2166.66675       2.89716744    
   2180.81470       2.83061290    
   2210.92920       2.69170761    
   2250.00000       2.51535583    
   2289.07080       2.34275079    
   2319.18530       2.21251678    
   2333.33325       2.15250015    
   2347.48145       2.09543014    
   2377.59595       1.97634923    
   2416.66675       1.82516289    
   2455.73755       1.67712355    
   2485.85205       1.56532645    
   2500.00000       1.51374817    
   2514.14795       1.46452725    
   2544.26270       1.36165202    
   2583.33325       1.23074830    
   2622.40405       1.10221601    
   2652.51880       1.00482965    
   2666.66675      0.959747374    
   2680.81470      0.916305840    
   2710.92920      0.825129688    
   2750.00000      0.708525717    
   2789.07080      0.593393445    
   2819.18530      0.505623817    
   2833.33350      0.464750886    
   2847.48145      0.424718916    
   2877.59595      0.340132207    
   2916.66675      0.231113881    
   2955.73755      0.122594163    
   2985.85205       3.91616449E-02
   3000.00000       2.21418304E-05
