   0.00000000       9.99997139    
   42.4440269       9.90990353    
   132.787796       9.71831036    
   250.000000       9.47039795    
   367.212189       9.22368431    
   457.555969       9.03486156    
   500.000000       8.94684982    
   542.444031       8.86083889    
   632.787781       8.67958260    
   750.000000       8.44736481    
   867.212219       8.21854401    
   957.555969       8.04513741    
   1000.00000       7.96503687    
   1042.44397       7.88860750    
   1132.78784       7.72908306    
   1250.00000       7.52686405    
   1367.21216       7.32968426    
   1457.55603       7.18180990    
   1500.00000       7.11415195    
   1514.14795       7.04438305    
   1544.26257       6.80076790    
   1583.33337       6.52106667    
   1622.40405       6.22718620    
   1652.51868       6.01197147    
   1666.66663       5.90953064    
   1680.81470       5.81122541    
   1710.92932       5.60464287    
   1750.00000       5.34049511    
   1789.07080       5.08029461    
   1819.18530       4.88284588    
   1833.33337       4.79142523    
   1847.48132       4.70347309    
   1877.59595       4.51914883    
   1916.66663       4.28414488    
   1955.73743       4.05328512    
   1985.85205       3.87855077    
   2000.00000       3.79782748    
   2014.14807       3.72061205    
   2044.26257       3.55915236    
   2083.33325       3.35378051    
   2122.40405       3.15245557    
   2152.51880       3.00036240    
   2166.66675       2.93020797    
   2180.81470       2.86336160    
   2210.92920       2.72378850    
   2250.00000       2.54650521    
   2289.07080       2.37290716    
   2319.18530       2.24186230    
   2333.33325       2.18144584    
   2347.48145       2.12392950    
   2377.59595       2.00386095    
   2416.66675       1.85134149    
   2455.73755       1.70192099    
   2485.85205       1.58902442    
   2500.00000       1.53691566    
   2514.14795       1.48712933    
   2544.26270       1.38302290    
   2583.33325       1.25048447    
   2622.40405       1.12028348    
   2652.51880       1.02158689    
   2666.66675      0.975879788    
   2680.81470      0.931790471    
   2710.92920      0.839217544    
   2750.00000      0.720778167    
   2789.07080      0.603790343    
   2819.18530      0.514577210    
   2833.33350      0.473021328    
   2847.48145      0.432295054    
   2877.59595      0.346222162    
   2916.66675      0.235265940    
   2955.73755      0.124801703    
   2985.85205       3.98675762E-02
   3000.00000       2.25410295E-05
