   0.00000000       9.99997139    
   42.4440269       9.90794849    
   132.787796       9.71220493    
   250.000000       9.45894241    
   367.212189       9.20694160    
   457.555969       9.01411533    
   500.000000       8.92425919    
   542.444031       8.83651066    
   632.787781       8.65164948    
   750.000000       8.41491127    
   867.212219       8.18174553    
   957.555969       8.00514507    
   1000.00000       7.92361450    
   1042.44397       7.84594393    
   1132.78784       7.68393993    
   1250.00000       7.47874641    
   1367.21216       7.27884579    
   1457.55603       7.12907934    
   1500.00000       7.06062222    
   1514.14795       6.99016380    
   1544.26257       6.74420214    
   1583.33337       6.46195126    
   1622.40405       6.16550446    
   1652.51868       5.94852686    
   1666.66663       5.84528732    
   1680.81470       5.74633646    
   1710.92932       5.53849888    
   1750.00000       5.27289343    
   1789.07080       5.01140594    
   1819.18530       4.81309795    
   1833.33337       4.72132969    
   1847.48132       4.63317347    
   1877.59595       4.44853401    
   1916.66663       4.21328926    
   1955.73743       3.98235369    
   1985.85205       3.80768633    
   2000.00000       3.72704720    
   2014.14807       3.65004945    
   2044.26257       3.48916316    
   2083.33325       3.28468800    
   2122.40405       3.08440828    
   2152.51880       2.93323112    
   2166.66675       2.86355305    
   2180.81470       2.79729915    
   2210.92920       2.65908098    
   2250.00000       2.48368621    
   2289.07080       2.31210041    
   2319.18530       2.18269801    
   2333.33325       2.12309074    
   2347.48145       2.06647706    
   2377.59595       1.94840527    
   2416.66675       1.79857993    
   2455.73755       1.65194976    
   2485.85205       1.54127359    
   2500.00000       1.49023604    
   2514.14795       1.44159067    
   2544.26270       1.33996820    
   2583.33325       1.21072710    
   2622.40405       1.08389139    
   2652.51880      0.987836421    
   2666.66675      0.943388999    
   2680.81470      0.900605083    
   2710.92920      0.810846567    
   2750.00000      0.696105003    
   2789.07080      0.582855105    
   2819.18530      0.496549398    
   2833.33350      0.456369132    
   2847.48145      0.417040974    
   2877.59595      0.333960652    
   2916.66675      0.226906285    
   2955.73755      0.120357163    
   2985.85205       3.84462923E-02
   3000.00000       2.17373072E-05
