   0.00000000       9.99997234    
   42.4440269       9.91176033    
   132.787796       9.72411060    
   250.000000       9.48128033    
   367.212189       9.23958969    
   457.555969       9.05457211    
   500.000000       8.96831417    
   542.444031       8.88395691    
   632.787781       8.70613098    
   750.000000       8.47821999    
   867.212219       8.25353813    
   957.555969       8.08317757    
   1000.00000       8.00444221    
   1042.44397       7.92920017    
   1132.78784       7.77205038    
   1250.00000       7.57268572    
   1367.21216       7.37812090    
   1457.55603       7.23206902    
   1500.00000       7.16518259    
   1514.14795       7.09608412    
   1544.26257       6.85474968    
   1583.33337       6.57753229    
   1622.40405       6.28615522    
   1652.51868       6.07266474    
   1666.66663       5.97100592    
   1680.81470       5.87333727    
   1710.92932       5.66799688    
   1750.00000       5.40529728    
   1789.07080       5.14638138    
   1819.18530       4.94979715    
   1833.33337       4.85872841    
   1847.48132       4.77098989    
   1877.59595       4.58700705    
   1916.66663       4.35228491    
   1955.73743       4.12154722    
   1985.85205       3.94678640    
   2000.00000       3.86599970    
   2014.14807       3.78859115    
   2044.26257       3.62661433    
   2083.33325       3.42042255    
   2122.40405       3.21813393    
   2152.51880       3.06519008    
   2166.66675       2.99459100    
   2180.81470       2.92718649    
   2210.92920       2.78633308    
   2250.00000       2.60726094    
   2289.07080       2.43175173    
   2319.18530       2.29914427    
   2333.33325       2.23795652    
   2347.48145       2.17957640    
   2377.59595       2.05759430    
   2416.66675       1.90249026    
   2455.73755       1.75038898    
   2485.85205       1.63535702    
   2500.00000       1.58221698    
   2514.14795       1.53132987    
   2544.26270       1.42482460    
   2583.33325       1.28909945    
   2622.40405       1.15564334    
   2652.51880       1.05439007    
   2666.66675       1.00746286    
   2680.81470      0.962107480    
   2710.92920      0.866803646    
   2750.00000      0.744774282    
   2789.07080      0.624155819    
   2819.18530      0.532117844    
   2833.33350      0.489224911    
   2847.48145      0.447138816    
   2877.59595      0.358154655    
   2916.66675      0.243401781    
   2955.73755      0.129127428    
   2985.85205       4.12508920E-02
   3000.00000       2.33232822E-05
