   0.00000000       9.99997234    
   42.4440269       9.91265297    
   132.787796       9.72690105    
   250.000000       9.48651791    
   367.212189       9.24724483    
   457.555969       9.06405926    
   500.000000       8.97864532    
   542.444031       8.89508533    
   632.787781       8.71891308    
   750.000000       8.49307823    
   867.212219       8.27039337    
   957.555969       8.10150337    
   1000.00000       8.02342701    
   1042.44397       7.94875908    
   1132.78784       7.79275942    
   1250.00000       7.59477806    
   1367.21216       7.40148211    
   1457.55603       7.25631618    
   1500.00000       7.18980551    
   1514.14795       7.12103462    
   1544.26257       6.88081598    
   1583.33337       6.60481548    
   1622.40405       6.31466579    
   1652.51868       6.10202217    
   1666.66663       6.00074863    
   1680.81470       5.90339422    
   1710.92932       5.69866848    
   1750.00000       5.43668747    
   1789.07080       5.17841196    
   1819.18530       4.98225975    
   1833.33337       4.89136839    
   1847.48132       4.80374002    
   1877.59595       4.61993599    
   1916.66663       4.38536692    
   1955.73743       4.15470600    
   1985.85205       3.97994518    
   2000.00000       3.89913368    
   2014.14807       3.82163692    
   2044.26257       3.65942073    
   2083.33325       3.45284581    
   2122.40405       3.25010324    
   2152.51880       3.09675670    
   2166.66675       3.02594638    
   2180.81470       2.95827484    
   2210.92920       2.81680751    
   2250.00000       2.63687634    
   2289.07080       2.46044755    
   2319.18530       2.32708693    
   2333.33325       2.26552725    
   2347.48145       2.20672917    
   2377.59595       2.08382034    
   2416.66675       1.92746353    
   2455.73755       1.77406192    
   2485.85205       1.65799308    
   2500.00000       1.60435200    
   2514.14795       1.55292904    
   2544.26270       1.44525588    
   2583.33325       1.30797803    
   2622.40405       1.17293513    
   2652.51880       1.07043493    
   2666.66675       1.02291238    
   2680.81470      0.976938725    
   2710.92920      0.880300641    
   2750.00000      0.756516635    
   2789.07080      0.634123266    
   2819.18530      0.540703773    
   2833.33350      0.497156888    
   2847.48145      0.454405367    
   2877.59595      0.363996297    
   2916.66675      0.247384906    
   2955.73755      0.131245270    
   2985.85205       4.19281609E-02
   3000.00000       2.37062741E-05
