   0.00000000       9.99997234    
   42.4440269       9.91084385    
   132.787796       9.72124767    
   250.000000       9.47590923    
   367.212189       9.23173809    
   457.555969       9.04484177    
   500.000000       8.95771790    
   542.444031       8.87254429    
   632.787781       8.69302368    
   750.000000       8.46298599    
   867.212219       8.23625946    
   957.555969       8.06439400    
   1000.00000       7.98498392    
   1042.44397       7.90915442    
   1132.78784       7.75083017    
   1250.00000       7.55005312    
   1367.21216       7.35419369    
   1457.55603       7.20723915    
   1500.00000       7.13997030    
   1514.14795       7.07053947    
   1544.26257       6.82807302    
   1583.33337       6.54962158    
   1622.40405       6.25700092    
   1652.51868       6.04265308    
   1666.66663       5.94060564    
   1680.81470       5.84261990    
   1710.92932       5.63666010    
   1750.00000       5.37323809    
   1789.07080       5.11368036    
   1819.18530       4.91666365    
   1833.33337       4.82541895    
   1847.48132       4.73757219    
   1877.59595       4.55341578    
   1916.66663       4.31854820    
   1955.73743       4.08774376    
   1985.85205       3.91299176    
   2000.00000       3.83223438    
   2014.14807       3.75491953    
   2044.26257       3.59319472    
   2083.33325       3.38740373    
   2122.40405       3.18558717    
   2152.51880       3.03306079    
   2166.66675       2.96268034    
   2180.81470       2.89555073    
   2210.92920       2.75532842    
   2250.00000       2.57713890    
   2289.07080       2.40257287    
   2319.18530       2.27073717    
   2333.33325       2.20993042    
   2347.48145       2.15197754    
   2377.59595       2.03094172    
   2416.66675       1.87711680    
   2455.73755       1.72634244    
   2485.85205       1.61236775    
   2500.00000       1.55973852    
   2514.14795       1.50939679    
   2544.26270       1.40408039    
   2583.33325       1.26993501    
   2622.40405       1.13809276    
   2652.51880       1.03810728    
   2666.66675      0.991785169    
   2680.81470      0.947057903    
   2710.92920      0.853109121    
   2750.00000      0.732861280    
   2789.07080      0.614044666    
   2819.18530      0.523408830    
   2833.33350      0.481179565    
   2847.48145      0.439768553    
   2877.59595      0.352229804    
   2916.66675      0.239362031    
   2955.73755      0.126979515    
   2985.85205       4.05640155E-02
   3000.00000       2.29348589E-05
