   0.00000000       9.99997330    
   42.4440269       9.91352463    
   132.787796       9.72962284    
   250.000000       9.49162579    
   367.212189       9.25471020    
   457.555969       9.07331181    
   500.000000       8.98872089    
   542.444031       8.90593910    
   632.787781       8.73138046    
   750.000000       8.50757217    
   867.212219       8.28683758    
   957.555969       8.11938477    
   1000.00000       8.04195213    
   1042.44397       7.96784639    
   1132.78784       7.81297207    
   1250.00000       7.61634588    
   1367.21216       7.42429399    
   1457.55603       7.27999735    
   1500.00000       7.21385574    
   1514.14795       7.14540768    
   1544.26257       6.90628862    
   1583.33337       6.63148785    
   1622.40405       6.34254980    
   1652.51868       6.13074255    
   1666.66663       6.02984905    
   1680.81470       5.93280649    
   1710.92932       5.72869062    
   1750.00000       5.46742439    
   1789.07080       5.20978642    
   1819.18530       5.01406622    
   1833.33337       4.92335176    
   1847.48132       4.83583546    
   1877.59595       4.65221500    
   1916.66663       4.41780758    
   1955.73743       4.18723154    
   1985.85205       4.01247883    
   2000.00000       3.93164659    
   2014.14807       3.85406685    
   2044.26257       3.69162321    
   2083.33325       3.48468161    
   2122.40405       3.28150272    
   2152.51880       3.12776756    
   2166.66675       3.05675292    
   2180.81470       2.98882198    
   2210.92920       2.84675765    
   2250.00000       2.66598964    
   2289.07080       2.48866463    
   2319.18530       2.35456896    
   2333.33325       2.29264593    
   2347.48145       2.23343897    
   2377.59595       2.10962296    
   2416.66675       1.95203888    
   2455.73755       1.79736269    
   2485.85205       1.68027723    
   2500.00000       1.62614453    
   2514.14795       1.57419550    
   2544.26270       1.46537483    
   2583.33325       1.32657111    
   2622.40405       1.18996835    
   2652.51880       1.08624184    
   2666.66675       1.03813374    
   2680.81470      0.991551399    
   2710.92920      0.893599808    
   2750.00000      0.768088102    
   2789.07080      0.643946528    
   2819.18530      0.549166322    
   2833.33350      0.504975140    
   2847.48145      0.461567849    
   2877.59595      0.369754463    
   2916.66675      0.251311213    
   2955.73755      0.133332938    
   2985.85205       4.25957888E-02
   3000.00000       2.40838126E-05
