   0.00000000       9.99997330    
   42.4440269       9.91437435    
   132.787796       9.73227787    
   250.000000       9.49660683    
   367.212189       9.26199150    
   457.555969       9.08233643    
   500.000000       8.99854946    
   542.444031       8.91652679    
   632.787781       8.74354362    
   750.000000       8.52171421    
   867.212219       8.30288506    
   957.555969       8.13683510    
   1000.00000       8.06003189    
   1042.44397       7.98647594    
   1132.78784       7.83270359    
   1250.00000       7.63740444    
   1367.21216       7.44657230    
   1457.55603       7.30312872    
   1500.00000       7.23734951    
   1514.14795       7.16921902    
   1544.26257       6.93118286    
   1583.33337       6.65756512    
   1622.40405       6.36982203    
   1652.51868       6.15884066    
   1666.66663       6.05832291    
   1680.81470       5.96158934    
   1710.92932       5.75807858    
   1750.00000       5.49752283    
   1789.07080       5.24051952    
   1819.18530       5.04522991    
   1833.33337       4.95469284    
   1847.48132       4.86728954    
   1877.59595       4.68385696    
   1916.66663       4.44961739    
   1955.73743       4.21913528    
   1985.85205       4.04439783    
   2000.00000       3.96354842    
   2014.14807       3.88589096    
   2044.26257       3.72323108    
   2083.33325       3.51593828    
   2122.40405       3.31234002    
   2152.51880       3.15822983    
   2166.66675       3.08701754    
   2180.81470       3.01883459    
   2210.92920       2.87618947    
   2250.00000       2.69460607    
   2289.07080       2.51640701    
   2319.18530       2.38159418    
   2333.33325       2.31931591    
   2347.48145       2.25970888    
   2377.59595       2.13500500    
   2416.66675       1.97621870    
   2455.73755       1.82029319    
   2485.85205       1.70221078    
   2500.00000       1.64759576    
   2514.14795       1.59513021    
   2544.26270       1.48518240    
   2583.33325       1.34487927    
   2622.40405       1.20674312    
   2652.51880       1.10181093    
   2666.66675       1.05312693    
   2680.81470       1.00594568    
   2710.92920      0.906701148    
   2750.00000      0.779488504    
   2789.07080      0.653625607    
   2819.18530      0.557505250    
   2833.33350      0.512679517    
   2847.48145      0.468626112    
   2877.59595      0.375429004    
   2916.66675      0.255180597    
   2955.73755      0.135390371    
   2985.85205       4.32537496E-02
   3000.00000       2.44558869E-05
