   0.00000000       9.99997425    
   42.4440269       9.91680145    
   132.787796       9.73985863    
   250.000000       9.51083279    
   367.212189       9.28278828    
   457.555969       9.10811329    
   500.000000       9.02662182    
   542.444031       8.94676971    
   632.787781       8.77829361    
   750.000000       8.56212997    
   867.212219       8.34875488    
   957.555969       8.18672562    
   1000.00000       8.11172771    
   1042.44397       8.03975105    
   1132.78784       7.88914776    
   1250.00000       7.69766998    
   1367.21216       7.51035452    
   1457.55603       7.36937428    
   1500.00000       7.30464411    
   1514.14795       7.23743725    
   1544.26257       7.00255203    
   1583.33337       6.73238087    
   1622.40405       6.44812346    
   1652.51868       6.23955488    
   1666.66663       6.14013624    
   1680.81470       6.04431009    
   1710.92932       5.84258223    
   1750.00000       5.58412457    
   1789.07080       5.32900333    
   1819.18530       5.13499641    
   1833.33337       5.04499006    
   1847.48132       4.95793200    
   1877.59595       4.77508211    
   1916.66663       4.54138136    
   1955.73743       4.31122255    
   1985.85205       4.13656950    
   2000.00000       4.05569029    
   2014.14807       3.97782564    
   2044.26257       3.81457853    
   2083.33325       3.60631943    
   2122.40405       3.40155506    
   2152.51880       3.24639583    
   2166.66675       3.17462778    
   2180.81470       3.10573006    
   2210.92920       2.96143389    
   2250.00000       2.77752852    
   2289.07080       2.59683394    
   2319.18530       2.45996976    
   2333.33325       2.39667487    
   2347.48145       2.33591843    
   2377.59595       2.20866013    
   2416.66675       2.04641247    
   2455.73755       1.88688636    
   2485.85205       1.76592779    
   2500.00000       1.70992053    
   2514.14795       1.65596056    
   2544.26270       1.54275060    
   2583.33325       1.39810503    
   2622.40405       1.25552547    
   2652.51880       1.14709735    
   2666.66675       1.09674275    
   2680.81470       1.04782224    
   2710.92920      0.944821656    
   2750.00000      0.812665641    
   2789.07080      0.681798398    
   2819.18530      0.581780791    
   2833.33350      0.535109222    
   2847.48145      0.489175588    
   2877.59595      0.391950697    
   2916.66675      0.266447037    
   2955.73755      0.141381174    
   2985.85205       4.51696217E-02
   3000.00000       2.55393061E-05
