   0.00000000       9.99997330    
   42.4440269       9.91601181    
   132.787796       9.73739338    
   250.000000       9.50620651    
   367.212189       9.27602482    
   457.555969       9.09973049    
   500.000000       9.01749229    
   542.444031       8.93693447    
   632.787781       8.76699162    
   750.000000       8.54898357    
   867.212219       8.33383179    
   957.555969       8.17049313    
   1000.00000       8.09490776    
   1042.44397       8.02241611    
   1132.78784       7.87077808    
   1250.00000       7.67805290    
   1367.21216       7.48958826    
   1457.55603       7.34780264    
   1500.00000       7.28272915    
   1514.14795       7.21521902    
   1544.26257       6.97930002    
   1583.33337       6.70799732    
   1622.40405       6.42259455    
   1652.51868       6.21323252    
   1666.66663       6.11345243    
   1680.81470       6.01732683    
   1710.92932       5.81501007    
   1750.00000       5.55585909    
   1789.07080       5.30011463    
   1819.18530       5.10568190    
   1833.33337       5.01549911    
   1847.48132       4.92832518    
   1877.59595       4.74527836    
   1916.66663       4.51139307    
   1955.73743       4.28111982    
   1985.85205       4.10643291    
   2000.00000       4.02556038    
   2014.14807       3.94776058    
   2044.26257       3.78469944    
   2083.33325       3.57674885    
   2122.40405       3.37235832    
   2152.51880       3.21753669    
   2166.66675       3.14594793    
   2180.81470       3.07728195    
   2210.92920       2.93352127    
   2250.00000       2.75037003    
   2289.07080       2.57048702    
   2319.18530       2.43429017    
   2333.33325       2.37132645    
   2347.48145       2.31094480    
   2377.59595       2.18452001    
   2416.66675       2.02340245    
   2455.73755       1.86505258    
   2485.85205       1.74503386    
   2500.00000       1.68948185    
   2514.14795       1.63601089    
   2544.26270       1.52386868    
   2583.33325       1.38064492    
   2622.40405       1.23952079    
   2652.51880       1.13223791    
   2666.66675       1.08243072    
   2680.81470       1.03408051    
   2710.92920      0.932311594    
   2750.00000      0.801776946    
   2789.07080      0.672551334    
   2819.18530      0.573812306    
   2833.33350      0.527746379    
   2847.48145      0.482429862    
   2877.59595      0.386527032    
   2916.66675      0.262748450    
   2955.73755      0.139414474    
   2985.85205       4.45406623E-02
   3000.00000       2.51836300E-05
