   0.00000000       9.99997330    
   42.4440269       9.91520309    
   132.787796       9.73486710    
   250.000000       9.50146580    
   367.212189       9.26909542    
   457.555969       9.09114075    
   500.000000       9.00813770    
   542.444031       8.92685509    
   632.787781       8.75541019    
   750.000000       8.53551483    
   867.212219       8.31854534    
   957.555969       8.15386677    
   1000.00000       8.07767963    
   1042.44397       8.00466156    
   1132.78784       7.85196781    
   1250.00000       7.65796900    
   1367.21216       7.46833229    
   1457.55603       7.32572556    
   1500.00000       7.26030254    
   1514.14795       7.19248438    
   1544.26257       6.95551538    
   1583.33337       6.68306351    
   1622.40405       6.39649868    
   1652.51868       6.18633270    
   1666.66663       6.08618593    
   1680.81470       5.98975801    
   1710.92932       5.78684711    
   1750.00000       5.52699614    
   1789.07080       5.27062416    
   1819.18530       5.07576418    
   1833.33337       4.98540449    
   1847.48132       4.89811516    
   1877.59595       4.71487379    
   1916.66663       4.48080873    
   1955.73743       4.25042772    
   1985.85205       4.07571220    
   2000.00000       3.99484992    
   2014.14807       3.91711879    
   2044.26257       3.75425339    
   2083.33325       3.54662466    
   2122.40405       3.34262252    
   2152.51880       3.18815041    
   2166.66675       3.11674690    
   2180.81470       3.04831886    
   2210.92920       2.90510869    
   2250.00000       2.72273111    
   2289.07080       2.54367948    
   2319.18530       2.40816641    
   2333.33325       2.34554148    
   2347.48145       2.28554296    
   2377.59595       2.15996957    
   2416.66675       2.00000572    
   2455.73755       1.84285569    
   2485.85205       1.72379565    
   2500.00000       1.66870761    
   2514.14795       1.61573470    
   2544.26270       1.50467992    
   2583.33325       1.36290348    
   2622.40405       1.22326040    
   2652.51880       1.11714280    
   2666.66675       1.06789243    
   2680.81470       1.02012181    
   2710.92920      0.919604957    
   2750.00000      0.790718019    
   2789.07080      0.663160503    
   2819.18530      0.565720499    
   2833.33350      0.520269871    
   2847.48145      0.475580096    
   2877.59595      0.381019831    
   2916.66675      0.258993000    
   2955.73755      0.137417555    
   2985.85205       4.39020433E-02
   3000.00000       2.48224933E-05
