   0.00000000       9.99997425    
   42.4440269       9.91757107    
   132.787796       9.74226379    
   250.000000       9.51534748    
   367.212189       9.28938770    
   457.555969       9.11629391    
   500.000000       9.03553200    
   542.444031       8.95637035    
   632.787781       8.78932667    
   750.000000       8.57496452    
   867.212219       8.36332417    
   957.555969       8.20257568    
   1000.00000       8.12815285    
   1042.44397       8.05668068    
   1132.78784       7.90708923    
   1250.00000       7.71683359    
   1367.21216       7.53064442    
   1457.55603       7.39045477    
   1500.00000       7.32606173    
   1514.14795       7.25915241    
   1544.26257       7.02528524    
   1583.33337       6.75622892    
   1622.40405       6.47310019    
   1652.51868       6.26531363    
   1666.66663       6.16625214    
   1680.81470       6.07072210    
   1710.92932       5.86957645    
   1750.00000       5.61180639    
   1789.07080       5.35730362    
   1819.18530       5.16371965    
   1833.33337       5.07388926    
   1847.48132       4.98694801    
   1877.59595       4.80429745    
   1916.66663       4.57078505    
   1955.73743       4.34074593    
   1985.85205       4.16613245    
   2000.00000       4.08524942    
   2014.14807       4.00732374    
   2044.26257       3.84389973    
   2083.33325       3.63534498    
   2122.40405       3.43022037    
   2152.51880       3.27473474    
   2166.66675       3.20279312    
   2180.81470       3.13367033    
   2210.92920       2.98885250    
   2250.00000       2.80421185    
   2289.07080       2.62272596    
   2319.18530       2.48520994    
   2333.33325       2.42159152    
   2347.48145       2.36046791    
   2377.59595       2.23239374    
   2416.66675       2.06903863    
   2455.73755       1.90835989    
   2485.85205       1.78647971    
   2500.00000       1.73002601    
   2514.14795       1.67558610    
   2544.26270       1.56132746    
   2583.33325       1.41528535    
   2622.40405       1.27127588    
   2652.51880       1.16172206    
   2666.66675       1.11082935    
   2680.81470       1.06134808    
   2710.92920      0.957135916    
   2750.00000      0.823384821    
   2789.07080      0.690902233    
   2819.18530      0.589626312    
   2833.33350      0.542358696    
   2847.48145      0.495817512    
   2877.59595      0.397291034    
   2916.66675      0.270088851    
   2955.73755      0.143317744    
   2985.85205       4.57889475E-02
   3000.00000       2.58895325E-05
