   0.00000000       9.99997425    
   42.4440269       9.91832256    
   132.787796       9.74461174    
   250.000000       9.51975346    
   367.212189       9.29582977    
   457.555969       9.12427998    
   500.000000       9.04422951    
   542.444031       8.96574116    
   632.787781       8.80009842    
   750.000000       8.58749580    
   867.212219       8.37755203    
   957.555969       8.21805382    
   1000.00000       8.14419365    
   1042.44397       8.07321453    
   1132.78784       7.92461443    
   1250.00000       7.73555613    
   1367.21216       7.55047083    
   1457.55603       7.41105652    
   1500.00000       7.34699440    
   1514.14795       7.28037882    
   1544.26257       7.04751301    
   1583.33337       6.77955437    
   1622.40405       6.49753714    
   1652.51868       6.29052258    
   1666.66663       6.19181252    
   1680.81470       6.09657526    
   1710.92932       5.89600563    
   1750.00000       5.63891649    
   1789.07080       5.38502741    
   1819.18530       5.19186401    
   1833.33337       5.10220861    
   1847.48132       5.01538420    
   1877.59595       4.83293486    
   1916.66663       4.59961510    
   1955.73743       4.36970091    
   1985.85205       4.19513178    
   2000.00000       4.11424732    
   2014.14807       4.03626394    
   2044.26257       3.87267208    
   2083.33325       3.66383386    
   2122.40405       3.45836210    
   2152.51880       3.30256128    
   2166.66675       3.23045135    
   2180.81470       3.16110921    
   2210.92920       3.01578379    
   2250.00000       2.83042622    
   2289.07080       2.64816785    
   2319.18530       2.51001525    
   2333.33325       2.44608068    
   2347.48145       2.38459802    
   2377.59595       2.25572443    
   2416.66675       2.09128475    
   2455.73755       1.92947626    
   2485.85205       1.80669236    
   2500.00000       1.74980080    
   2514.14795       1.69488966    
   2544.26270       1.57960153    
   2583.33325       1.43218756    
   2622.40405       1.28677332    
   2652.51880       1.17611349    
   2666.66675       1.12469184    
   2680.81470       1.07465899    
   2710.92920      0.969255328    
   2750.00000      0.833935142    
   2789.07080      0.699863434    
   2819.18530      0.597349346    
   2833.33350      0.549495161    
   2847.48145      0.502356052    
   2877.59595      0.402548343    
   2916.66675      0.273674160    
   2955.73755      0.145224258    
   2985.85205       4.63986695E-02
   3000.00000       2.62343274E-05
