   0.00000000       9.99997425    
   42.4440269       9.91905689    
   132.787796       9.74690342    
   250.000000       9.52405548    
   367.212189       9.30211926    
   457.555969       9.13207626    
   500.000000       9.05272102    
   542.444031       8.97489071    
   632.787781       8.81061459    
   750.000000       8.59973240    
   867.212219       8.39144611    
   957.555969       8.23317146    
   1000.00000       8.15986061    
   1042.44397       8.08936501    
   1132.78784       7.94173479    
   1250.00000       7.75384998    
   1367.21216       7.56984711    
   1457.55603       7.43119335    
   1500.00000       7.36745596    
   1514.14795       7.30112886    
   1544.26257       7.06924820    
   1583.33337       6.80237055    
   1622.40405       6.52144861    
   1652.51868       6.31519413    
   1666.66663       6.21683168    
   1680.81470       6.12188292    
   1710.92932       5.92188358    
   1750.00000       5.66546822    
   1789.07080       5.41218758    
   1819.18530       5.21944141    
   1833.33337       5.12996006    
   1847.48132       5.04325294    
   1877.59595       4.86100626    
   1916.66663       4.62788248    
   1955.73743       4.39809752    
   1985.85205       4.22357702    
   2000.00000       4.14269400    
   2014.14807       4.06465673    
   2044.26257       3.90090442    
   2083.33325       3.69179416    
   2122.40405       3.48598814    
   2152.51880       3.32988238    
   2166.66675       3.25760937    
   2180.81470       3.18805408    
   2210.92920       3.04223394    
   2250.00000       2.85617733    
   2289.07080       2.67316508    
   2319.18530       2.53439045    
   2333.33325       2.47014689    
   2347.48145       2.40831280    
   2377.59595       2.27865672    
   2416.66675       2.11315441    
   2455.73755       1.95023870    
   2485.85205       1.82656872    
   2500.00000       1.76924765    
   2514.14795       1.71387398    
   2544.26270       1.59757495    
   2583.33325       1.44881380    
   2622.40405       1.30201960    
   2652.51880       1.19027293    
   2666.66675       1.13833153    
   2680.81470       1.08775640    
   2710.92920      0.981180966    
   2750.00000      0.844317496    
   2789.07080      0.708682537    
   2819.18530      0.604950488    
   2833.33350      0.556519151    
   2847.48145      0.508791625    
   2877.59595      0.407722980    
   2916.66675      0.277203113    
   2955.73755      0.147100851    
   2985.85205       4.69988249E-02
   3000.00000       2.65737144E-05
