   0.00000000       9.99997520    
   42.4440269       9.91977310    
   132.787796       9.74914169    
   250.000000       9.52825546    
   367.212189       9.30825901    
   457.555969       9.13968754    
   500.000000       9.06101131    
   542.444031       8.98382473    
   632.787781       8.82088470    
   750.000000       8.61168289    
   867.212219       8.40501595    
   957.555969       8.24793816    
   1000.00000       8.17516518    
   1042.44397       8.10514164    
   1132.78784       7.95846224    
   1250.00000       7.77172661    
   1367.21216       7.58878469    
   1457.55603       7.45087671    
   1500.00000       7.38745880    
   1514.14795       7.32141542    
   1544.26257       7.09050417    
   1583.33337       6.82468987    
   1622.40405       6.54484653    
   1652.51868       6.33934116    
   1666.66663       6.24132109    
   1680.81470       6.14665794    
   1710.92932       5.94722176    
   1750.00000       5.69147396    
   1789.07080       5.43879557    
   1819.18530       5.24646378    
   1833.33337       5.15715504    
   1847.48132       5.07056570    
   1877.59595       4.88852262    
   1916.66663       4.65559721    
   1955.73743       4.42594576    
   1985.85205       4.25147820    
   2000.00000       4.17059898    
   2014.14807       4.09251070    
   2044.26257       3.92860579    
   2083.33325       3.71923470    
   2122.40405       3.51310635    
   2152.51880       3.35670543    
   2166.66675       3.28427434    
   2180.81470       3.21451187    
   2210.92920       3.06820941    
   2250.00000       2.88147116    
   2289.07080       2.69772315    
   2319.18530       2.55834103    
   2333.33325       2.49379539    
   2347.48145       2.43161726    
   2377.59595       2.30119491    
   2416.66675       2.13465142    
   2455.73755       1.97065043    
   2485.85205       1.84611177    
   2500.00000       1.78836930    
   2514.14795       1.73254180    
   2544.26270       1.61525035    
   2583.33325       1.46516621    
   2622.40405       1.31701636    
   2652.51880       1.20420194    
   2666.66675       1.15174973    
   2680.81470       1.10064161    
   2710.92920      0.992914021    
   2750.00000      0.854532957    
   2789.07080      0.717360556    
   2819.18530      0.612430334    
   2833.33350      0.563431323    
   2847.48145      0.515124738    
   2877.59595      0.412815392    
   2916.66675      0.280676067    
   2955.73755      0.148947671    
   2985.85205       4.75894585E-02
   3000.00000       2.69077191E-05
