   0.00000000       9.99997520    
   42.4440269       9.92047215    
   132.787796       9.75132656    
   250.000000       9.53235626    
   367.212189       9.31425571    
   457.555969       9.14712143    
   500.000000       9.06910801    
   542.444031       8.99254894    
   632.787781       8.83091450    
   750.000000       8.62335587    
   867.212219       8.41827297    
   957.555969       8.26236439    
   1000.00000       8.19011688    
   1042.44397       8.12055588    
   1132.78784       7.97480726    
   1250.00000       7.78919744    
   1367.21216       7.60729504    
   1457.55603       7.47011948    
   1500.00000       7.40701437    
   1514.14795       7.34124994    
   1544.26257       7.11129236    
   1583.33337       6.84652519    
   1622.40405       6.56774378    
   1652.51868       6.36297655    
   1666.66663       6.26529360    
   1680.81470       6.17091227    
   1710.92932       5.97203255    
   1750.00000       5.71694469    
   1789.07080       5.46486330    
   1819.18530       5.27294207    
   1833.33337       5.18380547    
   1847.48132       5.09733295    
   1877.59595       4.91549444    
   1916.66663       4.68277073    
   1955.73743       4.45325613    
   1985.85205       4.27884436    
   2000.00000       4.19797087    
   2014.14807       4.11983538    
   2044.26257       3.95578504    
   2083.33325       3.74616361    
   2122.40405       3.53972435    
   2152.51880       3.38303804    
   2166.66675       3.31045365    
   2180.81470       3.24048901    
   2210.92920       3.09371686    
   2250.00000       2.90631390    
   2289.07080       2.72184730    
   2319.18530       2.58187175    
   2333.33325       2.51703072    
   2347.48145       2.45451570    
   2377.59595       2.32334304    
   2416.66675       2.15577984    
   2455.73755       1.99071503    
   2485.85205       1.86532462    
   2500.00000       1.80716896    
   2514.14795       1.75089598    
   2544.26270       1.63263023    
   2583.33325       1.48124695    
   2622.40405       1.33176577    
   2652.51880       1.21790230    
   2666.66675       1.16494823    
   2680.81470       1.11331606    
   2710.92920       1.00445580    
   2750.00000      0.864582539    
   2789.07080      0.725898206    
   2819.18530      0.619789720    
   2833.33350      0.570232272    
   2847.48145      0.521356106    
   2877.59595      0.417825997    
   2916.66675      0.284093291    
   2955.73755      0.150764897    
   2985.85205       4.81706336E-02
   3000.00000       2.72363723E-05
