   0.00000000       9.99997520    
   42.4440269       9.92115498    
   132.787796       9.75346088    
   250.000000       9.53636074    
   367.212189       9.32011127    
   457.555969       9.15438080    
   500.000000       9.07701492    
   542.444031       9.00107002    
   632.787781       8.84071159    
   750.000000       8.63475800    
   867.212219       8.43122292    
   957.555969       8.27645874    
   1000.00000       8.20472622    
   1042.44397       8.13561821    
   1132.78784       7.99077988    
   1250.00000       7.80627298    
   1367.21216       7.62539053    
   1457.55603       7.48893261    
   1500.00000       7.42613506    
   1514.14795       7.36064482    
   1544.26257       7.13162518    
   1583.33337       6.86788845    
   1622.40405       6.59015179    
   1652.51868       6.38611174    
   1666.66663       6.28876114    
   1680.81470       6.19465780    
   1710.92932       5.99632835    
   1750.00000       5.74189281    
   1789.07080       5.49040174    
   1819.18530       5.29888773    
   1833.33337       5.20992184    
   1847.48132       5.12356663    
   1877.59595       4.94193316    
   1916.66663       4.70941210    
   1955.73743       4.48003769    
   1985.85205       4.30568600    
   2000.00000       4.22482014    
   2014.14807       4.14663935    
   2044.26257       3.98245096    
   2083.33325       3.77258921    
   2122.40405       3.56584978    
   2152.51880       3.40888739    
   2166.66675       3.33615446    
   2180.81470       3.26599312    
   2210.92920       3.11876297    
   2250.00000       2.93071127    
   2289.07080       2.74554324    
   2319.18530       2.60498786    
   2333.33325       2.53985810    
   2347.48145       2.47701359    
   2377.59595       2.34510565    
   2416.66675       2.17654324    
   2455.73755       2.01043606    
   2485.85205       1.88421047    
   2500.00000       1.82564974    
   2514.14795       1.76893938    
   2544.26270       1.64971721    
   2583.33325       1.49705839    
   2622.40405       1.34626961    
   2652.51880       1.23137581    
   2666.66675       1.17792869    
   2680.81470       1.12578154    
   2710.92920       1.01580787    
   2750.00000      0.874467492    
   2789.07080      0.734296560    
   2819.18530      0.627029359    
   2833.33350      0.576922715    
   2847.48145      0.527486265    
   2877.59595      0.422755390    
   2916.66675      0.287455171    
   2955.73755      0.152552709    
   2985.85205       4.87424023E-02
   3000.00000       2.75597085E-05
