   0.00000000       9.99997520    
   42.4440269       9.92182255    
   132.787796       9.75554466    
   250.000000       9.54027271    
   367.212189       9.32583046    
   457.555969       9.16147137    
   500.000000       9.08473873    
   542.444031       9.00939369    
   632.787781       8.85028172    
   750.000000       8.64589787    
   867.212219       8.44387722    
   957.555969       8.29023075    
   1000.00000       8.21900082    
   1042.44397       8.15033627    
   1132.78784       8.00639057    
   1250.00000       7.82296467    
   1367.21216       7.64308119    
   1457.55603       7.50732756    
   1500.00000       7.44483137    
   1514.14795       7.37961102    
   1544.26257       7.15151358    
   1583.33337       6.88879013    
   1622.40405       6.61208296    
   1652.51868       6.40875864    
   1666.66663       6.31173563    
   1680.81470       6.21790648    
   1710.92932       6.02012014    
   1750.00000       5.76632881    
   1789.07080       5.51542282    
   1819.18530       5.32431173    
   1833.33337       5.23551512    
   1847.48132       5.14927673    
   1877.59595       4.96784878    
   1916.66663       4.73553228    
   1955.73743       4.50630045    
   1985.85205       4.33201170    
   2000.00000       4.25115538    
   2014.14807       4.17293262    
   2044.26257       4.00861216    
   2083.33325       3.79851961    
   2122.40405       3.59149075    
   2152.51880       3.43426085    
   2166.66675       3.36138344    
   2180.81470       3.29103065    
   2210.92920       3.14335442    
   2250.00000       2.95466971    
   2289.07080       2.76881671    
   2319.18530       2.62769461    
   2333.33325       2.56228256    
   2347.48145       2.49911523    
   2377.59595       2.36648750    
   2416.66675       2.19694614    
   2455.73755       2.02981710    
   2485.85205       1.90277302    
   2500.00000       1.84381485    
   2514.14795       1.78667533    
   2544.26270       1.66651440    
   2583.33325       1.51260316    
   2622.40405       1.36053038    
   2652.51880       1.24462450    
   2666.66675       1.19069302    
   2680.81470       1.13803971    
   2710.92920       1.02697170    
   2750.00000      0.884189188    
   2789.07080      0.742556632    
   2819.18530      0.634150147    
   2833.33350      0.583503544    
   2847.48145      0.533516049    
   2877.59595      0.427604139    
   2916.66675      0.290762126    
   2955.73755      0.154311314    
   2985.85205       4.93048355E-02
   3000.00000       2.78777661E-05
