   0.00000000       9.99997616    
   42.4440269       9.92311096    
   132.787796       9.75956917    
   250.000000       9.54782677    
   367.212189       9.33687592    
   457.555969       9.17516518    
   500.000000       9.09965515    
   542.444031       9.02546883    
   632.787781       8.86876774    
   750.000000       8.66741753    
   867.212219       8.46832466    
   957.555969       8.31684208    
   1000.00000       8.24658680    
   1042.44397       8.17878056    
   1132.78784       8.03656483    
   1250.00000       7.85523510    
   1367.21216       7.67729139    
   1457.55603       7.54290581    
   1500.00000       7.48099613    
   1514.14795       7.41630173    
   1544.26257       7.19000196    
   1583.33337       6.92925644    
   1622.40405       6.65455770    
   1652.51868       6.45263195    
   1666.66663       6.35624886    
   1680.81470       6.26295757    
   1710.92932       6.06623602    
   1750.00000       5.81371117    
   1789.07080       5.56395388    
   1819.18530       5.37363768    
   1833.33337       5.28517437    
   1847.48132       5.19916868    
   1877.59595       5.01815128    
   1916.66663       4.78624725    
   1955.73743       4.55730820    
   1985.85205       4.38315296    
   2000.00000       4.30232000    
   2014.14807       4.22402096    
   2044.26257       4.05945492    
   2083.33325       3.84892726    
   2122.40405       3.64134932    
   2152.51880       3.48360944    
   2166.66675       3.41045618    
   2180.81470       3.33973479    
   2210.92920       3.19119906    
   2250.00000       3.00129390    
   2289.07080       2.81411862    
   2319.18530       2.67190123    
   2333.33325       2.60594320    
   2347.48145       2.54215050    
   2377.59595       2.40812778    
   2416.66675       2.23668742    
   2455.73755       2.06757545    
   2485.85205       1.93894160    
   2500.00000       1.87921154    
   2514.14795       1.82123780    
   2544.26270       1.69925106    
   2583.33325       1.54290330    
   2622.40405       1.38833165    
   2652.51880       1.27045560    
   2666.66675       1.21558094    
   2680.81470       1.16194165    
   2710.92920       1.04874122    
   2750.00000      0.903148115    
   2789.07080      0.758666754    
   2819.18530      0.648039222    
   2833.33350      0.596339762    
   2847.48145      0.545277655    
   2877.59595      0.437062204    
   2916.66675      0.297212869    
   2955.73755      0.157741845    
   2985.85205       5.04019856E-02
   3000.00000       2.84982034E-05
