   0.00000000       9.99997520    
   42.4440269       9.92247391    
   132.787796       9.75758076    
   250.000000       9.54409313    
   367.212189       9.33141708    
   457.555969       9.16839790    
   500.000000       9.09228325    
   542.444031       9.01752472    
   632.787781       8.85963154    
   750.000000       8.65678215    
   867.212219       8.45624161    
   957.555969       8.30368900    
   1000.00000       8.23295116    
   1042.44397       8.16472054    
   1132.78784       8.02164936    
   1250.00000       7.83928204    
   1367.21216       7.66037798    
   1457.55603       7.52531528    
   1500.00000       7.46311522    
   1514.14795       7.39815998    
   1544.26257       7.17096901    
   1583.33337       6.90924263    
   1622.40405       6.63354778    
   1652.51868       6.43092823    
   1666.66663       6.33422756    
   1680.81470       6.24066973    
   1710.92932       6.04341888    
   1750.00000       5.79026508    
   1789.07080       5.53993654    
   1819.18530       5.34922504    
   1833.33337       5.26059580    
   1847.48132       5.17447376    
   1877.59595       4.99325132    
   1916.66663       4.76114035    
   1955.73743       4.53205442    
   1985.85205       4.35783100    
   2000.00000       4.27698565    
   2014.14807       4.19872379    
   2044.26257       4.03427744    
   2083.33325       3.82396293    
   2122.40405       3.61665463    
   2152.51880       3.45916581    
   2166.66675       3.38614845    
   2180.81470       3.31560898    
   2210.92920       3.16749763    
   2250.00000       2.97819519    
   2289.07080       2.79167318    
   2319.18530       2.64999723    
   2333.33325       2.58430910    
   2347.48145       2.52082586    
   2377.59595       2.38749337    
   2416.66675       2.21699286    
   2455.73755       2.04886246    
   2485.85205       1.92101550    
   2500.00000       1.86166751    
   2514.14795       1.80410707    
   2544.26270       1.68302464    
   2583.33325       1.52788389    
   2622.40405       1.37455022    
   2652.51880       1.25765038    
   2666.66675       1.20324302    
   2680.81470       1.15009248    
   2710.92920       1.03794885    
   2750.00000      0.893748879    
   2789.07080      0.750679672    
   2819.18530      0.641153097    
   2833.33350      0.589975595    
   2847.48145      0.539446235    
   2877.59595      0.432372838    
   2916.66675      0.294014513    
   2955.73755      0.156040952    
   2985.85205       4.98580076E-02
   3000.00000       2.81905832E-05
