   0.00000000       9.99997616    
   42.4440269       9.92373276    
   132.787796       9.76151180    
   250.000000       9.55147362    
   367.212189       9.34220886    
   457.555969       9.18177795    
   500.000000       9.10685730    
   542.444031       9.03323174    
   632.787781       8.87769508    
   750.000000       8.67781258    
   867.212219       8.48013496    
   957.555969       8.32969856    
   1000.00000       8.25991440    
   1042.44397       8.19252396    
   1132.78784       8.05114651    
   1250.00000       7.87083292    
   1367.21216       7.69383049    
   1457.55603       7.56010914    
   1500.00000       7.49848509    
   1514.14795       7.43404675    
   1544.26257       7.20862293    
   1583.33337       6.94884205    
   1622.40405       6.67512274    
   1652.51868       6.47388029    
   1666.66663       6.37781000    
   1680.81470       6.28478193    
   1710.92932       6.08858204    
   1750.00000       5.83667803    
   1789.07080       5.58748531    
   1819.18530       5.39755964    
   1833.33337       5.30926132    
   1847.48132       5.22337103    
   1877.59595       5.04255819    
   1916.66663       4.81086159    
   1955.73743       4.58207178    
   1985.85205       4.40798664    
   2000.00000       4.32716751    
   2014.14807       4.24883366    
   2044.26257       4.08415365    
   2083.33325       3.87342072    
   2122.40405       3.66558194    
   2152.51880       3.50759888    
   2166.66675       3.43431377    
   2180.81470       3.36341548    
   2210.92920       3.21446586    
   2250.00000       3.02397203    
   2289.07080       2.83615851    
   2319.18530       2.69341183    
   2333.33325       2.62718987    
   2347.48145       2.56309438    
   2377.59595       2.42839551    
   2416.66675       2.25603437    
   2455.73755       2.08596039    
   2485.85205       1.95655501    
   2500.00000       1.89645016    
   2514.14795       1.83807111    
   2544.26270       1.71519673    
   2583.33325       1.55766416    
   2622.40405       1.40187705    
   2652.51880       1.28304231    
   2666.66675       1.22770870    
   2680.81470       1.17358947    
   2710.92920       1.05935049    
   2750.00000      0.912388444    
   2789.07080      0.766519248    
   2819.18530      0.654809535    
   2833.33350      0.602597058    
   2847.48145      0.551011205    
   2877.59595      0.441672951    
   2916.66675      0.300357640    
   2955.73755      0.159414247    
   2985.85205       5.09368591E-02
   3000.00000       2.88006759E-05
