   0.00000000       9.99997616    
   42.4440269       9.92493439    
   132.787796       9.76526642    
   250.000000       9.55852032    
   367.212189       9.35251236    
   457.555969       9.19455338    
   500.000000       9.12077522    
   542.444031       9.04823208    
   632.787781       8.89494801    
   750.000000       8.69790173    
   867.212219       8.50296307    
   957.555969       8.35455227    
   1000.00000       8.28567982    
   1042.44397       8.21909618    
   1132.78784       8.07934284    
   1250.00000       7.90100098    
   1367.21216       7.72582579    
   1457.55603       7.59339476    
   1500.00000       7.53232527    
   1514.14795       7.46838570    
   1544.26257       7.24466944    
   1583.33337       6.98676920    
   1622.40405       6.71496153    
   1652.51868       6.51505232    
   1666.66663       6.41959286    
   1680.81470       6.32707977    
   1710.92932       6.13190126    
   1750.00000       5.88121510    
   1789.07080       5.63313103    
   1819.18530       5.44397354    
   1833.33337       5.35599899    
   1847.48132       5.27033758    
   1877.59595       5.08993196    
   1916.66663       4.85865068    
   1955.73743       4.63016367    
   1985.85205       4.45622444    
   2000.00000       4.37543678    
   2014.14807       4.29703951    
   2044.26257       4.13214636    
   2083.33325       3.92102671    
   2122.40405       3.71269250    
   2152.51880       3.55424500    
   2166.66675       3.48070693    
   2180.81470       3.40946794    
   2210.92920       3.25972080    
   2250.00000       3.06809139    
   2289.07080       2.87904501    
   2319.18530       2.73527551    
   2333.33325       2.66854262    
   2347.48145       2.60386014    
   2377.59595       2.46785021    
   2416.66675       2.29370308    
   2455.73755       2.12176251    
   2485.85205       1.99085903    
   2500.00000       1.93002629    
   2514.14795       1.87085903    
   2544.26270       1.74625885    
   2583.33325       1.58642185    
   2622.40405       1.42827010    
   2652.51880       1.30757010    
   2666.66675       1.25134313    
   2680.81470       1.19628894    
   2710.92920       1.08002746    
   2750.00000      0.930398703    
   2789.07080      0.781825602    
   2819.18530      0.668007374    
   2833.33350      0.614795208    
   2847.48145      0.562188447    
   2877.59595      0.450661540    
   2916.66675      0.306488425    
   2955.73755      0.162674710    
   2985.85205       5.19796312E-02
   3000.00000       2.93903668E-05
