   0.00000000       9.99997616    
   42.4440269       9.92434025    
   132.787796       9.76341057    
   250.000000       9.55503750    
   367.212189       9.34741974    
   457.555969       9.18823910    
   500.000000       9.11389637    
   542.444031       9.04081821    
   632.787781       8.88642025    
   750.000000       8.68797112    
   867.212219       8.49167824    
   957.555969       8.34226608    
   1000.00000       8.27294254    
   1042.44397       8.20596027    
   1132.78784       8.06540298    
   1250.00000       7.88608551    
   1367.21216       7.71000576    
   1457.55603       7.57693577    
   1500.00000       7.51559162    
   1514.14795       7.45140457    
   1544.26257       7.22684240    
   1583.33337       6.96800947    
   1622.40405       6.69525433    
   1652.51868       6.49468374    
   1666.66663       6.39892149    
   1680.81470       6.30615234    
   1710.92932       6.11046696    
   1750.00000       5.85917616    
   1789.07080       5.61054134    
   1819.18530       5.42100191    
   1833.33337       5.33286619    
   1847.48132       5.24709082    
   1877.59595       5.06648207    
   1916.66663       4.83499289    
   1955.73743       4.60635376    
   1985.85205       4.43234110    
   2000.00000       4.35153723    
   2014.14807       4.27317047    
   2044.26257       4.10838127    
   2083.33325       3.89745140    
   2122.40405       3.68936062    
   2152.51880       3.53114176    
   2166.66675       3.45772839    
   2180.81470       3.38665748    
   2210.92920       3.23730421    
   2250.00000       3.04623580    
   2289.07080       2.85779858    
   2319.18530       2.71453476    
   2333.33325       2.64805460    
   2347.48145       2.58366251    
   2377.59595       2.44830132    
   2416.66675       2.27503800    
   2455.73755       2.10402155    
   2485.85205       1.97385955    
   2500.00000       1.91338718    
   2514.14795       1.85461032    
   2544.26270       1.73086488    
   2583.33325       1.57216930    
   2622.40405       1.41518891    
   2652.51880       1.29541302    
   2666.66675       1.23962867    
   2680.81470       1.18503785    
   2710.92920       1.06977856    
   2750.00000      0.921471417    
   2789.07080      0.774238408    
   2819.18530      0.661465228    
   2833.33350      0.608748555    
   2847.48145      0.556647778    
   2877.59595      0.446205795    
   2916.66675      0.303449303    
   2955.73755      0.161058456    
   2985.85205       5.14627136E-02
   3000.00000       2.90980461E-05
