   0.00000000       9.99997711    
   42.4440269       9.92608261    
   132.787796       9.76885223    
   250.000000       9.56525040    
   367.212189       9.36235523    
   457.555969       9.20675850    
   500.000000       9.13407040    
   542.444031       9.06256294    
   632.787781       8.91143227    
   750.000000       8.71710014    
   867.212219       8.52478123    
   957.555969       8.37830925    
   1000.00000       8.31031036    
   1042.44397       8.24449921    
   1132.78784       8.10630512    
   1250.00000       7.92985630    
   1367.21216       7.75643587    
   1457.55603       7.62524652    
   1500.00000       7.56471109    
   1514.14795       7.50125265    
   1544.26257       7.27918530    
   1583.33337       7.02310228    
   1622.40405       6.75314283    
   1652.51868       6.55452394    
   1666.66663       6.45965576    
   1680.81470       6.36764240    
   1710.92932       6.17345667    
   1750.00000       5.92395544    
   1789.07080       5.67695141    
   1819.18530       5.48854399    
   1833.33337       5.40088654    
   1847.48132       5.31544971    
   1877.59595       5.13544846    
   1916.66663       4.90458155    
   1955.73743       4.67640066    
   1985.85205       4.50261354    
   2000.00000       4.42186165    
   2014.14807       4.34340858    
   2044.26257       4.17832136    
   2083.33325       3.96684313    
   2122.40405       3.75804543    
   2152.51880       3.59916139    
   2166.66675       3.52538466    
   2180.81470       3.45382142    
   2210.92920       3.30331492    
   2250.00000       3.11060286    
   2289.07080       2.92037916    
   2319.18530       2.77563167    
   2333.33325       2.70841002    
   2347.48145       2.64316487    
   2377.59595       2.50589728    
   2416.66675       2.33003545    
   2455.73755       2.15630150    
   2485.85205       2.02395844    
   2500.00000       1.96242559    
   2514.14795       1.90249979    
   2544.26270       1.77623785    
   2583.33325       1.61418104    
   2622.40405       1.45375061    
   2652.51880       1.33125269    
   2666.66675       1.27416444    
   2680.81470       1.21820843    
   2710.92920       1.09999537    
   2750.00000      0.947792947    
   2789.07080      0.796609938    
   2819.18530      0.680756032    
   2833.33350      0.626578629    
   2847.48145      0.572985888    
   2877.59595      0.459344923    
   2916.66675      0.312411189    
   2955.73755      0.165824592    
   2985.85205       5.29870465E-02
   3000.00000       2.99600615E-05
