   0.00000000       9.99997711    
   42.4440269       9.92770863    
   132.787796       9.77393436    
   250.000000       9.57479095    
   367.212189       9.37630749    
   457.555969       9.22406006    
   500.000000       9.15291786    
   542.444031       9.08287907    
   632.787781       8.93480587    
   750.000000       8.74432564    
   867.212219       8.55572891    
   957.555969       8.41201210    
   1000.00000       8.34525394    
   1042.44397       8.28054333    
   1132.78784       8.14456940    
   1250.00000       7.97081900    
   1367.21216       7.79990387    
   1457.55603       7.67048788    
   1500.00000       7.61071587    
   1514.14795       7.54794836    
   1544.26257       7.32824659    
   1583.33337       7.07477379    
   1622.40405       6.80747080    
   1652.51868       6.61070776    
   1666.66663       6.51669121    
   1680.81470       6.42539930    
   1710.92932       6.23264790    
   1750.00000       5.98486137    
   1789.07080       5.73942280    
   1819.18530       5.55210495    
   1833.33337       5.46490860    
   1847.48132       5.37980270    
   1877.59595       5.20039701    
   1916.66663       4.97014761    
   1955.73743       4.74242830    
   1985.85205       4.56887722    
   2000.00000       4.48818541    
   2014.14807       4.40966129    
   2044.26257       4.24431419    
   2083.33325       4.03234625    
   2122.40405       3.82290816    
   2152.51880       3.66341591    
   2166.66675       3.58930516    
   2180.81470       3.51728535    
   2210.92920       3.36570644    
   2250.00000       3.17146254    
   2289.07080       2.97957087    
   2319.18530       2.83343577    
   2333.33325       2.76552010    
   2347.48145       2.69947386    
   2377.59595       2.56041455    
   2416.66675       2.38210821    
   2455.73755       2.20581603    
   2485.85205       2.07141757    
   2500.00000       2.00888515    
   2514.14795       1.94787455    
   2544.26270       1.81923544    
   2583.33325       1.65400195    
   2622.40405       1.49030936    
   2652.51880       1.36523640    
   2666.66675       1.30691433    
   2680.81470       1.24966550    
   2710.92920       1.12865412    
   2750.00000      0.972760558    
   2789.07080      0.817833424    
   2819.18530      0.699058950    
   2833.33350      0.643496335    
   2847.48145      0.588488340    
   2877.59595      0.471812487    
   2916.66675      0.320915312    
   2955.73755      0.170347378    
   2985.85205       5.44335693E-02
   3000.00000       3.07780756E-05
