   0.00000000       9.99997711    
   42.4440269       9.92663670    
   132.787796       9.77058506    
   250.000000       9.56850338    
   367.212189       9.36711216    
   457.555969       9.21265602    
   500.000000       9.14049435    
   542.444031       9.06948853    
   632.787781       8.91939926    
   750.000000       8.72637939    
   867.212219       8.53532887    
   957.555969       8.38979435    
   1000.00000       8.32221794    
   1042.44397       8.25678158    
   1132.78784       8.11934376    
   1250.00000       7.94381189    
   1367.21216       7.77124357    
   1457.55603       7.64065695    
   1500.00000       7.58038044    
   1514.14795       7.51715660    
   1544.26257       7.29589224    
   1583.33337       7.04069424    
   1622.40405       6.77163553    
   1652.51868       6.57364559    
   1666.66663       6.47906637    
   1680.81470       6.38729715    
   1710.92932       6.19359684    
   1750.00000       5.94467545    
   1789.07080       5.69820023    
   1819.18530       5.51016092    
   1833.33337       5.42265940    
   1847.48132       5.33733416    
   1877.59595       5.15753222    
   1916.66663       4.92687225    
   1955.73743       4.69884491    
   1985.85205       4.52513552    
   2000.00000       4.44440317    
   2014.14807       4.36592484    
   2044.26257       4.20074701    
   2083.33325       3.98909950    
   2122.40405       3.78008151    
   2152.51880       3.62098861    
   2166.66675       3.54709744    
   2180.81470       3.47537827    
   2210.92920       3.32450557    
   2250.00000       3.13127089    
   2289.07080       2.94047856    
   2319.18530       2.79525828    
   2333.33325       2.72780013    
   2347.48145       2.66228247    
   2377.59595       2.52440524    
   2416.66675       2.34771180    
   2455.73755       2.17310810    
   2485.85205       2.04006600    
   2500.00000       1.97819352    
   2514.14795       1.91789913    
   2544.26270       1.79082966    
   2583.33325       1.62769389    
   2622.40405       1.46615565    
   2652.51880       1.34278333    
   2666.66675       1.28527617    
   2680.81470       1.22888136    
   2710.92920       1.10971856    
   2750.00000      0.956263542    
   2789.07080      0.803809941    
   2819.18530      0.686965108    
   2833.33350      0.632317662    
   2847.48145      0.578244746    
   2877.59595      0.463574231    
   2916.66675      0.315295964    
   2955.73755      0.167358801    
   2985.85205       5.34777343E-02
   3000.00000       3.02375465E-05
