   0.00000000       9.99997616    
   42.4440269       9.92551517    
   132.787796       9.76707935    
   250.000000       9.56192398    
   367.212189       9.35749054    
   457.555969       9.20072556    
   500.000000       9.12749767    
   542.444031       9.05547905    
   632.787781       8.90328407    
   750.000000       8.70760918    
   867.212219       8.51399517    
   957.555969       8.36656475    
   1000.00000       8.29813290    
   1042.44397       8.23194027    
   1132.78784       8.09297466    
   1250.00000       7.91558838    
   1367.21216       7.74129963    
   1457.55603       7.60949564    
   1500.00000       7.54869556    
   1514.14795       7.48499870    
   1544.26257       7.26211405    
   1583.33337       7.00513029    
   1622.40405       6.73425436    
   1652.51868       6.53499556    
   1666.66663       6.43983459    
   1680.81470       6.34757328    
   1710.92932       6.15289450    
   1750.00000       5.90280485    
   1789.07080       5.65526438    
   1819.18530       5.46648455    
   1833.33337       5.37866926    
   1847.48132       5.29312086    
   1877.59595       5.11291790    
   1916.66663       4.88184404    
   1955.73743       4.65350962    
   1985.85205       4.47964573    
   2000.00000       4.39887571    
   2014.14807       4.32044935    
   2044.26257       4.15545702    
   2083.33325       3.94415474    
   2122.40405       3.73558497    
   2152.51880       3.57691598    
   2166.66675       3.50325680    
   2180.81470       3.43185353    
   2210.92920       3.28172207    
   2250.00000       3.08954501    
   2289.07080       2.89990306    
   2319.18530       2.75563931    
   2333.33325       2.68865943    
   2347.48145       2.62369275    
   2377.59595       2.48704720    
   2416.66675       2.31203413    
   2455.73755       2.13918781    
   2485.85205       2.00755739    
   2500.00000       1.94637120    
   2514.14795       1.88682103    
   2544.26270       1.76138210    
   2583.33325       1.60042477    
   2622.40405       1.44112301    
   2652.51880       1.31951571    
   2666.66675       1.26285422    
   2680.81470       1.20734501    
   2710.92920       1.09009898    
   2750.00000      0.939171970    
   2789.07080      0.789282262    
   2819.18530      0.674437225    
   2833.33350      0.620738149    
   2847.48145      0.567634106    
   2877.59595      0.455040962    
   2916.66675      0.309475511    
   2955.73755      0.164263323    
   2985.85205       5.24877124E-02
   3000.00000       2.96776871E-05
