   0.00000000       9.99997711    
   42.4440269       9.92717934    
   132.787796       9.77227879    
   250.000000       9.57168293    
   367.212189       9.37176132    
   457.555969       9.21842194    
   500.000000       9.14677620    
   542.444031       9.07625866    
   632.787781       8.92718887    
   750.000000       8.73545265    
   867.212219       8.54564285    
   957.555969       8.40102673    
   1000.00000       8.33386421    
   1042.44397       8.26879406    
   1132.78784       8.13209534    
   1250.00000       7.95746374    
   1367.21216       7.78573036    
   1457.55603       7.65573454    
   1500.00000       7.59571266    
   1514.14795       7.53271914    
   1544.26257       7.31224298    
   1583.33337       7.05791521    
   1622.40405       6.78974199    
   1652.51868       6.59237099    
   1666.66663       6.49807501    
   1680.81470       6.40654659    
   1710.92932       6.21332455    
   1750.00000       5.96497440    
   1789.07080       5.71902132    
   1819.18530       5.53134537    
   1833.33337       5.44399691    
   1847.48132       5.35878229    
   1877.59595       5.17917919    
   1916.66663       4.94872475    
   1955.73743       4.72085142    
   1985.85205       4.54722118    
   2000.00000       4.46650839    
   2014.14807       4.38800621    
   2044.26257       4.22274208    
   2083.33325       4.01093149    
   2122.40405       3.80169988    
   2152.51880       3.64240432    
   2166.66675       3.56840181    
   2180.81470       3.49653077    
   2210.92920       3.34530067    
   2250.00000       3.15155554    
   2289.07080       2.96020722    
   2319.18530       2.81452441    
   2333.33325       2.74683499    
   2347.48145       2.68105030    
   2377.59595       2.54257584    
   2416.66675       2.36506796    
   2455.73755       2.18961143    
   2485.85205       2.05588436    
   2500.00000       1.99367869    
   2514.14795       1.93302286    
   2544.26270       1.80516100    
   2583.33325       1.64096653    
   2622.40405       1.47834098    
   2652.51880       1.35411036    
   2666.66675       1.29619205    
   2680.81470       1.23936629    
   2710.92920       1.11927080    
   2750.00000      0.964585423    
   2789.07080      0.810883939    
   2819.18530      0.693065584    
   2833.33350      0.637956500    
   2847.48145      0.583411872    
   2877.59595      0.467729807    
   2916.66675      0.318130493    
   2955.73755      0.168866307    
   2985.85205       5.39598726E-02
   3000.00000       3.05101985E-05
