   0.00000000       9.99997807    
   42.4440269       9.92971420    
   132.787796       9.78020096    
   250.000000       9.58655357    
   367.212189       9.39350986    
   457.555969       9.24539185    
   500.000000       9.17615795    
   542.444031       9.10793304    
   632.787781       8.96363449    
   750.000000       8.77791405    
   867.212219       8.59391689    
   957.555969       8.45360565    
   1000.00000       8.38838387    
   1042.44397       8.32503700    
   1132.78784       8.19181824    
   1250.00000       8.02141857    
   1367.21216       7.85361767    
   1457.55603       7.72640944    
   1500.00000       7.66758966    
   1514.14795       7.60568666    
   1544.26257       7.38894701    
   1583.33337       7.13874531    
   1622.40405       6.87477493    
   1652.51868       6.68034267    
   1666.66663       6.58739662    
   1680.81470       6.49701405    
   1710.92932       6.30607462    
   1750.00000       6.06045675    
   1789.07080       5.81700230    
   1819.18530       5.63106918    
   1833.33337       5.54446030    
   1847.48132       5.45978022    
   1877.59595       5.28114557    
   1916.66663       5.05170345    
   1955.73743       4.82459784    
   1985.85205       4.65137005    
   2000.00000       4.57076597    
   2014.14807       4.49216652    
   2044.26257       4.32652330    
   2083.33325       4.11398029    
   2122.40405       3.90377808    
   2152.51880       3.74355316    
   2166.66675       3.66903758    
   2180.81470       3.59645915    
   2210.92920       3.44356465    
   2250.00000       3.24743676    
   2289.07080       3.05348969    
   2319.18530       2.90564227    
   2333.33325       2.83686829    
   2347.48145       2.76982927    
   2377.59595       2.62854671    
   2416.66675       2.44720459    
   2455.73755       2.26773262    
   2485.85205       2.13077784    
   2500.00000       2.06700110    
   2514.14795       2.00463843    
   2544.26270       1.87303448    
   2583.33325       1.70383704    
   2622.40405       1.53607190    
   2652.51880       1.40778303    
   2666.66675       1.34791946    
   2680.81470       1.28905404    
   2710.92920       1.16454256    
   2750.00000       1.00403070    
   2789.07080      0.844417989    
   2819.18530      0.721987545    
   2833.33350      0.664690852    
   2847.48145      0.607910156    
   2877.59595      0.487432778    
   2916.66675      0.331570268    
   2955.73755      0.176014200    
   2985.85205       5.62460013E-02
   3000.00000       3.18030143E-05
