   0.00000000       9.99997807    
   42.4440269       9.92873383    
   132.787796       9.77713776    
   250.000000       9.58080387    
   367.212189       9.38510036    
   457.555969       9.23496342    
   500.000000       9.16479588    
   542.444031       9.09568501    
   632.787781       8.94954014    
   750.000000       8.76149082    
   867.212219       8.57524395    
   957.555969       8.43326664    
   1000.00000       8.36729240    
   1042.44397       8.30327797    
   1132.78784       8.16871071    
   1250.00000       7.99666929    
   1367.21216       7.82734251    
   1457.55603       7.69905186    
   1500.00000       7.63976526    
   1514.14795       7.57743788    
   1544.26257       7.35924435    
   1583.33337       7.10743618    
   1622.40405       6.84182835    
   1652.51868       6.64625120    
   1666.66663       6.55277920    
   1680.81470       6.46194935    
   1710.92932       6.27011824    
   1750.00000       6.02343273    
   1789.07080       5.77900076    
   1819.18530       5.59238529    
   1833.33337       5.50548649    
   1847.48132       5.42059612    
   1877.59595       5.24157906    
   1916.66663       5.01173639    
   1955.73743       4.78432465    
   1985.85205       4.61093473    
   2000.00000       4.53028584    
   2014.14807       4.45172119    
   2044.26257       4.28621960    
   2083.33325       4.07395363    
   2122.40405       3.86412168    
   2152.51880       3.70425272    
   2166.66675       3.62993407    
   2180.81470       3.55762839    
   2210.92920       3.40537620    
   2250.00000       3.21016860    
   2289.07080       3.01722598    
   2319.18530       2.87021613    
   2333.33325       2.80186200    
   2347.48145       2.73530912    
   2377.59595       2.59511518    
   2416.66675       2.41526008    
   2455.73755       2.23734617    
   2485.85205       2.10164404    
   2500.00000       2.03847718    
   2514.14795       1.97677743    
   2544.26270       1.84662759    
   2583.33325       1.67937434    
   2622.40405       1.51360691    
   2652.51880       1.38689590    
   2666.66675       1.32778859    
   2680.81470       1.26971650    
   2710.92920       1.14692295    
   2750.00000      0.988677859    
   2789.07080      0.831365228    
   2819.18530      0.710729480    
   2833.33350      0.654284060    
   2847.48145      0.598373711    
   2877.59595      0.479762882    
   2916.66675      0.326338410    
   2955.73755      0.173231632    
   2985.85205       5.53560406E-02
   3000.00000       3.12997363E-05
