   0.00000000       9.99997711    
   42.4440269       9.92822742    
   132.787796       9.77555370    
   250.000000       9.57783127    
   367.212189       9.38075352    
   457.555969       9.22957230    
   500.000000       9.15892315    
   542.444031       9.08935356    
   632.787781       8.94225502    
   750.000000       8.75300407    
   867.212219       8.56559467    
   957.555969       8.42275620    
   1000.00000       8.35639477    
   1042.44397       8.29203606    
   1132.78784       8.15677261    
   1250.00000       7.98388529    
   1367.21216       7.81377220    
   1457.55603       7.68492460    
   1500.00000       7.62539721    
   1514.14795       7.56285191    
   1544.26257       7.34391117    
   1583.33337       7.09127760    
   1622.40405       6.82483006    
   1652.51868       6.62866497    
   1666.66663       6.53492308    
   1680.81470       6.44386387    
   1710.92932       6.25157642    
   1750.00000       6.00434446    
   1789.07080       5.75941277    
   1819.18530       5.57244873    
   1833.33337       5.48540211    
   1847.48132       5.40040493    
   1877.59595       5.22119427    
   1916.66663       4.99114847    
   1955.73743       4.76358318    
   1985.85205       4.59011269    
   2000.00000       4.50944185    
   2014.14807       4.43089676    
   2044.26257       4.26547098    
   2083.33325       4.05335140    
   2122.40405       3.84371305    
   2152.51880       3.68402958    
   2166.66675       3.60981369    
   2180.81470       3.53764915    
   2210.92920       3.38572955    
   2250.00000       3.19099832    
   2289.07080       2.99857521    
   2319.18530       2.85199785    
   2333.33325       2.78386068    
   2347.48145       2.71755838    
   2377.59595       2.57792592    
   2416.66675       2.39883733    
   2455.73755       2.22172618    
   2485.85205       2.08666945    
   2500.00000       2.02381659    
   2514.14795       1.96245825    
   2544.26270       1.83305645    
   2583.33325       1.66680348    
   2622.40405       1.50206363    
   2652.51880       1.37616396    
   2666.66675       1.31744564    
   2680.81470       1.25978136    
   2710.92920       1.13787079    
   2750.00000      0.980790734    
   2789.07080      0.824660003    
   2819.18530      0.704946458    
   2833.33350      0.648938477    
   2847.48145      0.593475223    
   2877.59595      0.475823224    
   2916.66675      0.323651075    
   2955.73755      0.171802387    
   2985.85205       5.48989214E-02
   3000.00000       3.10412361E-05
