   0.00000000       9.99997807    
   42.4440269       9.93018818    
   132.787796       9.78168201    
   250.000000       9.58933449    
   367.212189       9.39757729    
   457.555969       9.25043583    
   500.000000       9.18165302    
   542.444031       9.11385727    
   632.787781       8.97045231    
   750.000000       8.78585815    
   867.212219       8.60295010    
   957.555969       8.46344566    
   1000.00000       8.39858818    
   1042.44397       8.33556557    
   1132.78784       8.20300007    
   1250.00000       8.03339672    
   1367.21216       7.86633635    
   1457.55603       7.73965359    
   1500.00000       7.68106079    
   1514.14795       7.61936378    
   1544.26257       7.40333176    
   1583.33337       7.15391207    
   1622.40405       6.89073801    
   1652.51868       6.69686365    
   1666.66663       6.60417366    
   1680.81470       6.51400995    
   1710.92932       6.32350492    
   1750.00000       6.07840872    
   1789.07080       5.83543205    
   1819.18530       5.64983273    
   1833.33337       5.56336594    
   1847.48132       5.47878933    
   1877.59595       5.30034208    
   1916.66663       5.07109833    
   1955.73743       4.84414434    
   1985.85205       4.67099810    
   2000.00000       4.59041739    
   2014.14807       4.51180172    
   2044.26257       4.34609270    
   2083.33325       4.13341761    
   2122.40405       3.92303896    
   2152.51880       3.76264381    
   2166.66675       3.68803358    
   2180.81470       3.61532378    
   2210.92920       3.46211910    
   2250.00000       3.26554656    
   2289.07080       3.07111382    
   2319.18530       2.92286110    
   2333.33325       2.85388398    
   2347.48145       2.78660941    
   2377.59595       2.64479899    
   2416.66675       2.46273565    
   2455.73755       2.28250790    
   2485.85205       2.14494514    
   2500.00000       2.08087230    
   2514.14795       2.01818776    
   2544.26270       1.88587749    
   2583.33325       1.71573544    
   2622.40405       1.54699957    
   2652.51880       1.41794395    
   2666.66675       1.35771263    
   2680.81470       1.29846144    
   2710.92920       1.17311454    
   2750.00000       1.01150024    
   2789.07080      0.850768864    
   2819.18530      0.727465391    
   2833.33350      0.669754565    
   2847.48145      0.612550437    
   2877.59595      0.491164863    
   2916.66675      0.334116071    
   2955.73755      0.177368194    
   2985.85205       5.66790551E-02
   3000.00000       3.20479085E-05
