   0.00000000       9.99997807    
   42.4440269       9.92922974    
   132.787796       9.77868652    
   250.000000       9.58371067    
   367.212189       9.38935184    
   457.555969       9.24023533    
   500.000000       9.17053986    
   542.444031       9.10187721    
   632.787781       8.95666504    
   750.000000       8.76979256    
   867.212219       8.58468342    
   957.555969       8.44354725    
   1000.00000       8.37795353    
   1042.44397       8.31427670    
   1132.78784       8.18039036    
   1250.00000       8.00917816    
   1367.21216       7.84062195    
   1457.55603       7.71287823    
   1500.00000       7.65382719    
   1514.14795       7.59171343    
   1544.26257       7.37425375    
   1583.33337       7.12325621    
   1622.40405       6.85847425    
   1652.51868       6.66347456    
   1666.66663       6.57026768    
   1680.81470       6.47966337    
   1710.92932       6.28828144    
   1750.00000       6.04213428    
   1789.07080       5.79819489    
   1819.18530       5.61192274    
   1833.33337       5.52516985    
   1847.48132       5.44038534    
   1877.59595       5.26156044    
   1916.66663       5.03191853    
   1955.73743       4.80466032    
   1985.85205       4.63135147    
   2000.00000       4.55072451    
   2014.14807       4.47214174    
   2044.26257       4.30656815    
   2083.33325       4.09416103    
   2122.40405       3.88414121    
   2152.51880       3.72409177    
   2166.66675       3.64967346    
   2180.81470       3.57722950    
   2210.92920       3.42465234    
   2250.00000       3.22897935    
   2289.07080       3.03552914    
   2319.18530       2.88809562    
   2333.33325       2.81952953    
   2347.48145       2.75273085    
   2377.59595       2.61198711    
   2416.66675       2.43138099    
   2455.73755       2.25268006    
   2485.85205       2.11634541    
   2500.00000       2.05287075    
   2514.14795       1.99083626    
   2544.26270       1.85995233    
   2583.33325       1.69171774    
   2622.40405       1.52494204    
   2652.51880       1.39743459    
   2666.66675       1.33794570    
   2680.81470       1.27947319    
   2710.92920       1.15581274    
   2750.00000      0.996423900    
   2789.07080      0.837950647    
   2819.18530      0.716409385    
   2833.33350      0.659534454    
   2847.48145      0.603184998    
   2877.59595      0.483632416    
   2916.66675      0.328977913    
   2955.73755      0.174635455    
   2985.85205       5.58050312E-02
   3000.00000       3.15536454E-05
