   0.00000000       9.99997807    
   42.4440269       9.93110657    
   132.787796       9.78454876    
   250.000000       9.59471607    
   367.212189       9.40544796    
   457.555969       9.26019669    
   500.000000       9.19228649    
   542.444031       9.12532234    
   632.787781       8.98364735    
   750.000000       8.80123425    
   867.212219       8.62043667    
   957.555969       8.48249531    
   1000.00000       8.41834354    
   1042.44397       8.35594749    
   1132.78784       8.22465038    
   1250.00000       8.05659103    
   1367.21216       7.89096832    
   1457.55603       7.76530647    
   1500.00000       7.70715380    
   1514.14795       7.64585829    
   1544.26257       7.43120289    
   1583.33337       7.18330479    
   1622.40405       6.92168236    
   1652.51868       6.72889423    
   1666.66663       6.63670349    
   1680.81470       6.54696512    
   1710.92932       6.35730934    
   1750.00000       6.11323166    
   1789.07080       5.87118816    
   1819.18530       5.68624115    
   1833.33337       5.60005188    
   1847.48132       5.51567841    
   1877.59595       5.33760166    
   1916.66663       5.10874844    
   1955.73743       4.88209629    
   1985.85205       4.70911312    
   2000.00000       4.62857914    
   2014.14807       4.54993439    
   2044.26257       4.38410139    
   2083.33325       4.17117691    
   2122.40405       3.96046042    
   2152.51880       3.79973793    
   2166.66675       3.72494602    
   2180.81470       3.65198255    
   2210.92920       3.49817896    
   2250.00000       3.30074668    
   2289.07080       3.10537410    
   2319.18530       2.95633674    
   2333.33325       2.88696623    
   2347.48145       2.81923461    
   2377.59595       2.67640066    
   2416.66675       2.49293828    
   2455.73755       2.31124377    
   2485.85205       2.17250061    
   2500.00000       2.10785317    
   2514.14795       2.04454279    
   2544.26270       1.91086042    
   2583.33325       1.73888254    
   2622.40405       1.56825984    
   2652.51880       1.43771350    
   2666.66675       1.37676740    
   2680.81470       1.31676590    
   2710.92920       1.18979430    
   2750.00000       1.02603543    
   2789.07080      0.863127649    
   2819.18530      0.738125741    
   2833.33350      0.679609120    
   2847.48145      0.621581018    
   2877.59595      0.498428106    
   2916.66675      0.339070648    
   2955.73755      0.180003345    
   2985.85205       5.75218722E-02
   3000.00000       3.25245273E-05
