   0.00000000       9.99997807    
   42.4440269       9.93155003    
   132.787796       9.78593540    
   250.000000       9.59731865    
   367.212189       9.40925598    
   457.555969       9.26491928    
   500.000000       9.19743156    
   542.444031       9.13086987    
   632.787781       8.99003124    
   750.000000       8.80867481    
   867.212219       8.62889862    
   957.555969       8.49171448    
   1000.00000       8.42790413    
   1042.44397       8.36581230    
   1132.78784       8.23513031    
   1250.00000       8.06782055    
   1367.21216       7.90289450    
   1457.55603       7.77772760    
   1500.00000       7.71978951    
   1514.14795       7.65868902    
   1544.26257       7.44470310    
   1583.33337       7.19754553    
   1622.40405       6.93667746    
   1652.51868       6.74441862    
   1666.66663       6.65247107    
   1680.81470       6.56294012    
   1710.92932       6.37369823    
   1750.00000       6.13011694    
   1789.07080       5.88852930    
   1819.18530       5.70390129    
   1833.33337       5.61784792    
   1847.48132       5.53357410    
   1877.59595       5.35567904    
   1916.66663       5.12701845    
   1955.73743       4.90051556    
   1985.85205       4.72761345    
   2000.00000       4.64710379    
   2014.14807       4.56844616    
   2044.26257       4.40255499    
   2083.33325       4.18951130    
   2122.40405       3.97863364    
   2152.51880       3.81775427    
   2166.66675       3.74287510    
   2180.81470       3.66978908    
   2210.92920       3.51569605    
   2250.00000       3.31784844    
   2289.07080       3.12202120    
   2319.18530       2.97260427    
   2333.33325       2.90304303    
   2347.48145       2.83509016    
   2377.59595       2.69175982    
   2416.66675       2.50761890    
   2455.73755       2.32521272    
   2485.85205       2.18589687    
   2500.00000       2.12097049    
   2514.14795       2.05735636    
   2544.26270       1.92300749    
   2583.33325       1.75013781    
   2622.40405       1.57859838    
   2652.51880       1.44732761    
   2666.66675       1.38603413    
   2680.81470       1.32566798    
   2710.92920       1.19790649    
   2750.00000       1.03310490    
   2789.07080      0.869138896    
   2819.18530      0.743311048    
   2833.33350      0.684402525    
   2847.48145      0.625973701    
   2877.59595      0.501961112    
   2916.66675      0.341480732    
   2955.73755      0.181285173    
   2985.85205       5.79318516E-02
   3000.00000       3.27563721E-05
