   0.00000000       9.99997902    
   42.4440269       9.93240929    
   132.787796       9.78862000    
   250.000000       9.60235786    
   367.212189       9.41662598    
   457.555969       9.27406025    
   500.000000       9.20739079    
   542.444031       9.14160728    
   632.787781       9.00239086    
   750.000000       8.82308102    
   867.212219       8.64528370    
   957.555969       8.50956631    
   1000.00000       8.44641781    
   1042.44397       8.38491535    
   1132.78784       8.25542641    
   1250.00000       8.08956909    
   1367.21216       7.92599726    
   1457.55603       7.80179167    
   1500.00000       7.74426937    
   1514.14795       7.68354845    
   1544.26257       7.47086477    
   1583.33337       7.22514772    
   1622.40405       6.96574879    
   1652.51868       6.77451944    
   1666.66663       6.68304539    
   1680.81470       6.59391880    
   1710.92932       6.40548420    
   1750.00000       6.16287279    
   1789.07080       5.92217493    
   1819.18530       5.73816967    
   1833.33337       5.65238237    
   1847.48132       5.56830359    
   1877.59595       5.39076567    
   1916.66663       5.16248417    
   1955.73743       4.93627644    
   1985.85205       4.76353645    
   2000.00000       4.68307447    
   2014.14807       4.60439348    
   2044.26257       4.43839312    
   2083.33325       4.22512388    
   2122.40405       4.01393747    
   2152.51880       3.85275698    
   2166.66675       3.77770925    
   2180.81470       3.70438695    
   2210.92920       3.54973507    
   2250.00000       3.35108352    
   2289.07080       3.15437651    
   2319.18530       3.00422454    
   2333.33325       2.93429422    
   2347.48145       2.86591196    
   2377.59595       2.72161889    
   2416.66675       2.53616142    
   2455.73755       2.35237432    
   2485.85205       2.21194673    
   2500.00000       2.14647865    
   2514.14795       2.08227444    
   2544.26270       1.94663060    
   2583.33325       1.77202809    
   2622.40405       1.59870696    
   2652.51880       1.46602845    
   2666.66675       1.40405965    
   2680.81470       1.34298432    
   2710.92920       1.21368670    
   2750.00000       1.04685748    
   2789.07080      0.880833268    
   2819.18530      0.753398955    
   2833.33350      0.693728209    
   2847.48145      0.634519756    
   2877.59595      0.508834839    
   2916.66675      0.346169710    
   2955.73755      0.183779091    
   2985.85205       5.87294996E-02
   3000.00000       3.32074487E-05
