   0.00000000       9.99997902    
   42.4440269       9.93198395    
   132.787796       9.78729248    
   250.000000       9.59986591    
   367.212189       9.41298103    
   457.555969       9.26953983    
   500.000000       9.20246601    
   542.444031       9.13629723    
   632.787781       8.99627876    
   750.000000       8.81595612    
   867.212219       8.63717937    
   957.555969       8.50073624    
   1000.00000       8.43726063    
   1042.44397       8.37546635    
   1132.78784       8.24538708    
   1250.00000       8.07881069    
   1367.21216       7.91456890    
   1457.55603       7.78988743    
   1500.00000       7.73215914    
   1514.14795       7.67125034    
   1544.26257       7.45792150    
   1583.33337       7.21149063    
   1622.40405       6.95136404    
   1652.51868       6.75962448    
   1666.66663       6.66791582    
   1680.81470       6.57858896    
   1710.92932       6.38975430    
   1750.00000       6.14666176    
   1789.07080       5.90552282    
   1819.18530       5.72120857    
   1833.33337       5.63528919    
   1847.48132       5.55111361    
   1877.59595       5.37339830    
   1916.66663       5.14492798    
   1955.73743       4.91857290    
   1985.85205       4.74575233    
   2000.00000       4.66526651    
   2014.14807       4.58659697    
   2044.26257       4.42065001    
   2083.33325       4.20749140    
   2122.40405       3.99645734    
   2152.51880       3.83542538    
   2166.66675       3.76046085    
   2180.81470       3.68725514    
   2210.92920       3.53287959    
   2250.00000       3.33462548    
   2289.07080       3.13835359    
   2319.18530       2.98856521    
   2333.33325       2.91881752    
   2347.48145       2.85064769    
   2377.59595       2.70683098    
   2416.66675       2.52202511    
   2455.73755       2.33892155    
   2485.85205       2.19904447    
   2500.00000       2.13384438    
   2514.14795       2.06993246    
   2544.26270       1.93492961    
   2583.33325       1.76118529    
   2622.40405       1.58874643    
   2652.51880       1.45676506    
   2666.66675       1.39513075    
   2680.81470       1.33440661    
   2710.92920       1.20586979    
   2750.00000       1.04004490    
   2789.07080      0.875040233    
   2819.18530      0.748401642    
   2833.33350      0.689108491    
   2847.48145      0.630286217    
   2877.59595      0.505429745    
   2916.66675      0.343846858    
   2955.73755      0.182543650    
   2985.85205       5.83343543E-02
   3000.00000       3.29839932E-05
