   0.00000000       9.99997807    
   42.4440269       9.93065262    
   132.787796       9.78313065    
   250.000000       9.59205437    
   367.212189       9.40155602    
   457.555969       9.25537014    
   500.000000       9.18702793    
   542.444031       9.11965275    
   632.787781       8.97712231    
   750.000000       8.79363060    
   867.212219       8.61178875    
   957.555969       8.47307396    
   1000.00000       8.40857315    
   1042.44397       8.34586716    
   1132.78784       8.21394253    
   1250.00000       8.04511833    
   1367.21216       7.87878466    
   1457.55603       7.75261688    
   1500.00000       7.69424629    
   1514.14795       7.63275194    
   1544.26257       7.41741467    
   1583.33337       7.16876268    
   1622.40405       6.90637159    
   1652.51868       6.71304512    
   1666.66663       6.62060690    
   1680.81470       6.53065777    
   1710.92932       6.34058094    
   1750.00000       6.09599781    
   1789.07080       5.85349178    
   1819.18530       5.66822052    
   1833.33337       5.58189392    
   1847.48132       5.49741936    
   1877.59595       5.31915855    
   1916.66663       5.09011078    
   1955.73743       4.86330843    
   1985.85205       4.69024372    
   2000.00000       4.60968590    
   2014.14807       4.53105545    
   2044.26257       4.36528301    
   2083.33325       4.15248108    
   2122.40405       3.94193101    
   2152.51880       3.78136992    
   2166.66675       3.70666766    
   2180.81470       3.63382936    
   2210.92920       3.48032188    
   2250.00000       3.28331470    
   2289.07080       3.08840680    
   2319.18530       2.93975735    
   2333.33325       2.87058163    
   2347.48145       2.80307603    
   2377.59595       2.66074872    
   2416.66675       2.47797871    
   2455.73755       2.29701018    
   2485.85205       2.15885139    
   2500.00000       2.09448838    
   2514.14795       2.03148794    
   2544.26270       1.89848495    
   2583.33325       1.72741616    
   2622.40405       1.55772781    
   2652.51880       1.42791975    
   2666.66675       1.36732769    
   2680.81470       1.30769789    
   2710.92920       1.18153107    
   2750.00000       1.01883459    
   2789.07080      0.857004881    
   2819.18530      0.732844353    
   2833.33350      0.674726844    
   2847.48145      0.617107034    
   2877.59595      0.494829655    
   2916.66675      0.336615980    
   2955.73755      0.178697795    
   2985.85205       5.71043119E-02
   3000.00000       3.22883934E-05
