   0.00000000       9.99997902    
   42.4440269       9.93440056    
   132.787796       9.79484272    
   250.000000       9.61404037    
   367.212189       9.43371391    
   457.555969       9.29525375    
   500.000000       9.23048210    
   542.444031       9.16650581    
   632.787781       9.03105259    
   750.000000       8.85649204    
   867.212219       8.68329048    
   957.555969       8.55098057    
   1000.00000       8.48937130    
   1042.44397       8.42924118    
   1132.78784       8.30252838    
   1250.00000       8.14005661    
   1367.21216       7.97964096    
   1457.55603       7.85768032    
   1500.00000       7.80112886    
   1514.14795       7.74129725    
   1544.26257       7.53166294    
   1583.33337       7.28932190    
   1622.40405       7.03336859    
   1652.51868       6.84455585    
   1666.66663       6.75419331    
   1680.81470       6.66601801    
   1710.92932       6.47948456    
   1750.00000       6.23915815    
   1789.07080       6.00056076    
   1819.18530       5.81802845    
   1833.33337       5.73286915    
   1847.48132       5.64925575    
   1877.59595       5.47257090    
   1916.66663       5.24520063    
   1955.73743       5.01970673    
   1985.85205       4.84736443    
   2000.00000       4.76702404    
   2014.14807       4.68829727    
   2044.26257       4.52205992    
   2083.33325       4.30828714    
   2122.40405       4.09640265    
   2152.51880       3.93453526    
   2166.66675       3.85910225    
   2180.81470       3.78523469    
   2210.92920       3.62929106    
   2250.00000       3.42877984    
   2289.07080       3.23003411    
   2319.18530       3.07817602    
   2333.33325       3.00738835    
   2347.48145       2.93800735    
   2377.59595       2.79147291    
   2416.66675       2.60294795    
   2455.73755       2.41594148    
   2485.85205       2.27292109    
   2500.00000       2.20618916    
   2514.14795       2.14060688    
   2544.26270       2.00193763    
   2583.33325       1.82328546    
   2622.40405       1.64579916    
   2652.51880       1.50982833    
   2666.66675       1.44628012    
   2680.81470       1.38354516    
   2710.92920       1.25065207    
   2750.00000       1.07907546    
   2789.07080      0.908231974    
   2819.18530      0.777035475    
   2833.33350      0.715579510    
   2847.48145      0.654544652    
   2877.59595      0.524941444    
   2916.66675      0.357157260    
   2955.73755      0.189623117    
   2985.85205       6.05986528E-02
   3000.00000       3.42644671E-05
