   0.00000000       9.99997902    
   42.4440269       9.93282509    
   132.787796       9.78991890    
   250.000000       9.60479641    
   367.212189       9.42019272    
   457.555969       9.27848434    
   500.000000       9.21221066    
   542.444031       9.14680386    
   632.787781       9.00837326    
   750.000000       8.83005333    
   867.212219       8.65321445    
   957.555969       8.51820755    
   1000.00000       8.45537949    
   1042.44397       8.39416313    
   1132.78784       8.26525211    
   1250.00000       8.10010052    
   1367.21216       7.93718481    
   1457.55603       7.81344652    
   1500.00000       7.75612593    
   1514.14795       7.69558954    
   1544.26257       7.48353863    
   1583.33337       7.23852205    
   1622.40405       6.97983837    
   1652.51868       6.78911018    
   1666.66663       6.69786644    
   1680.81470       6.60893679    
   1710.92932       6.42089605    
   1750.00000       6.17875671    
   1789.07080       5.93849325    
   1819.18530       5.75479221    
   1833.33337       5.66913462    
   1847.48132       5.58515167    
   1877.59595       5.40778875    
   1916.66663       5.17969418    
   1955.73743       4.95363140    
   1985.85205       4.78097248    
   2000.00000       4.70053482    
   2014.14807       4.62184334    
   2044.26257       4.45579147    
   2083.33325       4.24241495    
   2122.40405       4.03108072    
   2152.51880       3.86975527    
   2166.66675       3.79462671    
   2180.81470       3.72119021    
   2210.92920       3.56626821    
   2250.00000       3.36722827    
   2289.07080       3.17009544    
   2319.18530       3.01958752    
   2333.33325       2.94947839    
   2347.48145       2.88088799    
   2377.59595       2.73612833    
   2416.66675       2.55003214    
   2455.73755       2.36557508    
   2485.85205       2.22460818    
   2500.00000       2.15887713    
   2514.14795       2.09438634    
   2544.26270       1.95811367    
   2583.33325       1.78266954    
   2622.40405       1.60848296    
   2652.51880       1.47512043    
   2666.66675       1.41282356    
   2680.81470       1.35140359    
   2710.92920       1.22135937    
   2750.00000       1.05354440    
   2789.07080      0.886519730    
   2819.18530      0.758304358    
   2833.33350      0.698263109    
   2847.48145      0.638675570    
   2877.59595      0.512177408    
   2916.66675      0.348449916    
   2955.73755      0.184991866    
   2985.85205       5.91173917E-02
   3000.00000       3.34268043E-05
