   0.00000000       9.99997902    
   42.4440269       9.93362999    
   132.787796       9.79243374    
   250.000000       9.60951805    
   367.212189       9.42709923    
   457.555969       9.28704929    
   500.000000       9.22154331    
   542.444031       9.15686703    
   632.787781       9.01995659    
   750.000000       8.84355640    
   867.212219       8.66857433    
   957.555969       8.53494453    
   1000.00000       8.47273827    
   1042.44397       8.41207600    
   1132.78784       8.28428650    
   1250.00000       8.12050247    
   1367.21216       7.95886135    
   1457.55603       7.83602953    
   1500.00000       7.77910137    
   1514.14795       7.71892357    
   1544.26257       7.50810385    
   1583.33337       7.26445007    
   1622.40405       7.00715685    
   1652.51868       6.81740379    
   1666.66663       6.72660875    
   1680.81470       6.63806295    
   1710.92932       6.45078897    
   1750.00000       6.20957184    
   1789.07080       5.97015524    
   1819.18530       5.78704786    
   1833.33337       5.70164347    
   1847.48132       5.61784792    
   1877.59595       5.44082880    
   1916.66663       5.21310043    
   1955.73743       4.98732519    
   1985.85205       4.81482553    
   2000.00000       4.73443699    
   2014.14807       4.65572643    
   2044.26257       4.48957777    
   2083.33325       4.27599669    
   2122.40405       4.06437969    
   2152.51880       3.90277624    
   2166.66675       3.82749176    
   2180.81470       3.75383472    
   2210.92920       3.59839058    
   2250.00000       3.39859867    
   2289.07080       3.20064187    
   2319.18530       3.04944468    
   2333.33325       2.97898889    
   2347.48145       2.90999508    
   2377.59595       2.76432991    
   2416.66675       2.57699490    
   2455.73755       2.39123750    
   2485.85205       2.24922347    
   2500.00000       2.18298197    
   2514.14795       2.11793470    
   2544.26270       1.98044038    
   2583.33325       1.80336118    
   2622.40405       1.62749290    
   2652.51880       1.49280107    
   2666.66675       1.42986655    
   2680.81470       1.36777651    
   2710.92920       1.23628092    
   2750.00000       1.06654942    
   2789.07080      0.897579253    
   2819.18530      0.767845273    
   2833.33350      0.707083344    
   2847.48145      0.646758556    
   2877.59595      0.518678784    
   2916.66675      0.352884978    
   2955.73755      0.187350780    
   2985.85205       5.98718673E-02
   3000.00000       3.38534628E-05
