   0.00000000       9.99997902    
   42.4440269       9.93323135    
   132.787796       9.79118919    
   250.000000       9.60718346    
   367.212189       9.42368317    
   457.555969       9.28281307    
   500.000000       9.21692753    
   542.444031       9.15188980    
   632.787781       9.01422691    
   750.000000       8.83687687    
   867.212219       8.66097641    
   957.555969       8.52666569    
   1000.00000       8.46415138    
   1042.44397       8.40321541    
   1132.78784       8.27487087    
   1250.00000       8.11040974    
   1367.21216       7.94813776    
   1457.55603       7.82485723    
   1500.00000       7.76773453    
   1514.14795       7.70737934    
   1544.26257       7.49594975    
   1583.33337       7.25162125    
   1622.40405       6.99363899    
   1652.51868       6.80340242    
   1666.66663       6.71238518    
   1680.81470       6.62364960    
   1710.92932       6.43599510    
   1750.00000       6.19432116    
   1789.07080       5.95448446    
   1819.18530       5.77108288    
   1833.33337       5.68555260    
   1847.48132       5.60166407    
   1877.59595       5.42447424    
   1916.66663       5.19656372    
   1955.73743       4.97064590    
   1985.85205       4.79806662    
   2000.00000       4.71765327    
   2014.14807       4.63895178    
   2044.26257       4.47285080    
   2083.33325       4.25937033    
   2122.40405       4.04789257    
   2152.51880       3.88642645    
   2166.66675       3.81121898    
   2180.81470       3.73767090    
   2210.92920       3.58248472    
   2250.00000       3.38306475    
   2289.07080       3.18551564    
   2319.18530       3.03465915    
   2333.33325       2.96437502    
   2347.48145       2.89558077    
   2377.59595       2.75036383    
   2416.66675       2.56364179    
   2455.73755       2.37852812    
   2485.85205       2.23703241    
   2500.00000       2.17104363    
   2514.14795       2.10627198    
   2544.26270       1.96938241    
   2583.33325       1.79311287    
   2622.40405       1.61807728    
   2652.51880       1.48404372    
   2666.66675       1.42142498    
   2680.81470       1.35966682    
   2710.92920       1.22889006    
   2750.00000       1.06010783    
   2789.07080      0.892101169    
   2819.18530      0.763119340    
   2833.33350      0.702714384    
   2847.48145      0.642754734    
   2877.59595      0.515458405    
   2916.66675      0.350688130    
   2955.73755      0.186182320    
   2985.85205       5.94981462E-02
   3000.00000       3.36421217E-05
