   0.00000000       9.99997902    
   42.4440269       9.93401909    
   132.787796       9.79365063    
   250.000000       9.61180401    
   367.212189       9.43044186    
   457.555969       9.29119587    
   500.000000       9.22606087    
   542.444031       9.16173744    
   632.787781       9.02556419    
   750.000000       8.85009289    
   867.212219       8.67601109    
   957.555969       8.54304790    
   1000.00000       8.48114300    
   1042.44397       8.42074966    
   1132.78784       8.29350471    
   1250.00000       8.13038349    
   1367.21216       7.96936083    
   1457.55603       7.84696865    
   1500.00000       7.79023075    
   1514.14795       7.73022795    
   1544.26257       7.52000618    
   1583.33337       7.27701521    
   1622.40405       7.02039814    
   1652.51868       6.83111954    
   1666.66663       6.74054241    
   1680.81470       6.65218401    
   1710.92932       6.46528339    
   1750.00000       6.22451544    
   1789.07080       5.98551178    
   1819.18530       5.80269432    
   1833.33337       5.71741343    
   1847.48132       5.63370943    
   1877.59595       5.45685863    
   1916.66663       5.22931051    
   1955.73743       5.00367689    
   1985.85205       4.83125639    
   2000.00000       4.75089169    
   2014.14807       4.67217255    
   2044.26257       4.50597906    
   2083.33325       4.29230070    
   2122.40405       4.08054781    
   2152.51880       3.91881061    
   2166.66675       3.84345102    
   2180.81470       3.76968741    
   2210.92920       3.61399078    
   2250.00000       3.41383529    
   2289.07080       3.21547961    
   2319.18530       3.06394863    
   2333.33325       2.99332523    
   2347.48145       2.92413568    
   2377.59595       2.77803135    
   2416.66675       2.59009552    
   2455.73755       2.40370727    
   2485.85205       2.26118493    
   2500.00000       2.19469595    
   2514.14795       2.12937856    
   2544.26270       1.99129093    
   2583.33325       1.81341767    
   2622.40405       1.63673258    
   2652.51880       1.50139499    
   2666.66675       1.43815064    
   2680.81470       1.37573516    
   2710.92920       1.24353421    
   2750.00000       1.07287145    
   2789.07080      0.902955651    
   2819.18530      0.772483468    
   2833.33350      0.711371303    
   2847.48145      0.650688112    
   2877.59595      0.521839499    
   2916.66675      0.355041146    
   2955.73755      0.188497588    
   2985.85205       6.02386631E-02
   3000.00000       3.40608894E-05
