   0.00000000       9.99997997    
   42.4440269       9.93477440    
   132.787796       9.79600811    
   250.000000       9.61623001    
   367.212189       9.43691635    
   457.555969       9.29922581    
   500.000000       9.23480988    
   542.444031       9.17117214    
   632.787781       9.03642559    
   750.000000       8.86275578    
   867.212219       8.69041634    
   957.555969       8.55874634    
   1000.00000       8.49742603    
   1042.44397       8.43755341    
   1132.78784       8.31136322    
   1250.00000       8.14952850    
   1367.21216       7.98970652    
   1457.55603       7.86816883    
   1500.00000       7.81180096    
   1514.14795       7.75213671    
   1544.26257       7.54307890    
   1583.33337       7.30137634    
   1622.40405       7.04607439    
   1652.51868       6.85771894    
   1666.66663       6.76756668    
   1680.81470       6.67957211    
   1710.92932       6.49339914    
   1750.00000       6.25350666    
   1789.07080       6.01530838    
   1819.18530       5.83305645    
   1833.33337       5.74801683    
   1847.48132       5.66449213    
   1877.59595       5.48797131    
   1916.66663       5.26077604    
   1955.73743       5.03542089    
   1985.85205       4.86315632    
   2000.00000       4.78284025    
   2014.14807       4.70410585    
   2044.26257       4.53782701    
   2083.33325       4.32396269    
   2122.40405       4.11194992    
   2152.51880       3.94995570    
   2166.66675       3.87445116    
   2180.81470       3.80048180    
   2210.92920       3.64429688    
   2250.00000       3.44343758    
   2289.07080       3.24430966    
   2319.18530       3.09213209    
   2333.33325       3.02118325    
   2347.48145       2.95161438    
   2377.59595       2.80465865    
   2416.66675       2.61555648    
   2455.73755       2.42794418    
   2485.85205       2.28443575    
   2500.00000       2.21746564    
   2514.14795       2.15162349    
   2544.26270       2.01238370    
   2583.33325       1.83296776    
   2622.40405       1.65469575    
   2652.51880       1.51810348    
   2666.66675       1.45425725    
   2680.81470       1.39120901    
   2710.92920       1.25763690    
   2750.00000       1.08516359    
   2789.07080      0.913409770    
   2819.18530      0.781502545    
   2833.33350      0.719709337    
   2847.48145      0.658329248    
   2877.59595      0.527985632    
   2916.66675      0.359233946    
   2955.73755      0.190727666    
   2985.85205       6.09519370E-02
   3000.00000       3.44642503E-05
