   0.00000000       9.99997997    
   42.4440269       9.93513966    
   132.787796       9.79714966    
   250.000000       9.61837292    
   367.212189       9.44005108    
   457.555969       9.30311394    
   500.000000       9.23904610    
   542.444031       9.17574024    
   632.787781       9.04168510    
   750.000000       8.86888790    
   867.212219       8.69739246    
   957.555969       8.56634903    
   1000.00000       8.50531197    
   1042.44397       8.44569206    
   1132.78784       8.32001305    
   1250.00000       8.15880299    
   1367.21216       7.99956322    
   1457.55603       7.87843990    
   1500.00000       7.82225180    
   1514.14795       7.76275206    
   1544.26257       7.55425978    
   1583.33337       7.31318331    
   1622.40405       7.05852079    
   1652.51868       6.87061405    
   1666.66663       6.78066874    
   1680.81470       6.69285154    
   1710.92932       6.50703287    
   1750.00000       6.26756668    
   1789.07080       6.02976084    
   1819.18530       5.84778452    
   1833.33337       5.76286268    
   1847.48132       5.67942572    
   1877.59595       5.50306606    
   1916.66663       5.27604437    
   1955.73743       5.05082560    
   1985.85205       4.87863827    
   2000.00000       4.79834652    
   2014.14807       4.71960545    
   2044.26257       4.55328608    
   2083.33325       4.33933306    
   2122.40405       4.12719536    
   2152.51880       3.96507764    
   2166.66675       3.88950324    
   2180.81470       3.81543446    
   2210.92920       3.65901351    
   2250.00000       3.45781350    
   2289.07080       3.25831199    
   2319.18530       3.10582113    
   2333.33325       3.03471470    
   2347.48145       2.96496201    
   2377.59595       2.81759310    
   2416.66675       2.62792563    
   2455.73755       2.43971920    
   2485.85205       2.29573202    
   2500.00000       2.22852850    
   2514.14795       2.16243172    
   2544.26270       2.02263260    
   2583.33325       1.84246755    
   2622.40405       1.66342485    
   2652.51880       1.52622330    
   2666.66675       1.46208453    
   2680.81470       1.39872897    
   2710.92920       1.26449072    
   2750.00000       1.09113777    
   2789.07080      0.918490648    
   2819.18530      0.785886049    
   2833.33350      0.723761916    
   2847.48145      0.662043154    
   2877.59595      0.530972898    
   2916.66675      0.361271858    
   2955.73755      0.191811591    
   2985.85205       6.12986237E-02
   3000.00000       3.46603047E-05
