   0.00000000       9.99997997    
   42.4440269       9.93549728    
   132.787796       9.79826736    
   250.000000       9.62047100    
   367.212189       9.44312000    
   457.555969       9.30692005    
   500.000000       9.24319363    
   542.444031       9.18021202    
   632.787781       9.04683304    
   750.000000       8.87489033    
   867.212219       8.70422268    
   957.555969       8.57379246    
   1000.00000       8.51303196    
   1042.44397       8.45366001    
   1132.78784       8.32848167    
   1250.00000       8.16788387    
   1367.21216       8.00921535    
   1457.55603       7.88849831    
   1500.00000       7.83248615    
   1514.14795       7.77314806    
   1544.26257       7.56521034    
   1583.33337       7.32474899    
   1622.40405       7.07071400    
   1652.51868       6.88324785    
   1666.66663       6.79350519    
   1680.81470       6.70586205    
   1710.92932       6.52039146    
   1750.00000       6.28134441    
   1789.07080       6.04392433    
   1819.18530       5.86221838    
   1833.33337       5.77741289    
   1847.48132       5.69406176    
   1877.59595       5.51786137    
   1916.66663       5.29101038    
   1955.73743       5.06592655    
   1985.85205       4.89381599    
   2000.00000       4.81354856    
   2014.14807       4.73480082    
   2044.26257       4.56844282    
   2083.33325       4.35440397    
   2122.40405       4.14214468    
   2152.51880       3.97990632    
   2166.66675       3.90426421    
   2180.81470       3.83009791    
   2210.92920       3.67344618    
   2250.00000       3.47191310    
   2289.07080       3.27204537    
   2319.18530       3.11924791    
   2333.33325       3.04798746    
   2347.48145       2.97805429    
   2377.59595       2.83028078    
   2416.66675       2.64005899    
   2455.73755       2.45127058    
   2485.85205       2.30681443    
   2500.00000       2.23938203    
   2514.14795       2.17303538    
   2544.26270       2.03268766    
   2583.33325       1.85178792    
   2622.40405       1.67198944    
   2652.51880       1.53419018    
   2666.66675       1.46976459    
   2680.81470       1.40610743    
   2710.92920       1.27121568    
   2750.00000       1.09699965    
   2789.07080      0.923476279    
   2819.18530      0.790187478    
   2833.33350      0.727738559    
   2847.48145      0.665687561    
   2877.59595      0.533904314    
   2916.66675      0.363271624    
   2955.73755      0.192875236    
   2985.85205       6.16388209E-02
   3000.00000       3.48526883E-05
