   0.00000000       9.99997997    
   42.4440269       9.93584728    
   132.787796       9.79936123    
   250.000000       9.62252426    
   367.212189       9.44612312    
   457.555969       9.31064606    
   500.000000       9.24725246    
   542.444031       9.18458939    
   632.787781       9.05187321    
   750.000000       8.88076687    
   867.212219       8.71090889    
   957.555969       8.58108044    
   1000.00000       8.52059078    
   1042.44397       8.46146107    
   1132.78784       8.33677483    
   1250.00000       8.17677593    
   1367.21216       8.01866627    
   1457.55603       7.89834833    
   1500.00000       7.84250879    
   1514.14795       7.78332949    
   1544.26257       7.57593584    
   1583.33337       7.33607769    
   1622.40405       7.08265877    
   1652.51868       6.89562511    
   1666.66663       6.80608177    
   1680.81470       6.71860933    
   1710.92932       6.53348064    
   1750.00000       6.29484510    
   1789.07080       6.05780411    
   1819.18530       5.87636471    
   1833.33337       5.79167318    
   1847.48132       5.70840693    
   1877.59595       5.53236294    
   1916.66663       5.30568027    
   1955.73743       5.08073044    
   1985.85205       4.90869570    
   2000.00000       4.82845163    
   2014.14807       4.74969816    
   2044.26257       4.58330297    
   2083.33325       4.36918068    
   2122.40405       4.15680361    
   2152.51880       3.99444771    
   2166.66675       3.91873884    
   2180.81470       3.84447765    
   2210.92920       3.68759990    
   2250.00000       3.48574066    
   2289.07080       3.28551507    
   2319.18530       3.13241720    
   2333.33325       3.06100559    
   2347.48145       2.99089599    
   2377.59595       2.84272599    
   2416.66675       2.65196109    
   2455.73755       2.46260214    
   2485.85205       2.31768608    
   2500.00000       2.25002933    
   2514.14795       2.18343782    
   2544.26270       2.04255223    
   2583.33325       1.86093199    
   2622.40405       1.68039215    
   2652.51880       1.54200673    
   2666.66675       1.47729993    
   2680.81470       1.41334689    
   2710.92920       1.27781403    
   2750.00000       1.10275126    
   2789.07080      0.928368151    
   2819.18530      0.794408083    
   2833.33350      0.731640577    
   2847.48145      0.669263482    
   2877.59595      0.536780596    
   2916.66675      0.365233839    
   2955.73755      0.193918929    
   2985.85205       6.19726367E-02
   3000.00000       3.50414666E-05
