   0.00000000       9.99997997    
   42.4440269       9.93618965    
   132.787796       9.80043221    
   250.000000       9.62453461    
   367.212189       9.44906425    
   457.555969       9.31429386    
   500.000000       9.25122738    
   542.444031       9.18887520    
   632.787781       9.05680847    
   750.000000       8.88652134    
   867.212219       8.71745586    
   957.555969       8.58821583    
   1000.00000       8.52799225    
   1042.44397       8.46910000    
   1132.78784       8.34489441    
   1250.00000       8.18548393    
   1367.21216       8.02792263    
   1457.55603       7.90799475    
   1500.00000       7.85232496    
   1514.14795       7.79330111    
   1544.26257       7.58644152    
   1583.33337       7.34717464    
   1622.40405       7.09436035    
   1652.51868       6.90775108    
   1666.66663       6.81840324    
   1680.81470       6.73109865    
   1710.92932       6.54630613    
   1750.00000       6.30807495    
   1789.07080       6.07140636    
   1819.18530       5.89022875    
   1833.33337       5.80564880    
   1847.48132       5.72246647    
   1877.59595       5.54657698    
   1916.66663       5.32006025    
   1955.73743       5.09524202    
   1985.85205       4.92328215    
   2000.00000       4.84306240    
   2014.14807       4.76430368    
   2044.26257       4.59787273    
   2083.33325       4.38366938    
   2122.40405       4.17117739    
   2152.51880       4.00870657    
   2166.66675       3.93293285    
   2180.81470       3.85857868    
   2210.92920       3.70147991    
   2250.00000       3.49930167    
   2289.07080       3.29872537    
   2319.18530       3.14533377    
   2333.33325       3.07377410    
   2347.48145       3.00349164    
   2377.59595       2.85493279    
   2416.66675       2.66363573    
   2455.73755       2.47371769    
   2485.85205       2.32835078    
   2500.00000       2.26047421    
   2514.14795       2.19364262    
   2544.26270       2.05222940    
   2583.33325       1.86990273    
   2622.40405       1.68863595    
   2652.51880       1.54967546    
   2666.66675       1.48469281    
   2680.81470       1.42044950    
   2710.92920       1.28428781    
   2750.00000       1.10839450    
   2789.07080      0.933167875    
   2819.18530      0.798549175    
   2833.33350      0.735469162    
   2847.48145      0.672772110    
   2877.59595      0.539602876    
   2916.66675      0.367159188    
   2955.73755      0.194942981    
   2985.85205       6.23001792E-02
   3000.00000       3.52266907E-05
