   0.00000000       9.99997997    
   42.4440269       9.93652534    
   132.787796       9.80148029    
   250.000000       9.62650204    
   367.212189       9.45194340    
   457.555969       9.31786442    
   500.000000       9.25511742    
   542.444031       9.19307137    
   632.787781       9.06163979    
   750.000000       8.89215469    
   867.212219       8.72386646    
   957.555969       8.59520245    
   1000.00000       8.53523922    
   1042.44397       8.47657967    
   1132.78784       8.35284615    
   1250.00000       8.19401073    
   1367.21216       8.03698730    
   1457.55603       7.91744232    
   1500.00000       7.86193848    
   1514.14795       7.80306721    
   1544.26257       7.59673166    
   1583.33337       7.35804558    
   1622.40405       7.10582447    
   1652.51868       6.91963196    
   1666.66663       6.83047581    
   1680.81470       6.74333572    
   1710.92932       6.55887270    
   1750.00000       6.32103920    
   1789.07080       6.08473682    
   1819.18530       5.90381622    
   1833.33337       5.81934643    
   1847.48132       5.73624659    
   1877.59595       5.56050873    
   1916.66663       5.33415604    
   1955.73743       5.10946798    
   1985.85205       4.93758202    
   2000.00000       4.85738611    
   2014.14807       4.77862215    
   2044.26257       4.61215687    
   2083.33325       4.39787483    
   2122.40405       4.18527079    
   2152.51880       4.02268839    
   2166.66675       3.94685125    
   2180.81470       3.87240624    
   2210.92920       3.71509123    
   2250.00000       3.51260090    
   2289.07080       3.31168127    
   2319.18530       3.15800190    
   2333.33325       3.08629727    
   2347.48145       3.01584530    
   2377.59595       2.86690593    
   2416.66675       2.67508698    
   2455.73755       2.48462105    
   2485.85205       2.33881211    
   2500.00000       2.27072024    
   2514.14795       2.20365286    
   2544.26270       2.06172252    
   2583.33325       1.87870312    
   2622.40405       1.69672322    
   2652.51880       1.55719900    
   2666.66675       1.49194562    
   2680.81470       1.42741776    
   2710.92920       1.29063916    
   2750.00000       1.11393106    
   2789.07080      0.937876999    
   2819.18530      0.802612185    
   2833.33350      0.739225507    
   2847.48145      0.676214576    
   2877.59595      0.542371869    
   2916.66675      0.369048208    
   2955.73755      0.195947751    
   2985.85205       6.26215488E-02
   3000.00000       3.54084295E-05
