   0.00000000       9.99998093    
   42.4440269       9.93779850    
   132.787796       9.80545807    
   250.000000       9.63397121    
   367.212189       9.46286869    
   457.555969       9.33141708    
   500.000000       9.26988506    
   542.444031       9.20899582    
   632.787781       9.07997704    
   750.000000       8.91353893    
   867.212219       8.74820042    
   957.555969       8.62172604    
   1000.00000       8.56275272    
   1042.44397       8.50497913    
   1132.78784       8.38303757    
   1250.00000       8.22639370    
   1367.21216       8.07141495    
   1457.55603       7.95332813    
   1500.00000       7.89845657    
   1514.14795       7.84016705    
   1544.26257       7.63582897    
   1583.33337       7.39935875    
   1622.40405       7.14940071    
   1652.51868       6.96479797    
   1666.66663       6.87637424    
   1680.81470       6.78986406    
   1710.92932       6.60666227    
   1750.00000       6.37034798    
   1789.07080       6.13544559    
   1819.18530       5.95551062    
   1833.33337       5.87146282    
   1847.48132       5.78867865    
   1877.59595       5.61352539    
   1916.66663       5.38780355    
   1955.73743       5.16361904    
   1985.85205       4.99202156    
   2000.00000       4.91191816    
   2014.14807       4.83313799    
   2044.26257       4.66654682    
   2083.33325       4.45197344    
   2122.40405       4.23894978    
   2152.51880       4.07594681    
   2166.66675       3.99987078    
   2180.81470       3.92508149    
   2210.92920       3.76694751    
   2250.00000       3.56327295    
   2289.07080       3.36105108    
   2319.18530       3.20627880    
   2333.33325       3.13402390    
   2347.48145       3.06292748    
   2377.59595       2.91254020    
   2416.66675       2.71873689    
   2455.73755       2.52618551    
   2485.85205       2.37869525    
   2500.00000       2.30978251    
   2514.14795       2.24181867    
   2544.26270       2.09791803    
   2583.33325       1.91225910    
   2622.40405       1.72756267    
   2652.51880       1.58588970    
   2666.66675       1.51960504    
   2680.81470       1.45399201    
   2710.92920       1.31486154    
   2750.00000       1.13504672    
   2789.07080      0.955837607    
   2819.18530      0.818109095    
   2833.33350      0.753553033    
   2847.48145      0.689345002    
   2877.59595      0.552933693    
   2916.66675      0.376253605    
   2955.73755      0.199780241    
   2985.85205       6.38473555E-02
   3000.00000       3.61016318E-05
