   0.00000000       9.99997997    
   42.4440269       9.93717575    
   132.787796       9.80351162    
   250.000000       9.63031578    
   367.212189       9.45752144    
   457.555969       9.32478333    
   500.000000       9.26265717    
   542.444031       9.20120144    
   632.787781       9.07100105    
   750.000000       8.90307140    
   867.212219       8.73628902    
   957.555969       8.60874176    
   1000.00000       8.54928493    
   1042.44397       8.49107647    
   1132.78784       8.36825752    
   1250.00000       8.21053982    
   1367.21216       8.05455875    
   1457.55603       7.93575811    
   1500.00000       7.88057613    
   1514.14795       7.82200146    
   1544.26257       7.61668396    
   1583.33337       7.37912703    
   1622.40405       7.12805891    
   1652.51868       6.94267607    
   1666.66663       6.85389328    
   1680.81470       6.76707411    
   1710.92932       6.58325291    
   1750.00000       6.34619284    
   1789.07080       6.11060286    
   1819.18530       5.93018389    
   1833.33337       5.84592867    
   1847.48132       5.76298952    
   1877.59595       5.58754826    
   1916.66663       5.36151600    
   1955.73743       5.13708305    
   1985.85205       4.96534348    
   2000.00000       4.88519382    
   2014.14807       4.80642080    
   2044.26257       4.63989067    
   2083.33325       4.42545843    
   2122.40405       4.21263933    
   2152.51880       4.04984140    
   2166.66675       3.97388196    
   2180.81470       3.89926100    
   2210.92920       3.74152756    
   2250.00000       3.53843236    
   2289.07080       3.33684802    
   2319.18530       3.18261075    
   2333.33325       3.11062527    
   2347.48145       3.03984451    
   2377.59595       2.89016628    
   2416.66675       2.69733524    
   2455.73755       2.50580573    
   2485.85205       2.35913920    
   2500.00000       2.29062867    
   2514.14795       2.22310424    
   2544.26270       2.08016944    
   2583.33325       1.89580441    
   2622.40405       1.71243978    
   2652.51880       1.57182014    
   2666.66675       1.50604105    
   2680.81470       1.44096017    
   2710.92920       1.30298293    
   2750.00000       1.12469137    
   2789.07080      0.947029471    
   2819.18530      0.810509086    
   2833.33350      0.746526480    
   2847.48145      0.682905495    
   2877.59595      0.547753870    
   2916.66675      0.372719854    
   2955.73755      0.197900668    
   2985.85205       6.32461756E-02
   3000.00000       3.57616627E-05
