   0.00000000       9.99997997    
   42.4440269       9.93685341    
   132.787796       9.80250645    
   250.000000       9.62842941    
   367.212189       9.45476151    
   457.555969       9.32136059    
   500.000000       9.25892735    
   542.444031       9.19717884    
   632.787781       9.06636906    
   750.000000       8.89767075    
   867.212219       8.73014259    
   957.555969       8.60204315    
   1000.00000       8.54233551    
   1042.44397       8.48390484    
   1132.78784       8.36063290    
   1250.00000       8.20236206    
   1367.21216       8.04586506    
   1457.55603       7.92669535    
   1500.00000       7.87135410    
   1514.14795       7.81263256    
   1544.26257       7.60681057    
   1583.33337       7.36869478    
   1622.40405       7.11705542    
   1652.51868       6.93127155    
   1666.66663       6.84230375    
   1680.81470       6.75532579    
   1710.92932       6.57118702    
   1750.00000       6.33374357    
   1789.07080       6.09780025    
   1819.18530       5.91713285    
   1833.33337       5.83277130    
   1847.48132       5.74975252    
   1877.59595       5.57416391    
   1916.66663       5.34797287    
   1955.73743       5.12341309    
   1985.85205       4.95160055    
   2000.00000       4.87142801    
   2014.14807       4.79265928    
   2044.26257       4.62616062    
   2083.33325       4.41180277    
   2122.40405       4.19909000    
   2152.51880       4.03639841    
   2166.66675       3.96049929    
   2180.81470       3.88596535    
   2210.92920       3.72843885    
   2250.00000       3.52564287    
   2289.07080       3.32438731    
   2319.18530       3.17042589    
   2333.33325       3.09857941    
   2347.48145       3.02796149    
   2377.59595       2.87864900    
   2416.66675       2.68631887    
   2455.73755       2.49531579    
   2485.85205       2.34907389    
   2500.00000       2.28077054    
   2514.14795       2.21347237    
   2544.26270       2.07103491    
   2583.33325       1.88733602    
   2622.40405       1.70465696    
   2652.51880       1.56457973    
   2666.66675       1.49906099    
   2680.81470       1.43425393    
   2710.92920       1.29687023    
   2750.00000       1.11936271    
   2789.07080      0.942497015    
   2819.18530      0.806598425    
   2833.33350      0.742910862    
   2847.48145      0.679592013    
   2877.59595      0.545088589    
   2916.66675      0.370901585    
   2955.73755      0.196933538    
   2985.85205       6.29368424E-02
   3000.00000       3.55867342E-05
