   0.00000000       9.99997997    
   42.4440269       9.93749046    
   132.787796       9.80449486    
   250.000000       9.63216305    
   367.212189       9.46022320    
   457.555969       9.32813549    
   500.000000       9.26630878    
   542.444031       9.20513916    
   632.787781       9.07553577    
   750.000000       8.90835953    
   867.212219       8.74230766    
   957.555969       8.61530209    
   1000.00000       8.55608940    
   1042.44397       8.49810028    
   1132.78784       8.37572479    
   1250.00000       8.21854877    
   1367.21216       8.06307507    
   1457.55603       7.94463444    
   1500.00000       7.88960934    
   1514.14795       7.83117819    
   1544.26257       7.62635517    
   1583.33337       7.38934660    
   1622.40405       7.13883877    
   1652.51868       6.95384979    
   1666.66663       6.86524820    
   1680.81470       6.77858496    
   1710.92932       6.59507656    
   1750.00000       6.35839272    
   1789.07080       6.12314987    
   1819.18530       5.94297457    
   1833.33337       5.85882425    
   1847.48132       5.77596331    
   1877.59595       5.60066700    
   1916.66663       5.37479115    
   1955.73743       5.15048313    
   1985.85205       4.97881508    
   2000.00000       4.89868879    
   2014.14807       4.81991196    
   2044.26257       4.65335083    
   2083.33325       4.43884706    
   2122.40405       4.22592449    
   2152.51880       4.06302261    
   2166.66675       3.98700404    
   2180.81470       3.91229820    
   2210.92920       3.75436234    
   2250.00000       3.55097437    
   2289.07080       3.34906769    
   2319.18530       3.19456029    
   2333.33325       3.12243843    
   2347.48145       3.05149841    
   2377.59595       2.90146208    
   2416.66675       2.70814013    
   2455.73755       2.51609445    
   2485.85205       2.36901188    
   2500.00000       2.30029845    
   2514.14795       2.23255205    
   2544.26270       2.08912945    
   2583.33325       1.90411115    
   2622.40405       1.72007418    
   2652.51880       1.57892275    
   2666.66675       1.51288831    
   2680.81470       1.44753885    
   2710.92920       1.30897927    
   2750.00000       1.12991881    
   2789.07080      0.951475859    
   2819.18530      0.814345598    
   2833.33350      0.750073493    
   2847.48145      0.686156154    
   2877.59595      0.550368607    
   2916.66675      0.374503672    
   2955.73755      0.198849469    
   2985.85205       6.35496452E-02
   3000.00000       3.59332771E-05
