   0.00000000       9.99998093    
   42.4440269       9.93810081    
   132.787796       9.80640125    
   250.000000       9.63574219    
   367.212189       9.46545982    
   457.555969       9.33463097    
   500.000000       9.27338696    
   542.444031       9.21277237    
   632.787781       9.08432579    
   750.000000       8.91861057    
   867.212219       8.75397205    
   957.555969       8.62801743    
   1000.00000       8.56927967    
   1042.44397       8.51171494    
   1132.78784       8.39020061    
   1250.00000       8.23407650    
   1367.21216       8.07958412    
   1457.55603       7.96184397    
   1500.00000       7.90712309    
   1514.14795       7.84897184    
   1544.26257       7.64510965    
   1583.33337       7.40916729    
   1622.40405       7.15974855    
   1652.51868       6.97552490    
   1666.66663       6.88727617    
   1680.81470       6.80091619    
   1710.92932       6.61801481    
   1750.00000       6.38206387    
   1789.07080       6.14749622    
   1819.18530       5.96779633    
   1833.33337       5.88384962    
   1847.48132       5.80114174    
   1877.59595       5.62612867    
   1916.66663       5.40055847    
   1955.73743       5.17649508    
   1985.85205       5.00496817    
   2000.00000       4.92488718    
   2014.14807       4.84610367    
   2044.26257       4.67948389    
   2083.33325       4.46484232    
   2122.40405       4.25172091    
   2152.51880       4.08861876    
   2166.66675       4.01248646    
   2180.81470       3.93761563    
   2210.92920       3.77928782    
   2250.00000       3.57533288    
   2289.07080       3.37280226    
   2319.18530       3.21777081    
   2333.33325       3.14538527    
   2347.48145       3.07413578    
   2377.59595       2.92340446    
   2416.66675       2.72912979    
   2455.73755       2.53608274    
   2485.85205       2.38819242    
   2500.00000       2.31908464    
   2514.14795       2.25090742    
   2544.26270       2.10653806    
   2583.33325       1.92025101    
   2622.40405       1.73490810    
   2652.51880       1.59272373    
   2666.66675       1.52619338    
   2680.81470       1.46032202    
   2710.92920       1.32063150    
   2750.00000       1.14007676    
   2789.07080      0.960116327    
   2819.18530      0.821801007    
   2833.33350      0.756966352    
   2847.48145      0.692473173    
   2877.59595      0.555449903    
   2916.66675      0.377970219    
   2955.73755      0.200693324    
   2985.85205       6.41393960E-02
   3000.00000       3.62667852E-05
