   0.00000000       9.99998093    
   42.4440269       9.93868542    
   132.787796       9.80822945    
   250.000000       9.63917446    
   367.212189       9.47048092    
   457.555969       9.34085941    
   500.000000       9.28017330    
   542.444031       9.22009087    
   632.787781       9.09275436    
   750.000000       8.92844009    
   867.212219       8.76515961    
   957.555969       8.64021301    
   1000.00000       8.58193016    
   1042.44397       8.52477360    
   1132.78784       8.40408516    
   1250.00000       8.24897099    
   1367.21216       8.09542274    
   1457.55603       7.97835636    
   1500.00000       7.92392731    
   1514.14795       7.86604548    
   1544.26257       7.66310787    
   1583.33337       7.42819118    
   1622.40405       7.17982054    
   1652.51868       6.99633360    
   1666.66663       6.90842438    
   1680.81470       6.82235670    
   1710.92932       6.64004135    
   1750.00000       6.40479612    
   1789.07080       6.17087984    
   1819.18530       5.99163866    
   1833.33337       5.90788841    
   1847.48132       5.82532835    
   1877.59595       5.65058899    
   1916.66663       5.42531586    
   1955.73743       5.20148993    
   1985.85205       5.03009987    
   2000.00000       4.95006418    
   2014.14807       4.87127447    
   2044.26257       4.70460033    
   2083.33325       4.48982906    
   2122.40405       4.27651834    
   2152.51880       4.11322546    
   2166.66675       4.03698444    
   2180.81470       3.96195602    
   2210.92920       3.80325270    
   2250.00000       3.59875417    
   2289.07080       3.39562511    
   2319.18530       3.24009132    
   2333.33325       3.16745234    
   2347.48145       3.09590626    
   2377.59595       2.94450760    
   2416.66675       2.74931765    
   2455.73755       2.55530858    
   2485.85205       2.40664244    
   2500.00000       2.33715582    
   2514.14795       2.26856422    
   2544.26270       2.12328458    
   2583.33325       1.93577790    
   2622.40405       1.74917936    
   2652.51880       1.60600150    
   2666.66675       1.53899431    
   2680.81470       1.47262108    
   2710.92920       1.33184254    
   2750.00000       1.14985049    
   2789.07080      0.968430161    
   2819.18530      0.828974724    
   2833.33350      0.763598919    
   2847.48145      0.698551595    
   2877.59595      0.560339332    
   2916.66675      0.381305873    
   2955.73755      0.202467561    
   2985.85205       6.47068843E-02
   3000.00000       3.65877022E-05
