   0.00000000       9.99998093    
   42.4440269       9.93839550    
   132.787796       9.80732536    
   250.000000       9.63747692    
   367.212189       9.46799660    
   457.555969       9.33777809    
   500.000000       9.27681541    
   542.444031       9.21646976    
   632.787781       9.08858395    
   750.000000       8.92357635    
   867.212219       8.75962448    
   957.555969       8.63417816    
   1000.00000       8.57567024    
   1042.44397       8.51831245    
   1132.78784       8.39721489    
   1250.00000       8.24160099    
   1367.21216       8.08758545    
   1457.55603       7.97018528    
   1500.00000       7.91561174    
   1514.14795       7.85759687    
   1544.26257       7.65420151    
   1583.33337       7.41877651    
   1622.40405       7.16988707    
   1652.51868       6.98603535    
   1666.66663       6.89795780    
   1680.81470       6.81174564    
   1710.92932       6.62913990    
   1750.00000       6.39354515    
   1789.07080       6.15930605    
   1819.18530       5.97983742    
   1833.33337       5.89598989    
   1847.48132       5.81335640    
   1877.59595       5.63848162    
   1916.66663       5.41306114    
   1955.73743       5.18911743    
   1985.85205       5.01765919    
   2000.00000       4.93760109    
   2014.14807       4.85881424    
   2044.26257       4.69216681    
   2083.33325       4.47745943    
   2122.40405       4.26424217    
   2152.51880       4.10104322    
   2166.66675       4.02485609    
   2180.81470       3.94990563    
   2210.92920       3.79138803    
   2250.00000       3.58715844    
   2289.07080       3.38432550    
   2319.18530       3.22904038    
   2333.33325       3.15652680    
   2347.48145       3.08512735    
   2377.59595       2.93405890    
   2416.66675       2.73932219    
   2455.73755       2.54578924    
   2485.85205       2.39750695    
   2500.00000       2.32820797    
   2514.14795       2.25982165    
   2544.26270       2.11499262    
   2583.33325       1.92808974    
   2622.40405       1.74211276    
   2652.51880       1.59942687    
   2666.66675       1.53265572    
   2680.81470       1.46653104    
   2710.92920       1.32629120    
   2750.00000       1.14501083    
   2789.07080      0.964313328    
   2819.18530      0.825422466    
   2833.33350      0.760314643    
   2847.48145      0.695541680    
   2877.59595      0.557918191    
   2916.66675      0.379654139    
   2955.73755      0.201588988    
   2985.85205       6.44258708E-02
   3000.00000       3.64287916E-05
