   0.00000000       9.99998093    
   42.4440269       9.93896866    
   132.787796       9.80911541    
   250.000000       9.64083767    
   367.212189       9.47291374    
   457.555969       9.34387779    
   500.000000       9.28346157    
   542.444031       9.22363758    
   632.787781       9.09683800    
   750.000000       8.93320370    
   867.212219       8.77058125    
   957.555969       8.64612293    
   1000.00000       8.58806133    
   1042.44397       8.53110218    
   1132.78784       8.41081524    
   1250.00000       8.25619030    
   1367.21216       8.10309982    
   1457.55603       7.98636007    
   1500.00000       7.93207264    
   1514.14795       7.87432194    
   1544.26257       7.67183304    
   1583.33337       7.43741465    
   1622.40405       7.18955326    
   1652.51868       7.00642443    
   1666.66663       6.91868019    
   1680.81470       6.83275461    
   1710.92932       6.65072346    
   1750.00000       6.41582203    
   1789.07080       6.18222284    
   1819.18530       6.00320482    
   1833.33337       5.91955042    
   1847.48132       5.83706188    
   1877.59595       5.66245651    
   1916.66663       5.43732786    
   1955.73743       5.21361828    
   1985.85205       5.04229546    
   2000.00000       4.96228170    
   2014.14807       4.88348961    
   2044.26257       4.71678972    
   2083.33325       4.50195599    
   2122.40405       4.28855419    
   2152.51880       4.12516928    
   2166.66675       4.04887533    
   2180.81470       3.97377110    
   2210.92920       3.81488585    
   2250.00000       3.61012411    
   2289.07080       3.40670538    
   2319.18530       3.25092816    
   2333.33325       3.17816639    
   2347.48145       3.10647607    
   2377.59595       2.95475364    
   2416.66675       2.75911999    
   2455.73755       2.56464434    
   2485.85205       2.41560149    
   2500.00000       2.34593129    
   2514.14795       2.27713847    
   2544.26270       2.13141704    
   2583.33325       1.94331825    
   2622.40405       1.75611007    
   2652.51880       1.61245012    
   2666.66675       1.54521132    
   2680.81470       1.47859442    
   2710.92920       1.33728755    
   2750.00000       1.15459740    
   2789.07080      0.972468138    
   2819.18530      0.832458973    
   2833.33350      0.766820371    
   2847.48145      0.701503932    
   2877.59595      0.562714159    
   2916.66675      0.382926047    
   2955.73755      0.203329325    
   2985.85205       6.49825186E-02
   3000.00000       3.67435787E-05
