   0.00000000       9.99998093    
   42.4440269       9.93924618    
   132.787796       9.80998325    
   250.000000       9.64246655    
   367.212189       9.47529602    
   457.555969       9.34683323    
   500.000000       9.28668213    
   542.444031       9.22711086    
   632.787781       9.10083771    
   750.000000       8.93786907    
   867.212219       8.77589130    
   957.555969       8.65191078    
   1000.00000       8.59406567    
   1042.44397       8.53730011    
   1132.78784       8.41740608    
   1250.00000       8.26326180    
   1367.21216       8.11062050    
   1457.55603       7.99420023    
   1500.00000       7.94005203    
   1514.14795       7.88242960    
   1544.26257       7.68038130    
   1583.33337       7.44645119    
   1622.40405       7.19908953    
   1652.51868       7.01631212    
   1666.66663       6.92872953    
   1680.81470       6.84294319    
   1710.92932       6.66119194    
   1750.00000       6.42662764    
   1789.07080       6.19333935    
   1819.18530       6.01454020    
   1833.33337       5.93098021    
   1847.48132       5.84856224    
   1877.59595       5.67408800    
   1916.66663       5.44910240    
   1955.73743       5.22550678    
   1985.85205       5.05425024    
   2000.00000       4.97425842    
   2014.14807       4.89546394    
   2044.26257       4.72873926    
   2083.33325       4.51384497    
   2122.40405       4.30035448    
   2152.51880       4.13687944    
   2166.66675       4.06053448    
   2180.81470       3.98535514    
   2210.92920       3.82629204    
   2250.00000       3.62127280    
   2289.07080       3.41757011    
   2319.18530       3.26155424    
   2333.33325       3.18867230    
   2347.48145       3.11684108    
   2377.59595       2.96480155    
   2416.66675       2.76873279    
   2455.73755       2.57379961    
   2485.85205       2.42438769    
   2500.00000       2.35453725    
   2514.14795       2.28554749    
   2544.26270       2.13939285    
   2583.33325       1.95071352    
   2622.40405       1.76290762    
   2652.51880       1.61877465    
   2666.66675       1.55130887    
   2680.81470       1.48445296    
   2710.92920       1.34262800    
   2750.00000       1.15925336    
   2789.07080      0.976428688    
   2819.18530      0.835876524    
   2833.33350      0.769980133    
   2847.48145      0.704399705    
   2877.59595      0.565043569    
   2916.66675      0.384515196    
   2955.73755      0.204174608    
   2985.85205       6.52528778E-02
   3000.00000       3.68964684E-05
