   0.00000000       9.99998093    
   42.4440269       9.94055080    
   132.787796       9.81405926    
   250.000000       9.65011978    
   367.212189       9.48649216    
   457.555969       9.36072159    
   500.000000       9.30181599    
   542.444031       9.24343204    
   632.787781       9.11963654    
   750.000000       8.95979595    
   867.212219       8.80084801    
   957.555969       8.67911911    
   1000.00000       8.62229156    
   1042.44397       8.56643867    
   1132.78784       8.44839287    
   1250.00000       8.29650974    
   1367.21216       8.14598179    
   1457.55603       8.03107071    
   1500.00000       7.97757769    
   1514.14795       7.92055988    
   1544.26257       7.72058964    
   1583.33337       7.48896599    
   1622.40405       7.24396229    
   1652.51868       7.06284285    
   1666.66663       6.97602510    
   1680.81470       6.89089823    
   1710.92932       6.71046782    
   1750.00000       6.47749805    
   1789.07080       6.24568129    
   1819.18530       6.06792021    
   1833.33337       5.98480511    
   1847.48132       5.90272331    
   1877.59595       5.72887325    
   1916.66663       5.50456524    
   1955.73743       5.28151560    
   1985.85205       5.11057663    
   2000.00000       5.03068972    
   2014.14807       4.95188665    
   2044.26257       4.78504944    
   2083.33325       4.56987572    
   2122.40405       4.35597277    
   2152.51880       4.19207859    
   2166.66675       4.11549330    
   2180.81470       4.03996420    
   2210.92920       3.88006639    
   2250.00000       3.67383695    
   2289.07080       3.46880054    
   2319.18530       3.31166387    
   2333.33325       3.23821640    
   2347.48145       3.16572118    
   2377.59595       3.01218843    
   2416.66675       2.81407142    
   2455.73755       2.61698389    
   2485.85205       2.46583366    
   2500.00000       2.39513421    
   2514.14795       2.32521558    
   2544.26270       2.17701888    
   2583.33325       1.98560262    
   2622.40405       1.79497874    
   2652.51880       1.64861584    
   2666.66675       1.58007932    
   2680.81470       1.51209617    
   2710.92920       1.36782694    
   2750.00000       1.18122292    
   2789.07080      0.995117962    
   2819.18530      0.852003634    
   2833.33350      0.784890950    
   2847.48145      0.718065023    
   2877.59595      0.576035976    
   2916.66675      0.392014593    
   2955.73755      0.208163574    
   2985.85205       6.65287450E-02
   3000.00000       3.76179814E-05
