   0.00000000       9.99998093    
   42.4440269       9.93951797    
   132.787796       9.81083202    
   250.000000       9.64406204    
   367.212189       9.47762966    
   457.555969       9.34972763    
   500.000000       9.28983593    
   542.444031       9.23051167    
   632.787781       9.10475540    
   750.000000       8.94243813    
   867.212219       8.78109169    
   957.555969       8.65758038    
   1000.00000       8.59994698    
   1042.44397       8.54337215    
   1132.78784       8.42386246    
   1250.00000       8.27018833    
   1367.21216       8.11798668    
   1457.55603       8.00188065    
   1500.00000       7.94786882    
   1514.14795       7.89037180    
   1544.26257       7.68875551    
   1583.33337       7.45530510    
   1622.40405       7.20843315    
   1652.51868       7.02600050    
   1666.66663       6.93857670    
   1680.81470       6.85292721    
   1710.92932       6.67145014    
   1750.00000       6.43721676    
   1789.07080       6.20423365    
   1819.18530       6.02565002    
   1833.33337       5.94218206    
   1847.48132       5.85983419    
   1877.59595       5.68548870    
   1916.66663       5.46064329    
   1955.73743       5.23716021    
   1985.85205       5.06596947    
   2000.00000       4.98599863    
   2014.14807       4.90720224    
   2044.26257       4.74045372    
   2083.33325       4.52550030    
   2122.40405       4.31192350    
   2152.51880       4.14836025    
   2166.66675       4.07196522    
   2180.81470       3.99671292    
   2210.92920       3.83747578    
   2250.00000       3.63220406    
   2289.07080       3.42822337    
   2319.18530       3.27197409    
   2333.33325       3.19897437    
   2347.48145       3.12700486    
   2377.59595       2.97465444    
   2416.66675       2.77815938    
   2455.73755       2.58277774    
   2485.85205       2.43300414    
   2500.00000       2.36297703    
   2514.14795       2.29379416    
   2544.26270       2.14721489    
   2583.33325       1.95796621    
   2622.40405       1.76957428    
   2652.51880       1.62497759    
   2666.66675       1.55728924    
   2680.81470       1.49019897    
   2710.92920       1.34786582    
   2750.00000       1.16381979    
   2789.07080      0.980313241    
   2819.18530      0.839228451    
   2833.33350      0.773079216    
   2847.48145      0.707239985    
   2877.59595      0.567328215    
   2916.66675      0.386073887    
   2955.73755      0.205003664    
   2985.85205       6.55180514E-02
   3000.00000       3.70464259E-05
