   0.00000000       9.99998093    
   42.4440269       9.94004536    
   132.787796       9.81247902    
   250.000000       9.64715385    
   367.212189       9.48215294    
   457.555969       9.35533905    
   500.000000       9.29594994    
   542.444031       9.23710632    
   632.787781       9.11235046    
   750.000000       8.95129681    
   867.212219       8.79117489    
   957.555969       8.66857243    
   1000.00000       8.61135006    
   1042.44397       8.55514336    
   1132.78784       8.43638039    
   1250.00000       8.28361988    
   1367.21216       8.13227272    
   1457.55603       8.01677513    
   1500.00000       7.96302843    
   1514.14795       7.90577555    
   1544.26257       7.70499849    
   1583.33337       7.47247887    
   1622.40405       7.22655916    
   1652.51868       7.04479599    
   1666.66663       6.95768070    
   1680.81470       6.87229776    
   1710.92932       6.69135380    
   1750.00000       6.45776415    
   1789.07080       6.22537518    
   1819.18530       6.04721022    
   1833.33337       5.96392202    
   1847.48132       5.88170958    
   1877.59595       5.70761585    
   1916.66663       5.48304367    
   1955.73743       5.25978088    
   1985.85205       5.08871794    
   2000.00000       5.00878954    
   2014.14807       4.92998934    
   2044.26257       4.76319504    
   2083.33325       4.54812860    
   2122.40405       4.33438492    
   2152.51880       4.17065191    
   2166.66675       4.09415960    
   2180.81470       4.01876640    
   2210.92920       3.85919166    
   2250.00000       3.65343094    
   2289.07080       3.44891167    
   2319.18530       3.29220939    
   2333.33325       3.21898127    
   2347.48145       3.14674354    
   2377.59595       2.99378991    
   2416.66675       2.79646754    
   2455.73755       2.60021591    
   2485.85205       2.44974017    
   2500.00000       2.37937021    
   2514.14795       2.30981207    
   2544.26270       2.16240811    
   2583.33325       1.97205424    
   2622.40405       1.78252435    
   2652.51880       1.63702714    
   2666.66675       1.56890643    
   2680.81470       1.50136089    
   2710.92920       1.35804081    
   2750.00000       1.17269075    
   2789.07080      0.987859607    
   2819.18530      0.845740318    
   2833.33350      0.779099941    
   2847.48145      0.712757707    
   2877.59595      0.571766734    
   2916.66675      0.389101982    
   2955.73755      0.206614330    
   2985.85205       6.60332143E-02
   3000.00000       3.73377588E-05
