   0.00000000       9.99998093    
   42.4440269       9.94030094    
   132.787796       9.81327724    
   250.000000       9.64865208    
   367.212189       9.48434544    
   457.555969       9.35805798    
   500.000000       9.29891396    
   542.444031       9.24030209    
   632.787781       9.11603069    
   750.000000       8.95559025    
   867.212219       8.79606152    
   957.555969       8.67389965    
   1000.00000       8.61687756    
   1042.44397       8.56084919    
   1132.78784       8.44244862    
   1250.00000       8.29013157    
   1367.21216       8.13919735    
   1457.55603       8.02399635    
   1500.00000       7.97037792    
   1514.14795       7.91324329    
   1544.26257       7.71287346    
   1583.33337       7.48080635    
   1622.40405       7.23534918    
   1652.51868       7.05391121    
   1666.66663       6.96694613    
   1680.81470       6.88169193    
   1710.92932       6.70100737    
   1750.00000       6.46773052    
   1789.07080       6.23563051    
   1819.18530       6.05766916    
   1833.33337       5.97446823    
   1847.48132       5.89232206    
   1877.59595       5.71835089    
   1916.66663       5.49391222    
   1955.73743       5.27075672    
   1985.85205       5.09975624    
   2000.00000       5.01984882    
   2014.14807       4.94104719    
   2044.26257       4.77423096    
   2083.33325       4.55911016    
   2122.40405       4.34528589    
   2152.51880       4.18147135    
   2166.66675       4.10493231    
   2180.81470       4.02947044    
   2210.92920       3.86973214    
   2250.00000       3.66373467    
   2289.07080       3.45895410    
   2319.18530       3.30203247    
   2333.33325       3.22869349    
   2347.48145       3.15632558    
   2377.59595       3.00307965    
   2416.66675       2.80535603    
   2455.73755       2.60868216    
   2485.85205       2.45786572    
   2500.00000       2.38732934    
   2514.14795       2.31758904    
   2544.26270       2.16978502    
   2583.33325       1.97889471    
   2622.40405       1.78881240    
   2652.51880       1.64287806    
   2666.66675       1.57454741    
   2680.81470       1.50678086    
   2710.92920       1.36298156    
   2750.00000       1.17699850    
   2789.07080      0.991524160    
   2819.18530      0.848902464    
   2833.33350      0.782023609    
   2847.48145      0.715437233    
   2877.59595      0.573922157    
   2916.66675      0.390572459    
   2955.73755      0.207396477    
   2985.85205       6.62833899E-02
   3000.00000       3.74792326E-05
