   0.00000000       9.99998093    
   42.4440269       9.93978500    
   132.787796       9.81166458    
   250.000000       9.64562416    
   367.212189       9.47991467    
   457.555969       9.35256195    
   500.000000       9.29292488    
   542.444031       9.23384380    
   632.787781       9.10859203    
   750.000000       8.94691372    
   867.212219       8.78618526    
   957.555969       8.66313267    
   1000.00000       8.60570717    
   1042.44397       8.54931831    
   1132.78784       8.43018627    
   1250.00000       8.27697372    
   1367.21216       8.12520313    
   1457.55603       8.00940514    
   1500.00000       7.95552683    
   1514.14795       7.89815283    
   1544.26257       7.69695997    
   1583.33337       7.46397972    
   1622.40405       7.21758842    
   1652.51868       7.03549337    
   1666.66663       6.94822550    
   1680.81470       6.86271095    
   1710.92932       6.68150282    
   1750.00000       6.44759417    
   1789.07080       6.21491098    
   1819.18530       6.03653860    
   1833.33337       5.95316124    
   1847.48132       5.87088156    
   1877.59595       5.69666338    
   1916.66663       5.47195530    
   1955.73743       5.24858379    
   1985.85205       5.07745695    
   2000.00000       4.99750757    
   2014.14807       4.91870928    
   2044.26257       4.75193739    
   2083.33325       4.53692675    
   2122.40405       4.32326508    
   2152.51880       4.15961647    
   2166.66675       4.08317232    
   2180.81470       4.00784874    
   2210.92920       3.84844089    
   2250.00000       3.64292216    
   2289.07080       3.43866920    
   2319.18530       3.28219128    
   2333.33325       3.20907593    
   2347.48145       3.13697100    
   2377.59595       2.98431611    
   2416.66675       2.78740311    
   2455.73755       2.59158206    
   2485.85205       2.44145393    
   2500.00000       2.37125373    
   2514.14795       2.30188131    
   2544.26270       2.15488553    
   2583.33325       1.96507895    
   2622.40405       1.77611244    
   2652.51880       1.63106108    
   2666.66675       1.56315434    
   2680.81470       1.49583423    
   2710.92920       1.35300279    
   2750.00000       1.16829836    
   2789.07080      0.984123111    
   2819.18530      0.842516005    
   2833.33350      0.776118815    
   2847.48145      0.710025609    
   2877.59595      0.569569051    
   2916.66675      0.387602627    
   2955.73755      0.205816820    
   2985.85205       6.57781363E-02
   3000.00000       3.71935057E-05
