   0.00000000       9.99998188    
   42.4440269       9.94172764    
   132.787796       9.81773376    
   250.000000       9.65701962    
   367.212189       9.49658680    
   457.555969       9.37324333    
   500.000000       9.31546021    
   542.444031       9.25814819    
   632.787781       9.13658619    
   750.000000       8.97956848    
   867.212219       8.82335663    
   957.555969       8.70365810    
   1000.00000       8.64774990    
   1042.44397       8.59272003    
   1132.78784       8.47634602    
   1250.00000       8.32650757    
   1367.21216       8.17789173    
   1457.55603       8.06434631    
   1500.00000       8.01144695    
   1514.14795       7.95497751    
   1544.26257       7.75689173    
   1583.33337       7.52736044    
   1622.40405       7.28449678    
   1652.51868       7.10488319    
   1666.66663       7.01875925    
   1680.81470       6.93423176    
   1710.92932       6.75500298    
   1750.00000       6.52348423    
   1789.07080       6.29300833    
   1819.18530       6.11619282    
   1833.33337       6.03348351    
   1847.48132       5.95170927    
   1877.59595       5.77843094    
   1916.66663       5.55474567    
   1955.73743       5.33219910    
   1985.85205       5.16155434    
   2000.00000       5.08176517    
   2014.14807       5.00295782    
   2044.26257       4.83602571    
   2083.33325       4.62060642    
   2122.40405       4.40633869    
   2152.51880       4.24207020    
   2166.66675       4.16527033    
   2180.81470       4.08942699    
   2210.92920       3.92877817    
   2250.00000       3.72145891    
   2289.07080       3.51522064    
   2319.18530       3.35707283    
   2333.33325       3.28311491    
   2347.48145       3.21001983    
   2377.59595       3.05513740    
   2416.66675       2.85516834    
   2455.73755       2.65613246    
   2485.85205       2.50340891    
   2500.00000       2.43194151    
   2514.14795       2.36118150    
   2544.26270       2.21113563    
   2583.33325       2.01724029    
   2622.40405       1.82406318    
   2652.51880       1.67567968    
   2666.66675       1.60617292    
   2680.81470       1.53716767    
   2710.92920       1.39068270    
   2750.00000       1.20115054    
   2789.07080       1.01207078    
   2819.18530      0.866632998    
   2833.33350      0.798417211    
   2847.48145      0.730461538    
   2877.59595      0.586007893    
   2916.66675      0.398817837    
   2955.73755      0.211782277    
   2985.85205       6.76861852E-02
   3000.00000       3.82725266E-05
