   0.00000000       9.99998188    
   42.4440269       9.94150162    
   132.787796       9.81702900    
   250.000000       9.65569592    
   367.212189       9.49464989    
   457.555969       9.37084103    
   500.000000       9.31284332    
   542.444031       9.25532532    
   632.787781       9.13333511    
   750.000000       8.97577477    
   867.212219       8.81903839    
   957.555969       8.69894981    
   1000.00000       8.64286518    
   1042.44397       8.58767796    
   1132.78784       8.47098255    
   1250.00000       8.32075119    
   1367.21216       8.17176819    
   1457.55603       8.05796051    
   1500.00000       8.00494766    
   1514.14795       7.94837236    
   1544.26257       7.74992418    
   1583.33337       7.51999092    
   1622.40405       7.27671576    
   1652.51868       7.09681273    
   1666.66663       7.01055527    
   1680.81470       6.92591238    
   1710.92932       6.74645233    
   1750.00000       6.51465416    
   1789.07080       6.28392029    
   1819.18530       6.10692263    
   1833.33337       6.02413511    
   1847.48132       5.94230175    
   1877.59595       5.76891279    
   1916.66663       5.54510736    
   1955.73743       5.32246351    
   1985.85205       5.15176153    
   2000.00000       5.07195377    
   2014.14807       4.99314690    
   2044.26257       4.82623243    
   2083.33325       4.61085987    
   2122.40405       4.39666176    
   2152.51880       4.23246479    
   2166.66675       4.15570593    
   2180.81470       4.07992315    
   2210.92920       3.91941786    
   2250.00000       3.71230769    
   2289.07080       3.50629973    
   2319.18530       3.34834599    
   2333.33325       3.27448606    
   2347.48145       3.20150614    
   2377.59595       3.04688287    
   2416.66675       2.84726954    
   2455.73755       2.64860773    
   2485.85205       2.49618649    
   2500.00000       2.42486644    
   2514.14795       2.35426807    
   2544.26270       2.20457768    
   2583.33325       2.01115870    
   2622.40405       1.81847215    
   2652.51880       1.67047703    
   2666.66675       1.60115659    
   2680.81470       1.53234792    
   2710.92920       1.38628876    
   2750.00000       1.19731951    
   2789.07080       1.00881159    
   2819.18530      0.863820434    
   2833.33350      0.795816720    
   2847.48145      0.728078246    
   2877.59595      0.584090710    
   2916.66675      0.397509873    
   2955.73755      0.211086556    
   2985.85205       6.74636588E-02
   3000.00000       3.81466853E-05
