   0.00000000       9.99998188    
   42.4440269       9.94127083    
   132.787796       9.81630898    
   250.000000       9.65434456    
   367.212189       9.49267387    
   457.555969       9.36838913    
   500.000000       9.31017113    
   542.444031       9.25244331    
   632.787781       9.13001537    
   750.000000       8.97190285    
   867.212219       8.81463051    
   957.555969       8.69414425    
   1000.00000       8.63787937    
   1042.44397       8.58253098    
   1132.78784       8.46550846    
   1250.00000       8.31487656    
   1367.21216       8.16551876    
   1457.55603       8.05144310    
   1500.00000       7.99831343    
   1514.14795       7.94163132    
   1544.26257       7.74281359    
   1583.33337       7.51246977    
   1622.40405       7.26877499    
   1652.51868       7.08857679    
   1666.66663       7.00218344    
   1680.81470       6.91742277    
   1710.92932       6.73772717    
   1750.00000       6.50564432    
   1789.07080       6.27464724    
   1819.18530       6.09746408    
   1833.33337       6.01459694    
   1847.48132       5.93270302    
   1877.59595       5.75920200    
   1916.66663       5.53527451    
   1955.73743       5.31253147    
   1985.85205       5.14177179    
   2000.00000       5.06194448    
   2014.14807       4.98313808    
   2044.26257       4.81624222    
   2083.33325       4.60091734    
   2122.40405       4.38679075    
   2152.51880       4.22266674    
   2166.66675       4.14594984    
   2180.81470       4.07022810    
   2210.92920       3.90987015    
   2250.00000       3.70297337    
   2289.07080       3.49720097    
   2319.18530       3.33944511    
   2333.33325       3.26568508    
   2347.48145       3.19282269    
   2377.59595       3.03846383    
   2416.66675       2.83921337    
   2455.73755       2.64093351    
   2485.85205       2.48882031    
   2500.00000       2.41765094    
   2514.14795       2.34721756    
   2544.26270       2.19788933    
   2583.33325       2.00495625    
   2622.40405       1.81277037    
   2652.51880       1.66517127    
   2666.66675       1.59604108    
   2680.81470       1.52743268    
   2710.92920       1.38180792    
   2750.00000       1.19341266    
   2789.07080       1.00548792    
   2819.18530      0.860952318    
   2833.33350      0.793164849    
   2847.48145      0.725647807    
   2877.59595      0.582135677    
   2916.66675      0.396176040    
   2955.73755      0.210377082    
   2985.85205       6.72367290E-02
   3000.00000       3.80183556E-05
