   0.00000000       9.99998188    
   42.4440269       9.94103622    
   132.787796       9.81557465    
   250.000000       9.65296555    
   367.212189       9.49065590    
   457.555969       9.36588573    
   500.000000       9.30744362    
   542.444031       9.24950123    
   632.787781       9.12662697    
   750.000000       8.96794987    
   867.212219       8.81013107    
   957.555969       8.68923855    
   1000.00000       8.63279057    
   1042.44397       8.57727623    
   1132.78784       8.45991993    
   1250.00000       8.30887985    
   1367.21216       8.15913963    
   1457.55603       8.04479122    
   1500.00000       7.99154282    
   1514.14795       7.93475056    
   1544.26257       7.73555613    
   1583.33337       7.50479412    
   1622.40405       7.26067162    
   1652.51868       7.08017206    
   1666.66663       6.99363995    
   1680.81470       6.90875959    
   1710.92932       6.72882366    
   1750.00000       6.49645090    
   1789.07080       6.26518583    
   1819.18530       6.08781338    
   1833.33337       6.00486517    
   1847.48132       5.92291021    
   1877.59595       5.74929428    
   1916.66663       5.52524233    
   1955.73743       5.30239868    
   1985.85205       5.13158035    
   2000.00000       5.05173349    
   2014.14807       4.97292805    
   2044.26257       4.80605125    
   2083.33325       4.59077549    
   2122.40405       4.37672138    
   2152.51880       4.21267223    
   2166.66675       4.13599825    
   2180.81470       4.06033945    
   2210.92920       3.90013170    
   2250.00000       3.69345260    
   2289.07080       3.48792052    
   2319.18530       3.33036685    
   2333.33325       3.25670886    
   2347.48145       3.18396640    
   2377.59595       3.02987742    
   2416.66675       2.83099723    
   2455.73755       2.63310671    
   2485.85205       2.48130798    
   2500.00000       2.41029239    
   2514.14795       2.34002686    
   2544.26270       2.19106865    
   2583.33325       1.99863112    
   2622.40405       1.80695558    
   2652.51880       1.65976048    
   2666.66675       1.59082425    
   2680.81470       1.52242017    
   2710.92920       1.37723851    
   2750.00000       1.18942857    
   2789.07080       1.00209856    
   2819.18530      0.858027458    
   2833.33350      0.790460527    
   2847.48145      0.723169446    
   2877.59595      0.580142021    
   2916.66675      0.394815892    
   2955.73755      0.209653601    
   2985.85205       6.70053288E-02
   3000.00000       3.78874938E-05
