   0.00000000       9.99998093    
   42.4440269       9.94079590    
   132.787796       9.81482506    
   250.000000       9.65155792    
   367.212189       9.48859596    
   457.555969       9.36333084    
   500.000000       9.30465889    
   542.444031       9.24649811    
   632.787781       9.12316799    
   750.000000       8.96391487    
   867.212219       8.80553722    
   957.555969       8.68423080    
   1000.00000       8.62759495    
   1042.44397       8.57191372    
   1132.78784       8.45421600    
   1250.00000       8.30275822    
   1367.21216       8.15262794    
   1457.55603       8.03800106    
   1500.00000       7.98463202    
   1514.14795       7.92772770    
   1544.26257       7.72814941    
   1583.33337       7.49696064    
   1622.40405       7.25240183    
   1652.51868       7.07159567    
   1666.66663       6.98492193    
   1680.81470       6.89991903    
   1710.92932       6.71973848    
   1750.00000       6.48707008    
   1789.07080       6.25553179    
   1819.18530       6.07796669    
   1833.33337       5.99493599    
   1847.48132       5.91291809    
   1877.59595       5.73918629    
   1916.66663       5.51500702    
   1955.73743       5.29206133    
   1985.85205       5.12118340    
   2000.00000       5.04131651    
   2014.14807       4.96251202    
   2044.26257       4.79565477    
   2083.33325       4.58042955    
   2122.40405       4.36645031    
   2152.51880       4.20247746    
   2166.66675       4.12584734    
   2180.81470       4.05025291    
   2210.92920       3.89019823    
   2250.00000       3.68374157    
   2289.07080       3.47845483    
   2319.18530       3.32110763    
   2333.33325       3.24755383    
   2347.48145       3.17493367    
   2377.59595       3.02112007    
   2416.66675       2.82261753    
   2455.73755       2.62512445    
   2485.85205       2.47364664    
   2500.00000       2.40278769    
   2514.14795       2.33269382    
   2544.26270       2.18411255    
   2583.33325       1.99218071    
   2622.40405       1.80102575    
   2652.51880       1.65424263    
   2666.66675       1.58550429    
   2680.81470       1.51730859    
   2710.92920       1.37257874    
   2750.00000       1.18536580    
   2789.07080      0.998642385    
   2819.18530      0.855044961    
   2833.33350      0.787702918    
   2847.48145      0.720642149    
   2877.59595      0.578109026    
   2916.66675      0.393428892    
   2955.73755      0.208915845    
   2985.85205       6.67693615E-02
   3000.00000       3.77540528E-05
