   0.00000000       9.99998188    
   42.4440269       9.94237709    
   132.787796       9.81976318    
   250.000000       9.66083050    
   367.212189       9.50216103    
   457.555969       9.38015938    
   500.000000       9.32299709    
   542.444031       9.26627636    
   632.787781       9.14594936    
   750.000000       8.99049091    
   867.212219       8.83579063    
   957.555969       8.71721554    
   1000.00000       8.66181564    
   1042.44397       8.60724163    
   1132.78784       8.49179173    
   1250.00000       8.34308434    
   1367.21216       8.19552803    
   1457.55603       8.08273792    
   1500.00000       8.03016758    
   1514.14795       7.97400236    
   1544.26257       7.77696180    
   1583.33337       7.54859161    
   1622.40405       7.30691481    
   1652.51868       7.12813711    
   1666.66663       7.04239845    
   1680.81470       6.95820379    
   1710.92932       6.77964258    
   1750.00000       6.54893064    
   1789.07080       6.31920052    
   1819.18530       6.14291096    
   1833.33337       6.06042814    
   1847.48132       5.97882509    
   1877.59595       5.80586529    
   1916.66663       5.58252859    
   1955.73743       5.36026382    
   1985.85205       5.18978453    
   2000.00000       5.11005163    
   2014.14807       5.03124237    
   2044.26257       4.86425972    
   2083.33325       4.64870834    
   2122.40405       4.43424082    
   2152.51880       4.26976776    
   2166.66675       4.19285011    
   2180.81470       4.11683369    
   2210.92920       3.95577025    
   2250.00000       3.74784970    
   2289.07080       3.54094744    
   2319.18530       3.38224101    
   2333.33325       3.30800104    
   2347.48145       3.23457432    
   2377.59595       3.07894516    
   2416.66675       2.87795115    
   2455.73755       2.67783642    
   2485.85205       2.52424216    
   2500.00000       2.45234942    
   2514.14795       2.38112330    
   2544.26270       2.23005295    
   2583.33325       2.03478384    
   2622.40405       1.84019184    
   2652.51880       1.69068849    
   2666.66675       1.62064385    
   2680.81470       1.55107200    
   2710.92920       1.40335846    
   2750.00000       1.21220267    
   2789.07080       1.02147353    
   2819.18530      0.874747157    
   2833.33350      0.805919647    
   2847.48145      0.737337351    
   2877.59595      0.591538966    
   2916.66675      0.402591377    
   2955.73755      0.213789478    
   2985.85205       6.83281943E-02
   3000.00000       3.86355860E-05
