   0.00000000       9.99998188    
   42.4440269       9.94216442    
   132.787796       9.81910038    
   250.000000       9.65958595    
   367.212189       9.50034142    
   457.555969       9.37790108    
   500.000000       9.32053566    
   542.444031       9.26362228    
   632.787781       9.14289188    
   750.000000       8.98692417    
   867.212219       8.83173084    
   957.555969       8.71278858    
   1000.00000       8.65722275    
   1042.44397       8.60249996    
   1132.78784       8.48674870    
   1250.00000       8.33767128    
   1367.21216       8.18976879    
   1457.55603       8.07673264    
   1500.00000       8.02405453    
   1514.14795       7.96778965    
   1544.26257       7.77040720    
   1583.33337       7.54165792    
   1622.40405       7.29959297    
   1652.51868       7.12054205    
   1666.66663       7.03467798    
   1680.81470       6.95037413    
   1710.92932       6.77159452    
   1750.00000       6.54061890    
   1789.07080       6.31064510    
   1819.18530       6.13418341    
   1833.33337       6.05162621    
   1847.48132       5.96996737    
   1877.59595       5.79690361    
   1916.66663       5.57345247    
   1955.73743       5.35109520    
   1985.85205       5.18056202    
   2000.00000       5.10081053    
   2014.14807       5.02200174    
   2044.26257       4.85503531    
   2083.33325       4.63952684    
   2122.40405       4.42512465    
   2152.51880       4.26071835    
   2166.66675       4.18383884    
   2180.81470       4.10787868    
   2210.92920       3.94695091    
   2250.00000       3.73922658    
   2289.07080       3.53254104    
   2319.18530       3.37401700    
   2333.33325       3.29986930    
   2347.48145       3.22655082    
   2377.59595       3.07116556    
   2416.66675       2.87050629    
   2455.73755       2.67074394    
   2485.85205       2.51743436    
   2500.00000       2.44568038    
   2514.14795       2.37460661    
   2544.26270       2.22387099    
   2583.33325       2.02905059    
   2622.40405       1.83492100    
   2652.51880       1.68578362    
   2666.66675       1.61591470    
   2680.81470       1.54652810    
   2710.92920       1.39921594    
   2750.00000       1.20859075    
   2789.07080       1.01840055    
   2819.18530      0.872095346    
   2833.33350      0.803467751    
   2847.48145      0.735090256    
   2877.59595      0.589731336    
   2916.66675      0.401358128    
   2955.73755      0.213133499    
   2985.85205       6.81183711E-02
   3000.00000       3.85169333E-05
