   0.00000000       9.99998188    
   42.4440269       9.94258404    
   132.787796       9.82041264    
   250.000000       9.66204929    
   367.212189       9.50394440    
   457.555969       9.38237190    
   500.000000       9.32540703    
   542.444031       9.26887608    
   632.787781       9.14894390    
   750.000000       8.99398518    
   867.212219       8.83976841    
   957.555969       8.72155285    
   1000.00000       8.66631508    
   1042.44397       8.61188698    
   1132.78784       8.49673367    
   1250.00000       8.34838867    
   1367.21216       8.20116997    
   1457.55603       8.08862305    
   1500.00000       8.03615761    
   1514.14795       7.98008966    
   1544.26257       7.78338432    
   1583.33337       7.55538607    
   1622.40405       7.31408978    
   1652.51868       7.13557959    
   1666.66663       7.04996490    
   1680.81470       6.96587658    
   1710.92932       6.78752995    
   1750.00000       6.55707693    
   1789.07080       6.32758570    
   1819.18530       6.15146446    
   1833.33337       6.06905460    
   1847.48132       5.98750639    
   1877.59595       5.81464958    
   1916.66663       5.59142494    
   1955.73743       5.36925077    
   1985.85205       5.19882488    
   2000.00000       5.11910963    
   2014.14807       5.04030037    
   2044.26257       4.87330198    
   2083.33325       4.65770864    
   2122.40405       4.44317770    
   2152.51880       4.27863932    
   2166.66675       4.20168400    
   2180.81470       4.12561226    
   2210.92920       3.96441627    
   2250.00000       3.75630355    
   2289.07080       3.54918885    
   2319.18530       3.39030385    
   2333.33325       3.31597352    
   2347.48145       3.24244070    
   2377.59595       3.08657241    
   2416.66675       2.88525033    
   2455.73755       2.68479037    
   2485.85205       2.53091717    
   2500.00000       2.45888805    
   2514.14795       2.38751292    
   2544.26270       2.23611426    
   2583.33325       2.04040504    
   2622.40405       1.84535992    
   2652.51880       1.69549775    
   2666.66675       1.62528086    
   2680.81470       1.55552757    
   2710.92920       1.40742028    
   2750.00000       1.21574426    
   2789.07080       1.02448654    
   2819.18530      0.877347410    
   2833.33350      0.808323860    
   2847.48145      0.739540756    
   2877.59595      0.593311429    
   2916.66675      0.403800666    
   2955.73755      0.214432701    
   2985.85205       6.85339272E-02
   3000.00000       3.87519322E-05
