   0.00000000       9.99998188    
   42.4440269       9.94278812    
   132.787796       9.82104874    
   250.000000       9.66324329    
   367.212189       9.50569153    
   457.555969       9.38453865    
   500.000000       9.32776928    
   542.444031       9.27142334    
   632.787781       9.15187836    
   750.000000       8.99740791    
   867.212219       8.84366512    
   957.555969       8.72580147    
   1000.00000       8.67072296    
   1042.44397       8.61643791    
   1132.78784       8.50157452    
   1250.00000       8.35358429    
   1367.21216       8.20669842    
   1457.55603       8.09438896    
   1500.00000       8.04202747    
   1514.14795       7.98605442    
   1544.26257       7.78967714    
   1583.33337       7.56204367    
   1622.40405       7.32112074    
   1652.51868       7.14287329    
   1666.66663       7.05737972    
   1680.81470       6.97339630    
   1710.92932       6.79525948    
   1750.00000       6.56506014    
   1789.07080       6.33580351    
   1819.18530       6.15984821    
   1833.33337       6.07750940    
   1847.48132       5.99601555    
   1877.59595       5.82325935    
   1916.66663       5.60014439    
   1955.73743       5.37805939    
   1985.85205       5.20768642    
   2000.00000       5.12798882    
   2014.14807       5.04917908    
   2044.26257       4.88216591    
   2083.33325       4.66653109    
   2122.40405       4.45193815    
   2152.51880       4.28733587    
   2166.66675       4.21034384    
   2180.81470       4.13421774    
   2210.92920       3.97289228    
   2250.00000       3.76459122    
   2289.07080       3.55726862    
   2319.18530       3.39820838    
   2333.33325       3.32378983    
   2347.48145       3.25015283    
   2377.59595       3.09405041    
   2416.66675       2.89240670    
   2455.73755       2.69160819    
   2485.85205       2.53746176    
   2500.00000       2.46529913    
   2514.14795       2.39377761    
   2544.26270       2.24205732    
   2583.33325       2.04591680    
   2622.40405       1.85042715    
   2652.51880       1.70021331    
   2666.66675       1.62982738    
   2680.81470       1.55989611    
   2710.92920       1.41140294    
   2750.00000       1.21921694    
   2789.07080       1.02744102    
   2819.18530      0.879896998    
   2833.33350      0.810681224    
   2847.48145      0.741701245    
   2877.59595      0.595049381    
   2916.66675      0.404986382    
   2955.73755      0.215063408    
   2985.85205       6.87356591E-02
   3000.00000       3.88660155E-05
