   0.00000000       9.99998188    
   42.4440269       9.94194794    
   132.787796       9.81842422    
   250.000000       9.65831566    
   367.212189       9.49848270    
   457.555969       9.37559605    
   500.000000       9.31802464    
   542.444031       9.26091385    
   632.787781       9.13977146    
   750.000000       8.98328400    
   867.212219       8.82758617    
   957.555969       8.70827007    
   1000.00000       8.65253544    
   1042.44397       8.59766006    
   1132.78784       8.48160076    
   1250.00000       8.33214664    
   1367.21216       8.18389130    
   1457.55603       8.07060242    
   1500.00000       8.01781464    
   1514.14795       7.96144867    
   1544.26257       7.76371813    
   1583.33337       7.53458166    
   1622.40405       7.29212141    
   1652.51868       7.11279202    
   1666.66663       7.02679920    
   1680.81470       6.94238424    
   1710.92932       6.76338243    
   1750.00000       6.53213787    
   1789.07080       6.30191565    
   1819.18530       6.12527847    
   1833.33337       6.04264641    
   1847.48132       5.96092987    
   1877.59595       5.78775978    
   1916.66663       5.56419277    
   1955.73743       5.34174156    
   1985.85205       5.17115307    
   2000.00000       5.09138298    
   2014.14807       5.01257467    
   2044.26257       4.84562540    
   2083.33325       4.63016081    
   2122.40405       4.41582489    
   2152.51880       4.25148678    
   2166.66675       4.17464685    
   2180.81470       4.09874439    
   2210.92920       3.93795466    
   2250.00000       3.73043084    
   2289.07080       3.52396655    
   2319.18530       3.36562872    
   2333.33325       3.29157472    
   2347.48145       3.21836686    
   2377.59595       3.06323051    
   2416.66675       2.86291313    
   2455.73755       2.66351032    
   2485.85205       2.51049066    
   2500.00000       2.43887854    
   2514.14795       2.36796021    
   2544.26270       2.21756601    
   2583.33325       2.02320361    
   2622.40405       1.82954550    
   2652.51880       1.68078125    
   2666.66675       1.61109161    
   2680.81470       1.54189384    
   2710.92920       1.39499116    
   2750.00000       1.20490706    
   2789.07080       1.01526678    
   2819.18530      0.869390965    
   2833.33350      0.800967276    
   2847.48145      0.732798576    
   2877.59595      0.587887883    
   2916.66675      0.400100440    
   2955.73755      0.212464511    
   2985.85205       6.79043978E-02
   3000.00000       3.83959268E-05
