   0.00000000       9.99998188    
   42.4440269       9.94298744    
   132.787796       9.82167149    
   250.000000       9.66441345    
   367.212189       9.50740337    
   457.555969       9.38666248    
   500.000000       9.33008289    
   542.444031       9.27391911    
   632.787781       9.15475273    
   750.000000       9.00076199    
   867.212219       8.84748268    
   957.555969       8.72996426    
   1000.00000       8.67504215    
   1042.44397       8.62089729    
   1132.78784       8.50631809    
   1250.00000       8.35867596    
   1367.21216       8.21211529    
   1457.55603       8.10003853    
   1500.00000       8.04777813    
   1514.14795       7.99189901    
   1544.26257       7.79584360    
   1583.33337       7.56856775    
   1622.40405       7.32801056    
   1652.51868       7.15002108    
   1666.66663       7.06464624    
   1680.81470       6.98076534    
   1710.92932       6.80283451    
   1750.00000       6.57288408    
   1789.07080       6.34385777    
   1819.18530       6.16806507    
   1833.33337       6.08579588    
   1847.48132       6.00435543    
   1877.59595       5.83169794    
   1916.66663       5.60869122    
   1955.73743       5.38669395    
   1985.85205       5.21637249    
   2000.00000       5.13669252    
   2014.14807       5.05788231    
   2044.26257       4.89085388    
   2083.33325       4.67517948    
   2122.40405       4.46052599    
   2152.51880       4.29586124    
   2166.66675       4.21883345    
   2180.81470       4.14265394    
   2210.92920       3.98120165    
   2250.00000       3.77271581    
   2289.07080       3.56518984    
   2319.18530       3.40595794    
   2333.33325       3.33145261    
   2347.48145       3.25771356    
   2377.59595       3.10138154    
   2416.66675       2.89942265    
   2455.73755       2.69829249    
   2485.85205       2.54387808    
   2500.00000       2.47158456    
   2514.14795       2.39991975    
   2544.26270       2.24788404    
   2583.33325       2.05132055    
   2622.40405       1.85539544    
   2652.51880       1.70483685    
   2666.66675       1.63428521    
   2680.81470       1.56417954    
   2710.92920       1.41530788    
   2750.00000       1.22262180    
   2789.07080       1.03033781    
   2819.18530      0.882396877    
   2833.33350      0.812992692    
   2847.48145      0.743819654    
   2877.59595      0.596753538    
   2916.66675      0.406149030    
   2955.73755      0.215681836    
   2985.85205       6.89334646E-02
   3000.00000       3.89778761E-05
