   0.00000000       9.99998188    
   42.4440269       9.94374561    
   132.787796       9.82403946    
   250.000000       9.66885948    
   367.212189       9.51390839    
   457.555969       9.39473248    
   500.000000       9.33887672    
   542.444031       9.28340530    
   632.787781       9.16567993    
   750.000000       9.01351070    
   867.212219       8.86199760    
   957.555969       8.74579144    
   1000.00000       8.69146252    
   1042.44397       8.63785076    
   1132.78784       8.52435303    
   1250.00000       8.37803459    
   1367.21216       8.23271275    
   1457.55603       8.12152100    
   1500.00000       8.06964588    
   1514.14795       8.01412392    
   1544.26257       7.81929493    
   1583.33337       7.59338140    
   1622.40405       7.35421801    
   1652.51868       7.17720938    
   1666.66663       7.09228706    
   1680.81470       7.00879765    
   1710.92932       6.83165216    
   1750.00000       6.60265112    
   1789.07080       6.37450266    
   1819.18530       6.19932985    
   1833.33337       6.11732721    
   1847.48132       6.03608894    
   1877.59595       5.86380959    
   1916.66663       5.64121628    
   1955.73743       5.41955423    
   1985.85205       5.24943018    
   2000.00000       5.16981745    
   2014.14807       5.09100771    
   2044.26257       4.92392397    
   2083.33325       4.70809841    
   2122.40405       4.49321651    
   2152.51880       4.32831526    
   2166.66675       4.25115061    
   2180.81470       4.17476940    
   2210.92920       4.01283503    
   2250.00000       3.80364799    
   2289.07080       3.59534740    
   2319.18530       3.43546343    
   2333.33325       3.36062860    
   2347.48145       3.28650165    
   2377.59595       3.12929606    
   2416.66675       2.92613816    
   2455.73755       2.72374558    
   2485.85205       2.56831169    
   2500.00000       2.49552011    
   2514.14795       2.42330909    
   2544.26270       2.27007294    
   2583.33325       2.07189965    
   2622.40405       1.87431610    
   2652.51880       1.72244465    
   2666.66675       1.65126264    
   2680.81470       1.58049250    
   2710.92920       1.43017995    
   2750.00000       1.23558939    
   2789.07080       1.04137051    
   2819.18530      0.891918063    
   2833.33350      0.821796179    
   2847.48145      0.751887977    
   2877.59595      0.603243887    
   2916.66675      0.410577089    
   2955.73755      0.218037203    
   2985.85205       6.96868375E-02
   3000.00000       3.94039125E-05
