   0.00000000       9.99998188    
   42.4440269       9.94337368    
   132.787796       9.82287979    
   250.000000       9.66668224    
   367.212189       9.51072216    
   457.555969       9.39078045    
   500.000000       9.33456993    
   542.444031       9.27875900    
   632.787781       9.16032791    
   750.000000       9.00726604    
   867.212219       8.85488892    
   957.555969       8.73803997    
   1000.00000       8.68342018    
   1042.44397       8.62954712    
   1132.78784       8.51551914    
   1250.00000       8.36855221    
   1367.21216       8.22262383    
   1457.55603       8.11099815    
   1500.00000       8.05893421    
   1514.14795       8.00323772    
   1544.26257       7.80780697    
   1583.33337       7.58122587    
   1622.40405       7.34137917    
   1652.51868       7.16388988    
   1666.66663       7.07874584    
   1680.81470       6.99506426    
   1710.92932       6.81753397    
   1750.00000       6.58806753    
   1789.07080       6.35948849    
   1819.18530       6.18401194    
   1833.33337       6.10187817    
   1847.48132       6.02054071    
   1877.59595       5.84807587    
   1916.66663       5.62527943    
   1955.73743       5.40345287    
   1985.85205       5.23323202    
   2000.00000       5.15358591    
   2014.14807       5.07477617    
   2044.26257       4.90771914    
   2083.33325       4.69196749    
   2122.40405       4.47719717    
   2152.51880       4.31241131    
   2166.66675       4.23531342    
   2180.81470       4.15903139    
   2210.92920       3.99733281    
   2250.00000       3.78848934    
   2289.07080       3.58056784    
   2319.18530       3.42100334    
   2333.33325       3.34632993    
   2347.48145       3.27239299    
   2377.59595       3.11561561    
   2416.66675       2.91304493    
   2455.73755       2.71127081    
   2485.85205       2.55633664    
   2500.00000       2.48378897    
   2514.14795       2.41184568    
   2544.26270       2.25919771    
   2583.33325       2.06181335    
   2622.40405       1.86504269    
   2652.51880       1.71381462    
   2666.66675       1.64294147    
   2680.81470       1.57249701    
   2710.92920       1.42289066    
   2750.00000       1.22923350    
   2789.07080       1.03596294    
   2819.18530      0.887251318    
   2833.33350      0.817481220    
   2847.48145      0.747933388    
   2877.59595      0.600062668    
   2916.66675      0.408406705    
   2955.73755      0.216882735    
   2985.85205       6.93175718E-02
   3000.00000       3.91950925E-05
