   0.00000000       9.99998188    
   42.4440269       9.94356155    
   132.787796       9.82346535    
   250.000000       9.66778183    
   367.212189       9.51233196    
   457.555969       9.39277649    
   500.000000       9.33674526    
   542.444031       9.28110600    
   632.787781       9.16303158    
   750.000000       9.01041985    
   867.212219       8.85847950    
   957.555969       8.74195480    
   1000.00000       8.68748283    
   1042.44397       8.63374138    
   1132.78784       8.51998138    
   1250.00000       8.37334156    
   1367.21216       8.22771931    
   1457.55603       8.11631298    
   1500.00000       8.06434441    
   1514.14795       8.00873566    
   1544.26257       7.81360912    
   1583.33337       7.58736515    
   1622.40405       7.34786367    
   1652.51868       7.17061663    
   1666.66663       7.08558464    
   1680.81470       7.00200033    
   1710.92932       6.82466412    
   1750.00000       6.59543276    
   1789.07080       6.36707115    
   1819.18530       6.19174767    
   1833.33337       6.10968018    
   1847.48132       6.02839327    
   1877.59595       5.85602188    
   1916.66663       5.63332748    
   1955.73743       5.41158390    
   1985.85205       5.24141216    
   2000.00000       5.16178274    
   2014.14807       5.08297300    
   2044.26257       4.91590261    
   2083.33325       4.70011330    
   2122.40405       4.48528671    
   2152.51880       4.32044220    
   2166.66675       4.24331093    
   2180.81470       4.16697884    
   2210.92920       4.00516081    
   2250.00000       3.79614401    
   2289.07080       3.58803105    
   2319.18530       3.42830515    
   2333.33325       3.35355020    
   2347.48145       3.27951741    
   2377.59595       3.12252378    
   2416.66675       2.91965652    
   2455.73755       2.71757007    
   2485.85205       2.56238341    
   2500.00000       2.48971272    
   2514.14795       2.41763425    
   2544.26270       2.26468921    
   2583.33325       2.06690645    
   2622.40405       1.86972523    
   2652.51880       1.71817231    
   2666.66675       1.64714313    
   2680.81470       1.57653415    
   2710.92920       1.42657125    
   2750.00000       1.23244286    
   2789.07080       1.03869343    
   2819.18530      0.889607728    
   2833.33350      0.819660008    
   2847.48145      0.749930203    
   2877.59595      0.601669014    
   2916.66675      0.409502596    
   2955.73755      0.217465669    
   2985.85205       6.95040226E-02
   3000.00000       3.93005321E-05
