   0.00000000       9.99998188    
   42.4440269       9.94318295    
   132.787796       9.82228184    
   250.000000       9.66555882    
   367.212189       9.50907993    
   457.555969       9.38874245    
   500.000000       9.33234882    
   542.444031       9.27636337    
   632.787781       9.15756893    
   750.000000       9.00404739    
   867.212219       8.85122395    
   957.555969       8.73404312    
   1000.00000       8.67927456    
   1042.44397       8.62526608    
   1132.78784       8.51096535    
   1250.00000       8.36366463    
   1367.21216       8.21742344    
   1457.55603       8.10557461    
   1500.00000       8.05341244    
   1514.14795       7.99762583    
   1544.26257       7.80188608    
   1583.33337       7.57496119    
   1622.40405       7.33476257    
   1652.51868       7.15702534    
   1666.66663       7.07176733    
   1680.81470       6.98798704    
   1710.92932       6.81025839    
   1750.00000       6.58055210    
   1789.07080       6.35175180    
   1819.18530       6.17611837    
   1833.33337       6.09391785    
   1847.48132       6.01252937    
   1877.59595       5.83996916    
   1916.66663       5.61706829    
   1955.73743       5.39515734    
   1985.85205       5.22488642    
   2000.00000       5.14522362    
   2014.14807       5.06641340    
   2044.26257       4.89937067    
   2083.33325       4.68365717    
   2122.40405       4.46894455    
   2152.51880       4.30421877    
   2166.66675       4.22715521    
   2180.81470       4.15092421    
   2210.92920       3.98934746    
   2250.00000       3.78068089    
   2289.07080       3.57295513    
   2319.18530       3.41355538    
   2333.33325       3.33896518    
   2347.48145       3.26512599    
   2377.59595       3.10856915    
   2416.66675       2.90630126    
   2455.73755       2.70484591    
   2485.85205       2.55016899    
   2500.00000       2.47774720    
   2514.14795       2.40594172    
   2544.26270       2.25359678    
   2583.33325       2.05661893    
   2622.40405       1.86026669    
   2652.51880       1.70937002    
   2666.66675       1.63865614    
   2680.81470       1.56837928    
   2710.92920       1.41913664    
   2750.00000       1.22596025    
   2789.07080       1.03317809    
   2819.18530      0.884847999    
   2833.33350      0.815259099    
   2847.48145      0.745896816    
   2877.59595      0.598424435    
   2916.66675      0.407288969    
   2955.73755      0.216288194    
   2985.85205       6.91274107E-02
   3000.00000       3.90875539E-05
