   0.00000000       9.99998283    
   42.4440269       9.94410133    
   132.787796       9.82515335    
   250.000000       9.67094994    
   367.212189       9.51696777    
   457.555969       9.39852715    
   500.000000       9.34301186    
   542.444031       9.28786469    
   632.787781       9.17081738    
   750.000000       9.01950455    
   867.212219       8.86882210    
   957.555969       8.75323296    
   1000.00000       8.69918442    
   1042.44397       8.64582253    
   1132.78784       8.53283310    
   1250.00000       8.38713837    
   1367.21216       8.24240017    
   1457.55603       8.13162518    
   1500.00000       8.07993126    
   1514.14795       8.02457714    
   1544.26257       7.83032560    
   1583.33337       7.60505390    
   1622.40405       7.36654758    
   1652.51868       7.19000149    
   1666.66663       7.10529232    
   1680.81470       7.02198744    
   1710.92932       6.84521246    
   1750.00000       6.61665916    
   1789.07080       6.38892508    
   1819.18530       6.21404457    
   1833.33337       6.13216782    
   1847.48132       6.05102539    
   1877.59595       5.87892437    
   1916.66663       5.65652657    
   1955.73743       5.43502331    
   1985.85205       5.26499319    
   2000.00000       5.18541241    
   2014.14807       5.10660267    
   2044.26257       4.93949413    
   2083.33325       4.72359848    
   2122.40405       4.50860929    
   2152.51880       4.34359741    
   2166.66675       4.26636887    
   2180.81470       4.18989325    
   2210.92920       4.02773190    
   2250.00000       3.81821537    
   2289.07080       3.60955071    
   2319.18530       3.44936013    
   2333.33325       3.37437034    
   2347.48145       3.30006075    
   2377.59595       3.14244437    
   2416.66675       2.93872190    
   2455.73755       2.73573518    
   2485.85205       2.57982135    
   2500.00000       2.50679541    
   2514.14795       2.43432736    
   2544.26270       2.28052592    
   2583.33325       2.08159447    
   2622.40405       1.88322997    
   2652.51880       1.73074019    
   2666.66675       1.65926111    
   2680.81470       1.58817792    
   2710.92920       1.43718672    
   2750.00000       1.24169898    
   2789.07080       1.04656863    
   2819.18530      0.896404028    
   2833.33350      0.825944066    
   2847.48145      0.755689442    
   2877.59595      0.606301963    
   2916.66675      0.412663460    
   2955.73755      0.219146982    
   2985.85205       7.00417981E-02
   3000.00000       3.96046489E-05
