   0.00000000       9.99998283    
   42.4440269       9.94392490    
   132.787796       9.82460213    
   250.000000       9.66991615    
   367.212189       9.51545334    
   457.555969       9.39664936    
   500.000000       9.34096527    
   542.444031       9.28565788    
   632.787781       9.16827488    
   750.000000       9.01653862    
   867.212219       8.86544514    
   957.555969       8.74954987    
   1000.00000       8.69536304    
   1042.44397       8.64187717    
   1132.78784       8.52863598    
   1250.00000       8.38263226    
   1367.21216       8.23760605    
   1457.55603       8.12662506    
   1500.00000       8.07484150    
   1514.14795       8.01940346    
   1544.26257       7.82486629    
   1583.33337       7.59927654    
   1622.40405       7.36044502    
   1652.51868       7.18367004    
   1666.66663       7.09885550    
   1680.81470       7.01545906    
   1710.92932       6.83850050    
   1750.00000       6.60972595    
   1789.07080       6.38178635    
   1819.18530       6.20676136    
   1833.33337       6.12482214    
   1847.48132       6.04363251    
   1877.59595       5.87144279    
   1916.66663       5.64894819    
   1955.73743       5.42736626    
   1985.85205       5.25728989    
   2000.00000       5.17769289    
   2014.14807       5.09888315    
   2044.26257       4.93178654    
   2083.33325       4.71592617    
   2122.40405       4.50098944    
   2152.51880       4.33603239    
   2166.66675       4.25883532    
   2180.81470       4.18240690    
   2210.92920       4.02035761    
   2250.00000       3.81100416    
   2289.07080       3.60251951    
   2319.18530       3.44248080    
   2333.33325       3.36756778    
   2347.48145       3.29334855    
   2377.59595       3.13593554    
   2416.66675       2.93249249    
   2455.73755       2.72979975    
   2485.85205       2.57412362    
   2500.00000       2.50121355    
   2514.14795       2.42887282    
   2544.26270       2.27535129    
   2583.33325       2.07679510    
   2622.40405       1.87881708    
   2652.51880       1.72663343    
   2666.66675       1.65530145    
   2680.81470       1.58437324    
   2710.92920       1.43371797    
   2750.00000       1.23867440    
   2789.07080       1.04399526    
   2819.18530      0.894183159    
   2833.33350      0.823890626    
   2847.48145      0.753807485    
   2877.59595      0.604788005    
   2916.66675      0.411630601    
   2955.73755      0.218597576    
   2985.85205       6.98660687E-02
   3000.00000       3.95052739E-05
