   0.00000000       9.99998283    
   42.4440269       9.94460964    
   132.787796       9.82674026    
   250.000000       9.67393017    
   367.212189       9.52132702    
   457.555969       9.40393639    
   500.000000       9.34890652    
   542.444031       9.29422283    
   632.787781       9.17814159    
   750.000000       9.02805042    
   867.212219       8.87855244    
   957.555969       8.76384258    
   1000.00000       8.71019173    
   1042.44397       8.65718746    
   1132.78784       8.54492474    
   1250.00000       8.40011787    
   1367.21216       8.25621223    
   1457.55603       8.14603233    
   1500.00000       8.09459686    
   1514.14795       8.03948307    
   1544.26257       7.84605598    
   1583.33337       7.62170124    
   1622.40405       7.38413239    
   1652.51868       7.20824671    
   1666.66663       7.12384272    
   1680.81470       7.04080105    
   1710.92932       6.86455488    
   1750.00000       6.63664198    
   1789.07080       6.40949965    
   1819.18530       6.23503733    
   1833.33337       6.15334034    
   1847.48132       6.07233524    
   1877.59595       5.90048981    
   1916.66663       5.67837143    
   1955.73743       5.45709610    
   1985.85205       5.28720093    
   2000.00000       5.20766544    
   2014.14807       5.12885714    
   2044.26257       4.96171236    
   2083.33325       4.74571848    
   2122.40405       4.53057718    
   2152.51880       4.36540794    
   2166.66675       4.28808832    
   2180.81470       4.21147776    
   2210.92920       4.04899359    
   2250.00000       3.83900762    
   2289.07080       3.62982392    
   2319.18530       3.46919632    
   2333.33325       3.39398551    
   2347.48145       3.31941557    
   2377.59595       3.16121292    
   2416.66675       2.95668530    
   2455.73755       2.75285077    
   2485.85205       2.59625244    
   2500.00000       2.52289176    
   2514.14795       2.45005679    
   2544.26270       2.29544854    
   2583.33325       2.09543514    
   2622.40405       1.89595580    
   2652.51880       1.74258351    
   2666.66675       1.67068052    
   2680.81470       1.59915054    
   2710.92920       1.44719028    
   2750.00000       1.25042188    
   2789.07080       1.05399013    
   2819.18530      0.902808905    
   2833.33350      0.831866264    
   2847.48145      0.761117101    
   2877.59595      0.610668182    
   2916.66675      0.415642351    
   2955.73755      0.220731512    
   2985.85205       7.05486163E-02
   3000.00000       3.98912598E-05
