   0.00000000       9.99998283    
   42.4440269       9.94444370    
   132.787796       9.82622242    
   250.000000       9.67295742    
   367.212189       9.51990318    
   457.555969       9.40217018    
   500.000000       9.34698105    
   542.444031       9.29214668    
   632.787781       9.17574978    
   750.000000       9.02525997    
   867.212219       8.87537479    
   957.555969       8.76037788    
   1000.00000       8.70659733    
   1042.44397       8.65347576    
   1132.78784       8.54097557    
   1250.00000       8.39587879    
   1367.21216       8.25170135    
   1457.55603       8.14132690    
   1500.00000       8.08980751    
   1514.14795       8.03461456    
   1544.26257       7.84091854    
   1583.33337       7.61626387    
   1622.40405       7.37838840    
   1652.51868       7.20228720    
   1666.66663       7.11778355    
   1680.81470       7.03465605    
   1710.92932       6.85823679    
   1750.00000       6.63011456    
   1789.07080       6.40277910    
   1819.18530       6.22817993    
   1833.33337       6.14642429    
   1847.48132       6.06537390    
   1877.59595       5.89344501    
   1916.66663       5.67123508    
   1955.73743       5.44988537    
   1985.85205       5.27994585    
   2000.00000       5.20039558    
   2014.14807       5.12158680    
   2044.26257       4.95445395    
   2083.33325       4.73849201    
   2122.40405       4.52340031    
   2152.51880       4.35828209    
   2166.66675       4.28099203    
   2180.81470       4.20442581    
   2210.92920       4.04204702    
   2250.00000       3.83221436    
   2289.07080       3.62320018    
   2319.18530       3.46271539    
   2333.33325       3.38757682    
   2347.48145       3.31309175    
   2377.59595       3.15508080    
   2416.66675       2.95081615    
   2455.73755       2.74725842    
   2485.85205       2.59088373    
   2500.00000       2.51763225    
   2514.14795       2.44491744    
   2544.26270       2.29057264    
   2583.33325       2.09091282    
   2622.40405       1.89179766    
   2652.51880       1.73871374    
   2666.66675       1.66694915    
   2680.81470       1.59556520    
   2710.92920       1.44392157    
   2750.00000       1.24757171    
   2789.07080       1.05156517    
   2819.18530      0.900716066    
   2833.33350      0.829931140    
   2847.48145      0.759343565    
   2877.59595      0.609241426    
   2916.66675      0.414668977    
   2955.73755      0.220213756    
   2985.85205       7.03830048E-02
   3000.00000       3.97976073E-05
