   0.00000000       9.99998283    
   42.4440269       9.94427490    
   132.787796       9.82569313    
   250.000000       9.67196369    
   367.212189       9.51845074    
   457.555969       9.40036774    
   500.000000       9.34501743    
   542.444031       9.29002762    
   632.787781       9.17330837    
   750.000000       9.02241135    
   867.212219       8.87213230    
   957.555969       8.75684166    
   1000.00000       8.70292854    
   1042.44397       8.64968777    
   1132.78784       8.53694630    
   1250.00000       8.39155293    
   1367.21216       8.24709797    
   1457.55603       8.13652515    
   1500.00000       8.08491993    
   1514.14795       8.02964687    
   1544.26257       7.83567572    
   1583.33337       7.61071587    
   1622.40405       7.37252760    
   1652.51868       7.19620609    
   1666.66663       7.11160088    
   1680.81470       7.02838564    
   1710.92932       6.85179043    
   1750.00000       6.62345457    
   1789.07080       6.39592171    
   1819.18530       6.22118330    
   1833.33337       6.13936758    
   1847.48132       6.05827188    
   1877.59595       5.88625765    
   1916.66663       5.66395473    
   1955.73743       5.44252872    
   1985.85205       5.27254438    
   2000.00000       5.19297886    
   2014.14807       5.11416960    
   2044.26257       4.94704866    
   2083.33325       4.73111963    
   2122.40405       4.51607847    
   2152.51880       4.35101318    
   2166.66675       4.27375317    
   2180.81470       4.19723225    
   2210.92920       4.03496075    
   2250.00000       3.82528472    
   2289.07080       3.61644340    
   2319.18530       3.45610404    
   2333.33325       3.38103914    
   2347.48145       3.30664110    
   2377.59595       3.14882541    
   2416.66675       2.94482899    
   2455.73755       2.74155402    
   2485.85205       2.58540750    
   2500.00000       2.51226759    
   2514.14795       2.43967485    
   2544.26270       2.28559899    
   2583.33325       2.08629990    
   2622.40405       1.88755620    
   2652.51880       1.73476636    
   2666.66675       1.66314316    
   2680.81470       1.59190822    
   2710.92920       1.44058740    
   2750.00000       1.24466443    
   2789.07080       1.04909158    
   2819.18530      0.898581386    
   2833.33350      0.827957332    
   2847.48145      0.757534564    
   2877.59595      0.607786238    
   2916.66675      0.413676143    
   2955.73755      0.219685644    
   2985.85205       7.02140927E-02
   3000.00000       3.97020813E-05
