   0.00000000       9.99998283    
   42.4440269       9.94508743    
   132.787796       9.82823372    
   250.000000       9.67673397    
   367.212189       9.52542877    
   457.555969       9.40902519    
   500.000000       9.35445118    
   542.444031       9.30020332    
   632.787781       9.18503094    
   750.000000       9.03608990    
   867.212219       8.88770580    
   957.555969       8.77382374    
   1000.00000       8.72054768    
   1042.44397       8.66788006    
   1132.78784       8.55630112    
   1250.00000       8.41233063    
   1367.21216       8.26920795    
   1457.55603       8.15958881    
   1500.00000       8.10839748    
   1514.14795       8.05350971    
   1544.26257       7.86085987    
   1583.33337       7.63736820    
   1622.40405       7.40068340    
   1652.51868       7.22542000    
   1666.66663       7.14130354    
   1680.81470       7.05851030    
   1710.92932       6.88276339    
   1750.00000       6.65545368    
   1789.07080       6.42886972    
   1819.18530       6.25480223    
   1833.33337       6.17327499    
   1847.48132       6.09239912    
   1877.59595       5.92079496    
   1916.66663       5.69894123    
   1955.73743       5.47788143    
   1985.85205       5.30811405    
   2000.00000       5.22862196    
   2014.14807       5.14981461    
   2044.26257       4.98263788    
   2083.33325       4.76655102    
   2122.40405       4.55126810    
   2152.51880       4.38595104    
   2166.66675       4.30854607    
   2180.81470       4.23180914    
   2210.92920       4.06902122    
   2250.00000       3.85859370    
   2289.07080       3.64892197    
   2319.18530       3.48788285    
   2333.33325       3.41246414    
   2347.48145       3.33764935    
   2377.59595       3.17889476    
   2416.66675       2.97360897    
   2455.73755       2.76897645    
   2485.85205       2.61173320    
   2500.00000       2.53805733    
   2514.14795       2.46487713    
   2544.26270       2.30950880    
   2583.33325       2.10847616    
   2622.40405       1.90794671    
   2652.51880       1.75374305    
   2666.66675       1.68144071    
   2680.81470       1.60948980    
   2710.92920       1.45661664    
   2750.00000       1.25864148    
   2789.07080       1.06098354    
   2819.18530      0.908844411    
   2833.33350      0.837446868    
   2847.48145      0.766231716    
   2877.59595      0.614782572    
   2916.66675      0.418449432    
   2955.73755      0.222224668    
   2985.85205       7.10262060E-02
   3000.00000       4.01613397E-05
