   0.00000000       9.99998283    
   42.4440269       9.94477177    
   132.787796       9.82724857    
   250.000000       9.67488384    
   367.212189       9.52272224    
   457.555969       9.40566730    
   500.000000       9.35079193    
   542.444031       9.29625702    
   632.787781       9.18048477    
   750.000000       9.03078461    
   867.212219       8.88166523    
   957.555969       8.76723766    
   1000.00000       8.71371460    
   1042.44397       8.66082478    
   1132.78784       8.54879379    
   1250.00000       8.40427208    
   1367.21216       8.26063251    
   1457.55603       8.15064335    
   1500.00000       8.09929085    
   1514.14795       8.04425335    
   1544.26257       7.85109091    
   1583.33337       7.62702942    
   1622.40405       7.38976097    
   1652.51868       7.21408701    
   1666.66663       7.12978077    
   1680.81470       7.04682350    
   1710.92932       6.87074709    
   1750.00000       6.64303923    
   1789.07080       6.41608667    
   1819.18530       6.24175835    
   1833.33337       6.16011906    
   1847.48132       6.07915783    
   1877.59595       5.90739441    
   1916.66663       5.68536615    
   1955.73743       5.46416378    
   1985.85205       5.29431200    
   2000.00000       5.21479130    
   2014.14807       5.13598299    
   2044.26257       4.96882772    
   2083.33325       4.75280190    
   2122.40405       4.53761244    
   2152.51880       4.37239265    
   2166.66675       4.29504395    
   2180.81470       4.21839046    
   2210.92920       4.05580282    
   2250.00000       3.84566689    
   2289.07080       3.63631725    
   2319.18530       3.47554946    
   2333.33325       3.40026808    
   2347.48145       3.32561493    
   2377.59595       3.16722441    
   2416.66675       2.96243906    
   2455.73755       2.75833321    
   2485.85205       2.60151553    
   2500.00000       2.52804756    
   2514.14795       2.45509529    
   2544.26270       2.30022860    
   2583.33325       2.09986877    
   2622.40405       1.90003240    
   2652.51880       1.74637747    
   2666.66675       1.67433858    
   2680.81470       1.60266554    
   2710.92920       1.45039487    
   2750.00000       1.25321627    
   2789.07080       1.05636764    
   2819.18530      0.904860735    
   2833.33350      0.833763421    
   2847.48145      0.762855828    
   2877.59595      0.612066865    
   2916.66675      0.416596651    
   2955.73755      0.221239120    
   2985.85205       7.07109720E-02
   3000.00000       3.99830751E-05
