   0.00000000       9.99998283    
   42.4440269       9.94524002    
   132.787796       9.82871151    
   250.000000       9.67763042    
   367.212189       9.52674103    
   457.555969       9.41065311    
   500.000000       9.35622501    
   542.444031       9.30211735    
   632.787781       9.18723583    
   750.000000       9.03866196    
   867.212219       8.89063454    
   957.555969       8.77701855    
   1000.00000       8.72386169    
   1042.44397       8.67130184    
   1132.78784       8.55994129    
   1250.00000       8.41623878    
   1367.21216       8.27336788    
   1457.55603       8.16392803    
   1500.00000       8.11281490    
   1514.14795       8.05799866    
   1544.26257       7.86559820    
   1583.33337       7.64238310    
   1622.40405       7.40598154    
   1652.51868       7.23091745    
   1666.66663       7.14689302    
   1680.81470       7.06417942    
   1710.92932       6.88859272    
   1750.00000       6.66147614    
   1789.07080       6.43507147    
   1819.18530       6.26113033    
   1833.33337       6.17965746    
   1847.48132       6.09882259    
   1877.59595       5.92729664    
   1916.66663       5.70552778    
   1955.73743       5.48453665    
   1985.85205       5.31481028    
   2000.00000       5.23533249    
   2014.14807       5.15652561    
   2044.26257       4.98933840    
   2083.33325       4.77322245    
   2122.40405       4.55789423    
   2152.51880       4.39252996    
   2166.66675       4.31509733    
   2180.81470       4.23831987    
   2210.92920       4.07543516    
   2250.00000       3.86486626    
   2289.07080       3.65503836    
   2319.18530       3.49386764    
   2333.33325       3.41838241    
   2347.48145       3.34348917    
   2377.59595       3.18455791    
   2416.66675       2.97902966    
   2455.73755       2.77414131    
   2485.85205       2.61669159    
   2500.00000       2.54291487    
   2514.14795       2.46962404    
   2544.26270       2.31401253    
   2583.33325       2.11265349    
   2622.40405       1.91178763    
   2652.51880       1.75731766    
   2666.66675       1.68488741    
   2680.81470       1.61280167    
   2710.92920       1.45963609    
   2750.00000       1.26127446    
   2789.07080       1.06322384    
   2819.18530      0.910777748    
   2833.33350      0.839234531    
   2847.48145      0.767870069    
   2877.59595      0.616100550    
   2916.66675      0.419348657    
   2955.73755      0.222702965    
   2985.85205       7.11791888E-02
   3000.00000       4.02478581E-05
