   0.00000000       9.99998283    
   42.4440269       9.94538975    
   132.787796       9.82917881    
   250.000000       9.67850971    
   367.212189       9.52802753    
   457.555969       9.41224861    
   500.000000       9.35796356    
   542.444031       9.30399227    
   632.787781       9.18939686    
   750.000000       9.04118252    
   867.212219       8.89350510    
   957.555969       8.78014851    
   1000.00000       8.72710991    
   1042.44397       8.67465496    
   1132.78784       8.56350899    
   1250.00000       8.42006969    
   1367.21216       8.27744389    
   1457.55603       8.16817951    
   1500.00000       8.11714268    
   1514.14795       8.06239796    
   1544.26257       7.87024117    
   1583.33337       7.64729786    
   1622.40405       7.41117334    
   1652.51868       7.23630524    
   1666.66663       7.15237093    
   1680.81470       7.06973553    
   1710.92932       6.89430523    
   1750.00000       6.66737890    
   1789.07080       6.44114923    
   1819.18530       6.26733208    
   1833.33337       6.18591309    
   1847.48132       6.10511875    
   1877.59595       5.93366861    
   1916.66663       5.71198320    
   1955.73743       5.49106026    
   1985.85205       5.32137442    
   2000.00000       5.24190998    
   2014.14807       5.16310358    
   2044.26257       4.99590635    
   2083.33325       4.77976179    
   2122.40405       4.56438923    
   2152.51880       4.39897871    
   2166.66675       4.32151937    
   2180.81470       4.24470234    
   2210.92920       4.08172226    
   2250.00000       3.87101507    
   2289.07080       3.66103411    
   2319.18530       3.49973440    
   2333.33325       3.42418408    
   2347.48145       3.34921384    
   2377.59595       3.19010949    
   2416.66675       2.98434329    
   2455.73755       2.77920461    
   2485.85205       2.62155247    
   2500.00000       2.54767704    
   2514.14795       2.47427750    
   2544.26270       2.31842732    
   2583.33325       2.11674833    
   2622.40405       1.91555297    
   2652.51880       1.76082206    
   2666.66675       1.68826640    
   2680.81470       1.61604846    
   2710.92920       1.46259618    
   2750.00000       1.26385570    
   2789.07080       1.06541991    
   2819.18530      0.912673116    
   2833.33350      0.840987086    
   2847.48145      0.769476295    
   2877.59595      0.617392659    
   2916.66675      0.420230210    
   2955.73755      0.223171890    
   2985.85205       7.13291764E-02
   3000.00000       4.03326740E-05
