   0.00000000       9.99998283    
   42.4440269       9.94493103    
   132.787796       9.82774544    
   250.000000       9.67581844    
   367.212189       9.52408981    
   457.555969       9.40736294    
   500.000000       9.35264015    
   542.444031       9.29825020    
   632.787781       9.18278122    
   750.000000       9.03346443    
   867.212219       8.88471603    
   957.555969       8.77056408    
   1000.00000       8.71716595    
   1042.44397       8.66438866    
   1132.78784       8.55258560    
   1250.00000       8.40834236    
   1367.21216       8.26496315    
   1457.55603       8.15516090    
   1500.00000       8.10389042    
   1514.14795       8.04892826    
   1544.26257       7.85602474    
   1583.33337       7.63225126    
   1622.40405       7.39527750    
   1652.51868       7.21981049    
   1666.66663       7.13560009    
   1680.81470       7.05272579    
   1710.92932       6.87681580    
   1750.00000       6.64930916    
   1789.07080       6.42254257    
   1819.18530       6.24834585    
   1833.33337       6.16676331    
   1847.48132       6.08584499    
   1877.59595       5.91416216    
   1916.66663       5.69222164    
   1955.73743       5.47109127    
   1985.85205       5.30128193    
   2000.00000       5.22177601    
   2014.14807       5.14296818    
   2044.26257       4.97580194    
   2083.33325       4.75974512    
   2122.40405       4.54450846    
   2152.51880       4.37923956    
   2166.66675       4.30186224    
   2180.81470       4.22516680    
   2210.92920       4.06247807    
   2250.00000       3.85219455    
   2289.07080       3.64268231    
   2319.18530       3.48177767    
   2333.33325       3.40642691    
   2347.48145       3.33169198    
   2377.59595       3.17311764    
   2416.66675       2.96807957    
   2455.73755       2.76370764    
   2485.85205       2.60667515    
   2500.00000       2.53310227    
   2514.14795       2.46003485    
   2544.26270       2.30491495    
   2583.33325       2.10421515    
   2622.40405       1.90402877    
   2652.51880       1.75009680    
   2666.66675       1.67792487    
   2680.81470       1.60611153    
   2710.92920       1.45353663    
   2750.00000       1.25595582    
   2789.07080       1.05869853    
   2819.18530      0.906872332    
   2833.33350      0.835623443    
   2847.48145      0.764560521    
   2877.59595      0.613438189    
   2916.66675      0.417532235    
   2955.73755      0.221736774    
   2985.85205       7.08701536E-02
   3000.00000       4.00730896E-05
