   0.00000000       9.99998283    
   42.4440269       9.94568062    
   132.787796       9.83008766    
   250.000000       9.68021488    
   367.212189       9.53052235    
   457.555969       9.41534328    
   500.000000       9.36133671    
   542.444031       9.30763054    
   632.787781       9.19358826    
   750.000000       9.04607391    
   867.212219       8.89907360    
   957.555969       8.78622055    
   1000.00000       8.73341084    
   1042.44397       8.68116093    
   1132.78784       8.57043076    
   1250.00000       8.42750072    
   1367.21216       8.28535175    
   1457.55603       8.17642879    
   1500.00000       8.12554169    
   1514.14795       8.07093430    
   1544.26257       7.87925148    
   1583.33337       7.65683413    
   1622.40405       7.42124891    
   1652.51868       7.24676037    
   1666.66663       7.16300106    
   1680.81470       7.08051729    
   1710.92932       6.90539169    
   1750.00000       6.67883396    
   1789.07080       6.45294523    
   1819.18530       6.27936888    
   1833.33337       6.19805336    
   1847.48132       6.11733866    
   1877.59595       5.94603586    
   1916.66663       5.72451258    
   1955.73743       5.50372171    
   1985.85205       5.33411407    
   2000.00000       5.25467682    
   2014.14807       5.17587137    
   2044.26257       5.00865459    
   2083.33325       4.79245424    
   2122.40405       4.57699585    
   2152.51880       4.41149616    
   2166.66675       4.33398533    
   2180.81470       4.25709105    
   2210.92920       4.09392643    
   2250.00000       3.88295078    
   2289.07080       3.67267299    
   2319.18530       3.51112318    
   2333.33325       3.43544626    
   2347.48145       3.36032677    
   2377.59595       3.20088625    
   2416.66675       2.99465847    
   2455.73755       2.78903389    
   2485.85205       2.63098884    
   2500.00000       2.55692148    
   2514.14795       2.48331141    
   2544.26270       2.32699823    
   2583.33325       2.12469816    
   2622.40405       1.92286289    
   2652.51880       1.76762533    
   2666.66675       1.69482613    
   2680.81470       1.62235177    
   2710.92920       1.46834290    
   2750.00000       1.26886678    
   2789.07080       1.06968367    
   2819.18530      0.916352808    
   2833.33350      0.844389498    
   2847.48145      0.772594571    
   2877.59595      0.619901121    
   2916.66675      0.421941668    
   2955.73755      0.224082246    
   2985.85205       7.16203600E-02
   3000.00000       4.04973398E-05
