   0.00000000       9.99998283    
   42.4440269       9.94609547    
   132.787796       9.83138275    
   250.000000       9.68264675    
   367.212189       9.53407955    
   457.555969       9.41975689    
   500.000000       9.36614609    
   542.444031       9.31281757    
   632.787781       9.19956493    
   750.000000       9.05304718    
   867.212219       8.90701485    
   957.555969       8.79487991    
   1000.00000       8.74239540    
   1042.44397       8.69043827    
   1132.78784       8.58030128    
   1250.00000       8.43809795    
   1367.21216       8.29662991    
   1457.55603       8.18819427    
   1500.00000       8.13751888    
   1514.14795       8.08310890    
   1544.26257       7.89210176    
   1583.33337       7.67043638    
   1622.40405       7.43562031    
   1652.51868       7.26167393    
   1666.66663       7.17816448    
   1680.81470       7.09589767    
   1710.92932       6.92120695    
   1750.00000       6.69517469    
   1789.07080       6.46977329    
   1819.18530       6.29654121    
   1833.33337       6.21537352    
   1847.48132       6.13477182    
   1877.59595       5.96368074    
   1916.66663       5.74238873    
   1955.73743       5.52178717    
   1985.85205       5.35229158    
   2000.00000       5.27289295    
   2014.14807       5.19408894    
   2044.26257       5.02684546    
   2083.33325       4.81056643    
   2122.40405       4.59498596    
   2152.51880       4.42935944    
   2166.66675       4.35177422    
   2180.81470       4.27477074    
   2210.92920       4.11134291    
   2250.00000       3.89998460    
   2289.07080       3.68928337    
   2319.18530       3.52737665    
   2333.33325       3.45151925    
   2347.48145       3.37618685    
   2377.59595       3.21626711    
   2416.66675       3.00938082    
   2455.73755       2.80306268    
   2485.85205       2.64445734    
   2500.00000       2.57011604    
   2514.14795       2.49620581    
   2544.26270       2.33923173    
   2583.33325       2.13604546    
   2622.40405       1.93329680    
   2652.51880       1.77733600    
   2666.66675       1.70418954    
   2680.81470       1.63134885    
   2710.92920       1.47654581    
   2750.00000       1.27601981    
   2789.07080       1.07576966    
   2819.18530      0.921605349    
   2833.33350      0.849246204    
   2847.48145      0.777045786    
   2877.59595      0.623481870    
   2916.66675      0.424384683    
   2955.73755      0.225381747    
   2985.85205       7.20360056E-02
   3000.00000       4.07323932E-05
