   0.00000000       9.99998283    
   42.4440269       9.94596004    
   132.787796       9.83095932    
   250.000000       9.68185234    
   367.212189       9.53291798    
   457.555969       9.41831589    
   500.000000       9.36457539    
   542.444031       9.31112385    
   632.787781       9.19761276    
   750.000000       9.05076981    
   867.212219       8.90442085    
   957.555969       8.79205227    
   1000.00000       8.73946095    
   1042.44397       8.68740845    
   1132.78784       8.57707787    
   1250.00000       8.43463707    
   1367.21216       8.29294682    
   1457.55603       8.18435192    
   1500.00000       8.13360691    
   1514.14795       8.07913208    
   1544.26257       7.88790417    
   1583.33337       7.66599369    
   1622.40405       7.43092632    
   1652.51868       7.25680256    
   1666.66663       7.17321157    
   1680.81470       7.09087372    
   1710.92932       6.91604090    
   1750.00000       6.68983698    
   1789.07080       6.46427631    
   1819.18530       6.29093170    
   1833.33337       6.20971584    
   1847.48132       6.12907696    
   1877.59595       5.95791674    
   1916.66663       5.73654938    
   1955.73743       5.51588535    
   1985.85205       5.34635353    
   2000.00000       5.26694202    
   2014.14807       5.18813753    
   2044.26257       5.02090263    
   2083.33325       4.80464935    
   2122.40405       4.58910894    
   2152.51880       4.42352343    
   2166.66675       4.34596252    
   2180.81470       4.26899481    
   2210.92920       4.10565281    
   2250.00000       3.89441967    
   2289.07080       3.68385673    
   2319.18530       3.52206635    
   2333.33325       3.44626808    
   2347.48145       3.37100530    
   2377.59595       3.21124196    
   2416.66675       3.00457096    
   2455.73755       2.79847908    
   2485.85205       2.64005709    
   2500.00000       2.56580520    
   2514.14795       2.49199295    
   2544.26270       2.33523488    
   2583.33325       2.13233805    
   2622.40405       1.92988777    
   2652.51880       1.77416325    
   2666.66675       1.70113027    
   2680.81470       1.62840927    
   2710.92920       1.47386575    
   2750.00000       1.27368271    
   2789.07080       1.07378125    
   2819.18530      0.919889212    
   2833.33350      0.847659409    
   2847.48145      0.775591433    
   2877.59595      0.622311950    
   2916.66675      0.423586458    
   2955.73755      0.224957153    
   2985.85205       7.19002038E-02
   3000.00000       4.06555955E-05
