   0.00000000       9.99998283    
   42.4440269       9.94582176    
   132.787796       9.83052826    
   250.000000       9.68104172    
   367.212189       9.53173256    
   457.555969       9.41684437    
   500.000000       9.36297226    
   542.444031       9.30939484    
   632.787781       9.19562054    
   750.000000       9.04844570    
   867.212219       8.90177441    
   957.555969       8.78916645    
   1000.00000       8.73646641    
   1042.44397       8.68431664    
   1132.78784       8.57378769    
   1250.00000       8.43110466    
   1367.21216       8.28918743    
   1457.55603       8.18043041    
   1500.00000       8.12961483    
   1514.14795       8.07507515    
   1544.26257       7.88362169    
   1583.33337       7.66145992    
   1622.40405       7.42613649    
   1652.51868       7.25183201    
   1666.66663       7.16815758    
   1680.81470       7.08574772    
   1710.92932       6.91076994    
   1750.00000       6.68439054    
   1789.07080       6.45866776    
   1819.18530       6.28520823    
   1833.33337       6.20394325    
   1847.48132       6.12326670    
   1877.59595       5.95203590    
   1916.66663       5.73059130    
   1955.73743       5.50986433    
   1985.85205       5.34029484    
   2000.00000       5.26087046    
   2014.14807       5.18206596    
   2044.26257       5.01484013    
   2083.33325       4.79861259    
   2122.40405       4.58311272    
   2152.51880       4.41757011    
   2166.66675       4.34003401    
   2180.81470       4.26310253    
   2210.92920       4.09984827    
   2250.00000       3.88874245    
   2289.07080       3.67832065    
   2319.18530       3.51664925    
   2333.33325       3.44091105    
   2347.48145       3.36571932    
   2377.59595       3.20611572    
   2416.66675       2.99966407    
   2455.73755       2.79380345    
   2485.85205       2.63556814    
   2500.00000       2.56140757    
   2514.14795       2.48769546    
   2544.26270       2.33115768    
   2583.33325       2.12855601    
   2622.40405       1.92641032    
   2652.51880       1.77092683    
   2666.66675       1.69800961    
   2680.81470       1.62541068    
   2710.92920       1.47113180    
   2750.00000       1.27129865    
   2789.07080       1.07175279    
   2819.18530      0.918138564    
   2833.33350      0.846040666    
   2847.48145      0.774107873    
   2877.59595      0.621118546    
   2916.66675      0.422772229    
   2955.73755      0.224524051    
   2985.85205       7.17616677E-02
   3000.00000       4.05772553E-05
