   0.00000000       9.99998283    
   42.4440269       9.94553661    
   132.787796       9.82963753    
   250.000000       9.67937088    
   367.212189       9.52928734    
   457.555969       9.41381168    
   500.000000       9.35966778    
   542.444031       9.30583000    
   632.787781       9.19151306    
   750.000000       9.04365349    
   867.212219       8.89631748    
   957.555969       8.78321552    
   1000.00000       8.73029232    
   1042.44397       8.67794132    
   1132.78784       8.56700516    
   1250.00000       8.42382240    
   1367.21216       8.28143787    
   1457.55603       8.17234612    
   1500.00000       8.12138462    
   1514.14795       8.06670952    
   1544.26257       7.87479162    
   1583.33337       7.65211439    
   1622.40405       7.41626215    
   1652.51868       7.24158573    
   1666.66663       7.15773964    
   1680.81470       7.07518101    
   1710.92932       6.89990425    
   1750.00000       6.67316389    
   1789.07080       6.44710636    
   1819.18530       6.27341127    
   1833.33337       6.19204426    
   1847.48132       6.11128998    
   1877.59595       5.93991423    
   1916.66663       5.71831083    
   1955.73743       5.49745417    
   1985.85205       5.32780790    
   2000.00000       5.24835730    
   2014.14807       5.16955137    
   2044.26257       5.00234413    
   2083.33325       4.78617144    
   2122.40405       4.57075548    
   2152.51880       4.40530014    
   2166.66675       4.32781458    
   2180.81470       4.25095844    
   2210.92920       4.08788538    
   2250.00000       3.87704253    
   2289.07080       3.66691160    
   2319.18530       3.50548553    
   2333.33325       3.42987132    
   2347.48145       3.35482574    
   2377.59595       3.19555163    
   2416.66675       2.98955226    
   2455.73755       2.78416800    
   2485.85205       2.62631774    
   2500.00000       2.55234528    
   2514.14795       2.47883940    
   2544.26270       2.32275558    
   2583.33325       2.12076283    
   2622.40405       1.91924429    
   2652.51880       1.76425743    
   2666.66675       1.69157887    
   2680.81470       1.61923146    
   2710.92920       1.46549809    
   2750.00000       1.26638615    
   2789.07080       1.06757295    
   2819.18530      0.914531231    
   2833.33350      0.842705190    
   2847.48145      0.771050930    
   2877.59595      0.618659317    
   2916.66675      0.421094418    
   2955.73755      0.223631591    
   2985.85205       7.14762136E-02
   3000.00000       4.04158236E-05
