   0.00000000       9.99998283    
   42.4440269       9.94661045    
   132.787796       9.83299065    
   250.000000       9.68566704    
   367.212189       9.53849792    
   457.555969       9.42523956    
   500.000000       9.37211990    
   542.444031       9.31926155    
   632.787781       9.20698833    
   750.000000       9.06171036    
   867.212219       8.91687870    
   957.555969       8.80563736    
   1000.00000       8.75355625    
   1042.44397       8.70196247    
   1132.78784       8.59256363    
   1250.00000       8.45126343    
   1367.21216       8.31064224    
   1457.55603       8.20281219    
   1500.00000       8.15240002    
   1514.14795       8.09823418    
   1544.26257       7.90806818    
   1583.33337       7.68733835    
   1622.40405       7.45347929    
   1652.51868       7.28020668    
   1666.66663       7.19700909    
   1680.81470       7.11501122    
   1710.92932       6.94086170    
   1750.00000       6.71548462    
   1789.07080       6.49068928    
   1819.18530       6.31788588    
   1833.33337       6.23690271    
   1847.48132       6.15644169    
   1877.59595       5.98561382    
   1916.66663       5.76461124    
   1955.73743       5.54424524    
   1985.85205       5.37488985    
   2000.00000       5.29553938    
   2014.14807       5.21673775    
   2044.26257       5.04946089    
   2083.33325       4.83308458    
   2122.40405       4.61735392    
   2152.51880       4.45156956    
   2166.66675       4.37389326    
   2180.81470       4.29675341    
   2210.92920       4.13299894    
   2250.00000       3.92116547    
   2289.07080       3.70993853    
   2319.18530       3.54758835    
   2333.33325       3.47150683    
   2347.48145       3.39591002    
   2377.59595       3.23539448    
   2416.66675       3.02768970    
   2455.73755       2.82050943    
   2485.85205       2.66120768    
   2500.00000       2.58652568    
   2514.14795       2.51224208    
   2544.26270       2.35444641    
   2583.33325       2.15015793    
   2622.40405       1.94627368    
   2652.51880       1.78941381    
   2666.66675       1.71583533    
   2680.81470       1.64253926    
   2710.92920       1.48674834    
   2750.00000       1.28491652    
   2789.07080       1.08333957    
   2819.18530      0.928138494    
   2833.33350      0.855287075    
   2847.48145      0.782582223    
   2877.59595      0.627935648    
   2916.66675      0.427423358    
   2955.73755      0.226998091    
   2985.85205       7.25530013E-02
   3000.00000       4.10247594E-05
