   0.00000000       9.99998283    
   42.4440269       9.94673252    
   132.787796       9.83337307    
   250.000000       9.68638420    
   367.212189       9.53954792    
   457.555969       9.42654133    
   500.000000       9.37353992    
   542.444031       9.32079315    
   632.787781       9.20875263    
   750.000000       9.06376839    
   867.212219       8.91922188    
   957.555969       8.80819321    
   1000.00000       8.75620842    
   1042.44397       8.70470142    
   1132.78784       8.59547710    
   1250.00000       8.45439243    
   1367.21216       8.31397152    
   1457.55603       8.20628548    
   1500.00000       8.15593624    
   1514.14795       8.10182858    
   1544.26257       7.91186285    
   1583.33337       7.69135475    
   1622.40405       7.45772362    
   1652.51868       7.28461170    
   1666.66663       7.20148754    
   1680.81470       7.11955404    
   1710.92932       6.94553328    
   1750.00000       6.72031212    
   1789.07080       6.49566078    
   1819.18530       6.32295942    
   1833.33337       6.24202013    
   1847.48132       6.16159296    
   1877.59595       5.99082756    
   1916.66663       5.76989365    
   1955.73743       5.54958391    
   1985.85205       5.38026190    
   2000.00000       5.30092287    
   2014.14807       5.22212219    
   2044.26257       5.05483723    
   2083.33325       4.83843851    
   2122.40405       4.62267160    
   2152.51880       4.45685005    
   2166.66675       4.37915182    
   2180.81470       4.30197954    
   2210.92920       4.13814783    
   2250.00000       3.92620134    
   2289.07080       3.71484947    
   2319.18530       3.55239415    
   2333.33325       3.47625923    
   2347.48145       3.40059972    
   2377.59595       3.23994255    
   2416.66675       3.03204322    
   2455.73755       2.82465792    
   2485.85205       2.66519046    
   2500.00000       2.59042788    
   2514.14795       2.51605511    
   2544.26270       2.35806441    
   2583.33325       2.15351367    
   2622.40405       1.94935954    
   2652.51880       1.79228580    
   2666.66675       1.71860468    
   2680.81470       1.64520037    
   2710.92920       1.48917449    
   2750.00000       1.28703213    
   2789.07080       1.08513975    
   2819.18530      0.929692090    
   2833.33350      0.856723607    
   2847.48145      0.783898830    
   2877.59595      0.628994823    
   2916.66675      0.428145975    
   2955.73755      0.227382466    
   2985.85205       7.26759434E-02
   3000.00000       4.10942885E-05
