   0.00000000       9.99998283    
   42.4440269       9.94622803    
   132.787796       9.83179665    
   250.000000       9.68342495    
   367.212189       9.53521824    
   457.555969       9.42116928    
   500.000000       9.36768532    
   542.444031       9.31447792    
   632.787781       9.20147705    
   750.000000       9.05527973    
   867.212219       8.90955544    
   957.555969       8.79765129    
   1000.00000       8.74527073    
   1042.44397       8.69340706    
   1132.78784       8.58346081    
   1250.00000       8.44149017    
   1367.21216       8.30024052    
   1457.55603       8.19196033    
   1500.00000       8.14135265    
   1514.14795       8.08700562    
   1544.26257       7.89621496    
   1583.33337       7.67479038    
   1622.40405       7.44022083    
   1652.51868       7.26644802    
   1666.66663       7.18301868    
   1680.81470       7.10082102    
   1710.92932       6.92626953    
   1750.00000       6.70040655    
   1789.07080       6.47516108    
   1819.18530       6.30203915    
   1833.33337       6.22091913    
   1847.48132       6.14035368    
   1877.59595       5.96932983    
   1916.66663       5.74811268    
   1955.73743       5.52757120    
   1985.85205       5.35811186    
   2000.00000       5.27872562    
   2014.14807       5.19992256    
   2044.26257       5.03267002    
   2083.33325       4.81636572    
   2122.40405       4.60074663    
   2152.51880       4.43507957    
   2166.66675       4.35747099    
   2180.81470       4.28043222    
   2210.92920       4.11692047    
   2250.00000       3.90543938    
   2289.07080       3.69460273    
   2319.18530       3.53258181    
   2333.33325       3.45666671    
   2347.48145       3.38126636    
   2377.59595       3.22119308    
   2416.66675       3.01409578    
   2455.73755       2.80755568    
   2485.85205       2.64877105    
   2500.00000       2.57434201    
   2514.14795       2.50033545    
   2544.26270       2.34314990    
   2583.33325       2.13967967    
   2622.40405       1.93663859    
   2652.51880       1.78044629    
   2666.66675       1.70718849    
   2680.81470       1.63423061    
   2710.92920       1.47917306    
   2750.00000       1.27831078    
   2789.07080       1.07771909    
   2819.18530      0.923287690    
   2833.33350      0.850801826    
   2847.48145      0.778471470    
   2877.59595      0.624628782    
   2916.66675      0.425167173    
   2955.73755      0.225797966    
   2985.85205       7.21691400E-02
   3000.00000       4.08076812E-05
