   0.00000000       9.99998283    
   42.4440269       9.94648552    
   132.787796       9.83260059    
   250.000000       9.68493462    
   367.212189       9.53742695    
   457.555969       9.42391014    
   500.000000       9.37067223    
   542.444031       9.31769943    
   632.787781       9.20518875    
   750.000000       9.05961037    
   867.212219       8.91448689    
   957.555969       8.80302906    
   1000.00000       8.75085068    
   1042.44397       8.69916821    
   1132.78784       8.58959007    
   1250.00000       8.44807148    
   1367.21216       8.30724525    
   1457.55603       8.19926739    
   1500.00000       8.14879131    
   1514.14795       8.09456635    
   1544.26257       7.90419674    
   1583.33337       7.68323946    
   1622.40405       7.44914865    
   1652.51868       7.27571249    
   1666.66663       7.19243908    
   1680.81470       7.11037588    
   1710.92932       6.93609524    
   1750.00000       6.71055937    
   1789.07080       6.48561668    
   1819.18530       6.31270933    
   1833.33337       6.23168135    
   1847.48132       6.15118647    
   1877.59595       5.98029423    
   1916.66663       5.75922155    
   1955.73743       5.53879833    
   1985.85205       5.36940908    
   2000.00000       5.29004669    
   2014.14807       5.21124458    
   2044.26257       5.04397583    
   2083.33325       4.82762289    
   2122.40405       4.61192846    
   2152.51880       4.44618225    
   2166.66675       4.36852837    
   2180.81470       4.29142141    
   2210.92920       4.12774611    
   2250.00000       3.91602778    
   2289.07080       3.70492840    
   2319.18530       3.54268575    
   2333.33325       3.46665859    
   2347.48145       3.39112592    
   2377.59595       3.23075485    
   2416.66675       3.02324843    
   2455.73755       2.81627727    
   2485.85205       2.65714431    
   2500.00000       2.58254528    
   2514.14795       2.50835204    
   2544.26270       2.35075569    
   2583.33325       2.14673448    
   2622.40405       1.94312572    
   2652.51880       1.78648400    
   2666.66675       1.71301019    
   2680.81470       1.63982463    
   2710.92920       1.48427343    
   2750.00000       1.28275836    
   2789.07080       1.08150327    
   2819.18530      0.926553667    
   2833.33350      0.853821635    
   2847.48145      0.781239152    
   2877.59595      0.626855254    
   2916.66675      0.426686198    
   2955.73755      0.226605982    
   2985.85205       7.24275857E-02
   3000.00000       4.09538370E-05
