   0.00000000       9.99998283    
   42.4440269       9.94635773    
   132.787796       9.83220291    
   250.000000       9.68418694    
   367.212189       9.53633404    
   457.555969       9.42255402    
   500.000000       9.36919403    
   542.444031       9.31610489    
   632.787781       9.20335197    
   750.000000       9.05746651    
   867.212219       8.91204643    
   957.555969       8.80036736    
   1000.00000       8.74808884    
   1042.44397       8.69631672    
   1132.78784       8.58655643    
   1250.00000       8.44481373    
   1367.21216       8.30377769    
   1457.55603       8.19565105    
   1500.00000       8.14511013    
   1514.14795       8.09082413    
   1544.26257       7.90024614    
   1583.33337       7.67905760    
   1622.40405       7.44472980    
   1652.51868       7.27112675    
   1666.66663       7.18777657    
   1680.81470       7.10564661    
   1710.92932       6.93123198    
   1750.00000       6.70553398    
   1789.07080       6.48044109    
   1819.18530       6.30742788    
   1833.33337       6.22635412    
   1847.48132       6.14582443    
   1877.59595       5.97486734    
   1916.66663       5.75372267    
   1955.73743       5.53324127    
   1985.85205       5.36381721    
   2000.00000       5.28444290    
   2014.14807       5.20564032    
   2044.26257       5.03837919    
   2083.33325       4.82205057    
   2122.40405       4.60639334    
   2152.51880       4.44068623    
   2166.66675       4.36305475    
   2180.81470       4.28598166    
   2210.92920       4.12238741    
   2250.00000       3.91078639    
   2289.07080       3.69981718    
   2319.18530       3.53768420    
   2333.33325       3.46171236    
   2347.48145       3.38624525    
   2377.59595       3.22602153    
   2416.66675       3.01871777    
   2455.73755       2.81195998    
   2485.85205       2.65299940    
   2500.00000       2.57848454    
   2514.14795       2.50438356    
   2544.26270       2.34699059    
   2583.33325       2.14324212    
   2622.40405       1.93991446    
   2652.51880       1.78349519    
   2666.66675       1.71012831    
   2680.81470       1.63705552    
   2710.92920       1.48174858    
   2750.00000       1.28055668    
   2789.07080       1.07963002    
   2819.18530      0.924936950    
   2833.33350      0.852326751    
   2847.48145      0.779869080    
   2877.59595      0.625753105    
   2916.66675      0.425934255    
   2955.73755      0.226205990    
   2985.85205       7.22996444E-02
   3000.00000       4.08814849E-05
