   0.00000000       9.99998379    
   42.4440269       9.94708443    
   132.787796       9.83447456    
   250.000000       9.68845177    
   367.212189       9.54257298    
   457.555969       9.43029499    
   500.000000       9.37762928    
   542.444031       9.32520390    
   632.787781       9.21383476    
   750.000000       9.06969929    
   867.212219       8.92597580    
   957.555969       8.81555843    
   1000.00000       8.76385021    
   1042.44397       8.71259212    
   1132.78784       8.60387325    
   1250.00000       8.46340656    
   1367.21216       8.32356644    
   1457.55603       8.21629524    
   1500.00000       8.16612625    
   1514.14795       8.11218643    
   1544.26257       7.92279720    
   1583.33337       7.70293045    
   1622.40405       7.46995544    
   1652.51868       7.29730606    
   1666.66663       7.21439552    
   1680.81470       7.13264656    
   1710.92932       6.95899725    
   1750.00000       6.73422527    
   1789.07080       6.50999022    
   1819.18530       6.33758259    
   1833.33337       6.25677013    
   1847.48132       6.17643976    
   1877.59595       6.00585556    
   1916.66663       5.78512049    
   1955.73743       5.56497240    
   1985.85205       5.39574766    
   2000.00000       5.31644154    
   2014.14807       5.23764229    
   2044.26257       5.07033587    
   2083.33325       4.85387087    
   2122.40405       4.63800097    
   2152.51880       4.47207212    
   2166.66675       4.39431143    
   2180.81470       4.31704617    
   2210.92920       4.15299082    
   2250.00000       3.94071913    
   2289.07080       3.72900724    
   2319.18530       3.56624842    
   2333.33325       3.48996019    
   2347.48145       3.41411924    
   2377.59595       3.25305414    
   2416.66675       3.04459405    
   2455.73755       2.83661819    
   2485.85205       2.67667341    
   2500.00000       2.60167742    
   2514.14795       2.52704883    
   2544.26270       2.36849499    
   2583.33325       2.16318893    
   2622.40405       1.95825636    
   2652.51880       1.80056632    
   2666.66675       1.72658896    
   2680.81470       1.65287244    
   2710.92920       1.49616945    
   2750.00000       1.29313195    
   2789.07080       1.09032977    
   2819.18530      0.934171438    
   2833.33350      0.860865474    
   2847.48145      0.787694812    
   2877.59595      0.632048488    
   2916.66675      0.430229396    
   2955.73755      0.228490695    
   2985.85205       7.30304196E-02
   3000.00000       4.12947447E-05
