   0.00000000       9.99998283    
   42.4440269       9.94685173    
   132.787796       9.83374786    
   250.000000       9.68708801    
   367.212189       9.54057693    
   457.555969       9.42781830    
   500.000000       9.37493038    
   542.444031       9.32229328    
   632.787781       9.21048069    
   750.000000       9.06578541    
   867.212219       8.92151928    
   957.555969       8.81069851    
   1000.00000       8.75880718    
   1042.44397       8.70738506    
   1132.78784       8.59833241    
   1250.00000       8.45745754    
   1367.21216       8.31723499    
   1457.55603       8.20969009    
   1500.00000       8.15940189    
   1514.14795       8.10535145    
   1544.26257       7.91558123    
   1583.33337       7.69529152    
   1622.40405       7.46188307    
   1652.51868       7.28892851    
   1666.66663       7.20587683    
   1680.81470       7.12400627    
   1710.92932       6.95011187    
   1750.00000       6.72504330    
   1789.07080       6.50053358    
   1819.18530       6.32793188    
   1833.33337       6.24703598    
   1847.48132       6.16664124    
   1877.59595       5.99593782    
   1916.66663       5.77507114    
   1955.73743       5.55481672    
   1985.85205       5.38552761    
   2000.00000       5.30619955    
   2014.14807       5.22739935    
   2044.26257       5.06010723    
   2083.33325       4.84368563    
   2122.40405       4.62788391    
   2152.51880       4.46202564    
   2166.66675       4.38430643    
   2180.81470       4.30710268    
   2210.92920       4.14319468    
   2250.00000       3.93113756    
   2289.07080       3.71966338    
   2319.18530       3.55710483    
   2333.33325       3.48091769    
   2347.48145       3.40519643    
   2377.59595       3.24440050    
   2416.66675       3.03631043    
   2455.73755       2.82872438    
   2485.85205       2.66909480    
   2500.00000       2.59425282    
   2514.14795       2.51979303    
   2544.26270       2.36161065    
   2583.33325       2.15680337    
   2622.40405       1.95238447    
   2652.51880       1.79510128    
   2666.66675       1.72131932    
   2680.81470       1.64780879    
   2710.92920       1.49155283    
   2750.00000       1.28910613    
   2789.07080       1.08690429    
   2819.18530      0.931215048    
   2833.33350      0.858131826    
   2847.48145      0.785189450    
   2877.59595      0.630033076    
   2916.66675      0.428854316    
   2955.73755      0.227759257    
   2985.85205       7.27964640E-02
   3000.00000       4.11624424E-05
