   0.00000000       9.99998379    
   42.4440269       9.94696999    
   132.787796       9.83411407    
   250.000000       9.68777657    
   367.212189       9.54158497    
   457.555969       9.42906857    
   500.000000       9.37629318    
   542.444031       9.32376385    
   632.787781       9.21217442    
   750.000000       9.06776237    
   867.212219       8.92376995    
   957.555969       8.81315327    
   1000.00000       8.76135445    
   1042.44397       8.71001434    
   1132.78784       8.60113049    
   1250.00000       8.46046257    
   1367.21216       8.32043266    
   1457.55603       8.21302605    
   1500.00000       8.16279793    
   1514.14795       8.10880375    
   1544.26257       7.91922569    
   1583.33337       7.69914961    
   1622.40405       7.46596003    
   1652.51868       7.29315948    
   1666.66663       7.21017885    
   1680.81470       7.12836981    
   1710.92932       6.95459938    
   1750.00000       6.72968054    
   1789.07080       6.50530958    
   1819.18530       6.33280563    
   1833.33337       6.25195217    
   1847.48132       6.17158985    
   1877.59595       6.00094604    
   1916.66663       5.78014612    
   1955.73743       5.55994558    
   1985.85205       5.39068890    
   2000.00000       5.31137180    
   2014.14807       5.23257208    
   2044.26257       5.06527281    
   2083.33325       4.84882927    
   2122.40405       4.63299322    
   2152.51880       4.46709919    
   2166.66675       4.38935900    
   2180.81470       4.31212425    
   2210.92920       4.14814186    
   2250.00000       3.93597627    
   2289.07080       3.72438216    
   2319.18530       3.56172228    
   2333.33325       3.48548412    
   2347.48145       3.40970254    
   2377.59595       3.24877048    
   2416.66675       3.04049349    
   2455.73755       2.83271074    
   2485.85205       2.67292190    
   2500.00000       2.59800220    
   2514.14795       2.52345705    
   2544.26270       2.36508727    
   2583.33325       2.16002798    
   2622.40405       1.95534968    
   2652.51880       1.79786098    
   2666.66675       1.72398043    
   2680.81470       1.65036595    
   2710.92920       1.49388409    
   2750.00000       1.29113913    
   2789.07080       1.08863413    
   2819.18530      0.932707965    
   2833.33350      0.859512269    
   2847.48145      0.786454618    
   2877.59595      0.631050825    
   2916.66675      0.429548711    
   2955.73755      0.228128627    
   2985.85205       7.29146078E-02
   3000.00000       4.12292538E-05
