   0.00000000       9.99998379    
   42.4440269       9.94719791    
   132.787796       9.83482647    
   250.000000       9.68911362    
   367.212189       9.54354191    
   457.555969       9.43149567    
   500.000000       9.37893867    
   542.444031       9.32661629    
   632.787781       9.21546173    
   750.000000       9.07159805    
   867.212219       8.92813778    
   957.555969       8.81791592    
   1000.00000       8.76629639    
   1042.44397       8.71511745    
   1132.78784       8.60656071    
   1250.00000       8.46629238    
   1367.21216       8.32663822    
   1457.55603       8.21949959    
   1500.00000       8.16938877    
   1514.14795       8.11550236    
   1544.26257       7.92629766    
   1583.33337       7.70663643    
   1622.40405       7.47387123    
   1652.51868       7.30137014    
   1666.66663       7.21852779    
   1680.81470       7.13683844    
   1710.92932       6.96330786    
   1750.00000       6.73867989    
   1789.07080       6.51457787    
   1819.18530       6.34226465    
   1833.33337       6.26149273    
   1847.48132       6.18119335    
   1877.59595       6.01066685    
   1916.66663       5.78999567    
   1955.73743       5.56990004    
   1985.85205       5.40070581    
   2000.00000       5.32141066    
   2014.14807       5.24261189    
   2044.26257       5.07529831    
   2083.33325       4.85881233    
   2122.40405       4.64291000    
   2152.51880       4.47694635    
   2166.66675       4.39916563    
   2180.81470       4.32187080    
   2210.92920       4.15774393    
   2250.00000       3.94536805    
   2289.07080       3.73354101    
   2319.18530       3.57068491    
   2333.33325       3.49434757    
   2347.48145       3.41844893    
   2377.59595       3.25725293    
   2416.66675       3.04861331    
   2455.73755       2.84044814    
   2485.85205       2.68035078    
   2500.00000       2.60527992    
   2514.14795       2.53056955    
   2544.26270       2.37183523    
   2583.33325       2.16628742    
   2622.40405       1.96110570    
   2652.51880       1.80321825    
   2666.66675       1.72914600    
   2680.81470       1.65532959    
   2710.92920       1.49840963    
   2750.00000       1.29508543    
   2789.07080       1.09199202    
   2819.18530      0.935606003    
   2833.33350      0.862191975    
   2847.48145      0.788910568    
   2877.59595      0.633026481    
   2916.66675      0.430896670    
   2955.73755      0.228845626    
   2985.85205       7.31439441E-02
   3000.00000       4.13589441E-05
