   0.00000000       9.99998379    
   42.4440269       9.94730759    
   132.787796       9.83517170    
   250.000000       9.68976212    
   367.212189       9.54449081    
   457.555969       9.43267345    
   500.000000       9.38022137    
   542.444031       9.32800007    
   632.787781       9.21705532    
   750.000000       9.07345772    
   867.212219       8.93025589    
   957.555969       8.82022572    
   1000.00000       8.76869392    
   1042.44397       8.71759224    
   1132.78784       8.60919380    
   1250.00000       8.46912098    
   1367.21216       8.32964802    
   1457.55603       8.22264004    
   1500.00000       8.17258549    
   1514.14795       8.11875153    
   1544.26257       7.92972851    
   1583.33337       7.71026802    
   1622.40405       7.47770929    
   1652.51868       7.30535316    
   1666.66663       7.22257757    
   1680.81470       7.14094639    
   1710.92932       6.96753263    
   1750.00000       6.74304581    
   1789.07080       6.51907444    
   1819.18530       6.34685373    
   1833.33337       6.26612139    
   1847.48132       6.18585253    
   1877.59595       6.01538277    
   1916.66663       5.79477406    
   1955.73743       5.57472944    
   1985.85205       5.40556574    
   2000.00000       5.32628107    
   2014.14807       5.24748325    
   2044.26257       5.08016253    
   2083.33325       4.86365557    
   2122.40405       4.64772129    
   2152.51880       4.48172426    
   2166.66675       4.40392399    
   2180.81470       4.32659960    
   2210.92920       4.16240311    
   2250.00000       3.94992495    
   2289.07080       3.73798513    
   2319.18530       3.57503390    
   2333.33325       3.49864817    
   2347.48145       3.42269254    
   2377.59595       3.26136875    
   2416.66675       3.05255294    
   2455.73755       2.84420276    
   2485.85205       2.68395543    
   2500.00000       2.60881138    
   2514.14795       2.53402066    
   2544.26270       2.37510967    
   2583.33325       2.16932487    
   2622.40405       1.96389866    
   2652.51880       1.80581772    
   2666.66675       1.73165262    
   2680.81470       1.65773809    
   2710.92920       1.50060558    
   2750.00000       1.29700041    
   2789.07080       1.09362137    
   2819.18530      0.937012255    
   2833.33350      0.863492250    
   2847.48145      0.790102243    
   2877.59595      0.633985162    
   2916.66675      0.431550741    
   2955.73755      0.229193553    
   2985.85205       7.32552260E-02
   3000.00000       4.14218775E-05
