   0.00000000       9.99998379    
   42.4440269       9.94741631    
   132.787796       9.83551025    
   250.000000       9.69039822    
   367.212189       9.54542065    
   457.555969       9.43382645    
   500.000000       9.38147831    
   542.444031       9.32935619    
   632.787781       9.21861839    
   750.000000       9.07528114    
   867.212219       8.93233204    
   957.555969       8.82248974    
   1000.00000       8.77104282    
   1042.44397       8.72001839    
   1132.78784       8.61177540    
   1250.00000       8.47189236    
   1367.21216       8.33259773    
   1457.55603       8.22571659    
   1500.00000       8.17571831    
   1514.14795       8.12193680    
   1544.26257       7.93309021    
   1583.33337       7.71382761    
   1622.40405       7.48147058    
   1652.51868       7.30925655    
   1666.66663       7.22654724    
   1680.81470       7.14497280    
   1710.92932       6.97167301    
   1750.00000       6.74732447    
   1789.07080       6.52348137    
   1819.18530       6.35135126    
   1833.33337       6.27065849    
   1847.48132       6.19041872    
   1877.59595       6.02000523    
   1916.66663       5.79945755    
   1955.73743       5.57946301    
   1985.85205       5.41032934    
   2000.00000       5.33105469    
   2014.14807       5.25225735    
   2044.26257       5.08492994    
   2083.33325       4.86840343    
   2122.40405       4.65243721    
   2152.51880       4.48640728    
   2166.66675       4.40858793    
   2180.81470       4.33123493    
   2210.92920       4.16696978    
   2250.00000       3.95439172    
   2289.07080       3.74234128    
   2319.18530       3.57929659    
   2333.33325       3.50286388    
   2347.48145       3.42685246    
   2377.59595       3.26540303    
   2416.66675       3.05641484    
   2455.73755       2.84788299    
   2485.85205       2.68748879    
   2500.00000       2.61227322    
   2514.14795       2.53740358    
   2544.26270       2.37831926    
   2583.33325       2.17230201    
   2622.40405       1.96663642    
   2652.51880       1.80836582    
   2666.66675       1.73410964    
   2680.81470       1.66009903    
   2710.92920       1.50275826    
   2750.00000       1.29887748    
   2789.07080       1.09521854    
   2819.18530      0.938390732    
   2833.33350      0.864766836    
   2847.48145      0.791270435    
   2877.59595      0.634924948    
   2916.66675      0.432191908    
   2955.73755      0.229534596    
   2985.85205       7.33643174E-02
   3000.00000       4.14835667E-05
