   0.00000000       9.99998379    
   42.4440269       9.94782829    
   132.787796       9.83679771    
   250.000000       9.69281483    
   367.212189       9.54895687    
   457.555969       9.43821526    
   500.000000       9.38626003    
   542.444031       9.33451462    
   632.787781       9.22456074    
   750.000000       9.08221626    
   867.212219       8.94022942    
   957.555969       8.83110237    
   1000.00000       8.77997971    
   1042.44397       8.72924614    
   1132.78784       8.62159443    
   1250.00000       8.48243523    
   1367.21216       8.34381962    
   1457.55603       8.23742485    
   1500.00000       8.18763733    
   1514.14795       8.13405228    
   1544.26257       7.94588137    
   1583.33337       7.72736979    
   1622.40405       7.49578142    
   1652.51868       7.32410908    
   1666.66663       7.24164963    
   1680.81470       7.16029215    
   1710.92932       6.98742771    
   1750.00000       6.76360607    
   1789.07080       6.54025078    
   1819.18530       6.36846542    
   1833.33337       6.28792095    
   1847.48132       6.20779514    
   1877.59595       6.03759432    
   1916.66663       5.81727982    
   1955.73743       5.59747648    
   1985.85205       5.42845631    
   2000.00000       5.34922123    
   2014.14807       5.27042627    
   2044.26257       5.10307360    
   2083.33325       4.88647032    
   2122.40405       4.67038488    
   2152.51880       4.50422955    
   2166.66675       4.42633724    
   2180.81470       4.34887552    
   2210.92920       4.18434906    
   2250.00000       3.97139096    
   2289.07080       3.75891972    
   2319.18530       3.59552026    
   2333.33325       3.51890779    
   2347.48145       3.44268465    
   2377.59595       3.28075743    
   2416.66675       3.07111311    
   2455.73755       2.86188984    
   2485.85205       2.70093727    
   2500.00000       2.62544847    
   2514.14795       2.55027914    
   2544.26270       2.39053559    
   2583.33325       2.18363404    
   2622.40405       1.97705686    
   2652.51880       1.81806457    
   2666.66675       1.74346161    
   2680.81470       1.66908538    
   2710.92920       1.51095152    
   2750.00000       1.30602229    
   2789.07080       1.10129786    
   2819.18530      0.943637550    
   2833.33350      0.869618416    
   2847.48145      0.795716941    
   2877.59595      0.638501942    
   2916.66675      0.434632391    
   2955.73755      0.230832756    
   2985.85205       7.37795383E-02
   3000.00000       4.17183801E-05
