   0.00000000       9.99998379    
   42.4440269       9.94762611    
   132.787796       9.83616734    
   250.000000       9.69163132    
   367.212189       9.54722404    
   457.555969       9.43606472    
   500.000000       9.38391781    
   542.444031       9.33198738    
   632.787781       9.22164917    
   750.000000       9.07881927    
   867.212219       8.93636036    
   957.555969       8.82688332    
   1000.00000       8.77560139    
   1042.44397       8.72472477    
   1132.78784       8.61678410    
   1250.00000       8.47727013    
   1367.21216       8.33832169    
   1457.55603       8.23168850    
   1500.00000       8.18179798    
   1514.14795       8.12811661    
   1544.26257       7.93961477    
   1583.33337       7.72073507    
   1622.40405       7.48877001    
   1652.51868       7.31683207    
   1666.66663       7.23425007    
   1680.81470       7.15278625    
   1710.92932       6.97970867    
   1750.00000       6.75562906    
   1789.07080       6.53203440    
   1819.18530       6.36008024    
   1833.33337       6.27946281    
   1847.48132       6.19928122    
   1877.59595       6.02897596    
   1916.66663       5.80854750    
   1955.73743       5.58865023    
   1985.85205       5.41957474    
   2000.00000       5.34032011    
   2014.14807       5.26152372    
   2044.26257       5.09418344    
   2083.33325       4.87761784    
   2122.40405       4.66159058    
   2152.51880       4.49549675    
   2166.66675       4.41764021    
   2180.81470       4.34023190    
   2210.92920       4.17583323    
   2250.00000       3.96306133    
   2289.07080       3.75079632    
   2319.18530       3.58757067    
   2333.33325       3.51104617    
   2347.48145       3.43492675    
   2377.59595       3.27323365    
   2416.66675       3.06391096    
   2455.73755       2.85502625    
   2485.85205       2.69434738    
   2500.00000       2.61899233    
   2514.14795       2.54396987    
   2544.26270       2.38454938    
   2583.33325       2.17808127    
   2622.40405       1.97195065    
   2652.51880       1.81331205    
   2666.66675       1.73887897    
   2680.81470       1.66468191    
   2710.92920       1.50693667    
   2750.00000       1.30252123    
   2789.07080       1.09831882    
   2819.18530      0.941066504    
   2833.33350      0.867241025    
   2847.48145      0.793538034    
   2877.59595      0.636749089    
   2916.66675      0.433436483    
   2955.73755      0.230196625    
   2985.85205       7.35760704E-02
   3000.00000       4.16033145E-05
