   0.00000000       9.99998379    
   42.4440269       9.94752216    
   132.787796       9.83584213    
   250.000000       9.69102097    
   367.212189       9.54633141    
   457.555969       9.43495750    
   500.000000       9.38271046    
   542.444031       9.33068466    
   632.787781       9.22014904    
   750.000000       9.07706833    
   867.212219       8.93436623    
   957.555969       8.82470894    
   1000.00000       8.77334499    
   1042.44397       8.72239590    
   1132.78784       8.61430454    
   1250.00000       8.47460842    
   1367.21216       8.33548832    
   1457.55603       8.22873306    
   1500.00000       8.17878914    
   1514.14795       8.12505722    
   1544.26257       7.93638515    
   1583.33337       7.71731615    
   1622.40405       7.48515701    
   1652.51868       7.31308270    
   1666.66663       7.23043728    
   1680.81470       7.14891863    
   1710.92932       6.97573137    
   1750.00000       6.75151873    
   1789.07080       6.52780104    
   1819.18530       6.35575962    
   1833.33337       6.27510500    
   1847.48132       6.19489479    
   1877.59595       6.02453566    
   1916.66663       5.80404806    
   1955.73743       5.58410263    
   1985.85205       5.41499853    
   2000.00000       5.33573389    
   2014.14807       5.25693703    
   2044.26257       5.08960295    
   2083.33325       4.87305689    
   2122.40405       4.65705967    
   2152.51880       4.49099731    
   2166.66675       4.41315937    
   2180.81470       4.33577824    
   2210.92920       4.17144585    
   2250.00000       3.95876980    
   2289.07080       3.74661088    
   2319.18530       3.58347487    
   2333.33325       3.50699592    
   2347.48145       3.43092990    
   2377.59595       3.26935744    
   2416.66675       3.06020045    
   2455.73755       2.85149026    
   2485.85205       2.69095230    
   2500.00000       2.61566639    
   2514.14795       2.54071951    
   2544.26270       2.38146544    
   2583.33325       2.17522049    
   2622.40405       1.96932006    
   2652.51880       1.81086361    
   2666.66675       1.73651803    
   2680.81470       1.66241336    
   2710.92920       1.50486827    
   2750.00000       1.30071759    
   2789.07080       1.09678411    
   2819.18530      0.939741969    
   2833.33350      0.866016269    
   2847.48145      0.792415559    
   2877.59595      0.635846138    
   2916.66675      0.432820410    
   2955.73755      0.229868919    
   2985.85205       7.34712481E-02
   3000.00000       4.15440409E-05
