   0.00000000       9.99998379    
   42.4440269       9.94772816    
   132.787796       9.83648586    
   250.000000       9.69222927    
   367.212189       9.54809952    
   457.555969       9.43715096    
   500.000000       9.38510036    
   542.444031       9.33326340    
   632.787781       9.22311974    
   750.000000       9.08053493    
   867.212219       8.93831444    
   957.555969       8.82901478    
   1000.00000       8.77781200    
   1042.44397       8.72700787    
   1132.78784       8.61921310    
   1250.00000       8.47987843    
   1367.21216       8.34109879    
   1457.55603       8.23458576    
   1500.00000       8.18474770    
   1514.14795       8.13111401    
   1544.26257       7.94277954    
   1583.33337       7.72408581    
   1622.40405       7.49231100    
   1652.51868       7.32050753    
   1666.66663       7.23798704    
   1680.81470       7.15657663    
   1710.92932       6.98360682    
   1750.00000       6.75965738    
   1789.07080       6.53618383    
   1819.18530       6.36431503    
   1833.33337       6.28373432    
   1847.48132       6.20358086    
   1877.59595       6.03332853    
   1916.66663       5.81295776    
   1955.73743       5.59310770    
   1985.85205       5.42405987    
   2000.00000       5.34481525    
   2014.14807       5.26601982    
   2044.26257       5.09867287    
   2083.33325       4.88208818    
   2122.40405       4.66603184    
   2152.51880       4.49990702    
   2166.66675       4.42203236    
   2180.81470       4.34459686    
   2210.92920       4.18013382    
   2250.00000       3.96726799    
   2289.07080       3.75489855    
   2319.18530       3.59158516    
   2333.33325       3.51501632    
   2347.48145       3.43884444    
   2377.59595       3.27703333    
   2416.66675       3.06754804    
   2455.73755       2.85849237    
   2485.85205       2.69767523    
   2500.00000       2.62225270    
   2514.14795       2.54715610    
   2544.26270       2.38757253    
   2583.33325       2.18088531    
   2622.40405       1.97452927    
   2652.51880       1.81571209    
   2666.66675       1.74119318    
   2680.81470       1.66690564    
   2710.92920       1.50896406    
   2750.00000       1.30428922    
   2789.07080       1.09982324    
   2819.18530      0.942364872    
   2833.33350      0.868441582    
   2847.48145      0.794638336    
   2877.59595      0.637634277    
   2916.66675      0.434040397    
   2955.73755      0.230517864    
   2985.85205       7.36788139E-02
   3000.00000       4.16614203E-05
