   0.00000000       9.99998379    
   42.4440269       9.94811630    
   132.787796       9.83769703    
   250.000000       9.69450474    
   367.212189       9.55142879    
   457.555969       9.44128132    
   500.000000       9.38960171    
   542.444031       9.33811855    
   632.787781       9.22871399    
   750.000000       9.08706284    
   867.212219       8.94574833    
   957.555969       8.83712101    
   1000.00000       8.78622437    
   1042.44397       8.73569393    
   1132.78784       8.62845612    
   1250.00000       8.48980331    
   1367.21216       8.35166168    
   1457.55603       8.24560642    
   1500.00000       8.19596767    
   1514.14795       8.14251900    
   1544.26257       7.95482063    
   1583.33337       7.73683405    
   1622.40405       7.50578356    
   1652.51868       7.33449030    
   1666.66663       7.25220585    
   1680.81470       7.17099953    
   1710.92932       6.99843979    
   1750.00000       6.77498674    
   1789.07080       6.55197239    
   1819.18530       6.38042879    
   1833.33337       6.29998827    
   1847.48132       6.21994209    
   1877.59595       6.04988956    
   1916.66663       5.82973909    
   1955.73743       5.61006927    
   1985.85205       5.44112921    
   2000.00000       5.36192131    
   2014.14807       5.28312778    
   2044.26257       5.11575794    
   2083.33325       4.89910173    
   2122.40405       4.68293285    
   2152.51880       4.51669025    
   2166.66675       4.43874693    
   2180.81470       4.36120939    
   2210.92920       4.19650078    
   2250.00000       3.98327661    
   2289.07080       3.77051139    
   2319.18530       3.60686374    
   2333.33325       3.53012609    
   2347.48145       3.45375466    
   2377.59595       3.29149365    
   2416.66675       3.08139062    
   2455.73755       2.87168431    
   2485.85205       2.71034098    
   2500.00000       2.63466120    
   2514.14795       2.55928254    
   2544.26270       2.39907813    
   2583.33325       2.19155812    
   2622.40405       1.98434365    
   2652.51880       1.82484674    
   2666.66675       1.75000131    
   2680.81470       1.67536938    
   2710.92920       1.51668084    
   2750.00000       1.31101859    
   2789.07080       1.10554910    
   2819.18530      0.947306693    
   2833.33350      0.873011112    
   2847.48145      0.798826337    
   2877.59595      0.641003311    
   2916.66675      0.436339021    
   2955.73755      0.231740549    
   2985.85205       7.40699023E-02
   3000.00000       4.18825839E-05
