   0.00000000       9.99998379    
   42.4440269       9.94829845    
   132.787796       9.83826733    
   250.000000       9.69557476    
   367.212189       9.55299568    
   457.555969       9.44322491    
   500.000000       9.39171982    
   542.444031       9.34040356    
   632.787781       9.23134613    
   750.000000       9.09013462    
   867.212219       8.94924545    
   957.555969       8.84093571    
   1000.00000       8.79018211    
   1042.44397       8.73978138    
   1132.78784       8.63280487    
   1250.00000       8.49447346    
   1367.21216       8.35663319    
   1457.55603       8.25079250    
   1500.00000       8.20124722    
   1514.14795       8.14788628    
   1544.26257       7.96048737    
   1583.33337       7.74283361    
   1622.40405       7.51212406    
   1652.51868       7.34107113    
   1666.66663       7.25889730    
   1680.81470       7.17778730    
   1710.92932       7.00542068    
   1750.00000       6.78220129    
   1789.07080       6.55940390    
   1819.18530       6.38801336    
   1833.33337       6.30763865    
   1847.48132       6.22764254    
   1877.59595       6.05768490    
   1916.66663       5.83763790    
   1955.73743       5.61805296    
   1985.85205       5.44916344    
   2000.00000       5.36997318    
   2014.14807       5.29118109    
   2044.26257       5.12379980    
   2083.33325       4.90711021    
   2122.40405       4.69088888    
   2152.51880       4.52459049    
   2166.66675       4.44661522    
   2180.81470       4.36902952    
   2210.92920       4.20420551    
   2250.00000       3.99081302    
   2289.07080       3.77786136    
   2319.18530       3.61405659    
   2333.33325       3.53723931    
   2347.48145       3.46077394    
   2377.59595       3.29830146    
   2416.66675       3.08790779    
   2455.73755       2.87789488    
   2485.85205       2.71630406    
   2500.00000       2.64050317    
   2514.14795       2.56499147    
   2544.26270       2.40449500    
   2583.33325       2.19658279    
   2622.40405       1.98896432    
   2652.51880       1.82914746    
   2666.66675       1.75414824    
   2680.81470       1.67935431    
   2710.92920       1.52031410    
   2750.00000       1.31418693    
   2789.07080       1.10824502    
   2819.18530      0.949633420    
   2833.33350      0.875162542    
   2847.48145      0.800798118    
   2877.59595      0.642589509    
   2916.66675      0.437421262    
   2955.73755      0.232316226    
   2985.85205       7.42540285E-02
   3000.00000       4.19867101E-05
