   0.00000000       9.99998379    
   42.4440269       9.94802189    
   132.787796       9.83740330    
   250.000000       9.69395256    
   367.212189       9.55062199    
   457.555969       9.44027996    
   500.000000       9.38851070    
   542.444031       9.33694172    
   632.787781       9.22735786    
   750.000000       9.08547974    
   867.212219       8.94394493    
   957.555969       8.83515549    
   1000.00000       8.78418446    
   1042.44397       8.73358822    
   1132.78784       8.62621498    
   1250.00000       8.48739624    
   1367.21216       8.34910011    
   1457.55603       8.24293423    
   1500.00000       8.19324684    
   1514.14795       8.13975334    
   1544.26257       7.95190096    
   1583.33337       7.73374271    
   1622.40405       7.50251627    
   1652.51868       7.33109903    
   1666.66663       7.24875736    
   1680.81470       7.16750193    
   1710.92932       6.99484253    
   1750.00000       6.77126884    
   1789.07080       6.54814339    
   1819.18530       6.37652063    
   1833.33337       6.29604626    
   1847.48132       6.21597385    
   1877.59595       6.04587317    
   1916.66663       5.82566929    
   1955.73743       5.60595560    
   1985.85205       5.43698931    
   2000.00000       5.35777235    
   2014.14807       5.27897882    
   2044.26257       5.11161423    
   2083.33325       4.89497519    
   2122.40405       4.67883348    
   2152.51880       4.51261950    
   2166.66675       4.43469286    
   2180.81470       4.35718012    
   2210.92920       4.19253111    
   2250.00000       3.97939396    
   2289.07080       3.76672459    
   2319.18530       3.60315800    
   2333.33325       3.52646112    
   2347.48145       3.45013809    
   2377.59595       3.28798628    
   2416.66675       3.07803321    
   2455.73755       2.86848450    
   2485.85205       2.70726895    
   2500.00000       2.63165140    
   2514.14795       2.55634117    
   2544.26270       2.39628720    
   2583.33325       2.18896937    
   2622.40405       1.98196316    
   2652.51880       1.82263100    
   2666.66675       1.74786472    
   2680.81470       1.67331648    
   2710.92920       1.51480913    
   2750.00000       1.30938637    
   2789.07080       1.10416019    
   2819.18530      0.946107984    
   2833.33350      0.871902704    
   2847.48145      0.797810495    
   2877.59595      0.640186131    
   2916.66675      0.435781449    
   2955.73755      0.231443971    
   2985.85205       7.39750341E-02
   3000.00000       4.18289383E-05
