   0.00000000       9.99998379    
   42.4440269       9.94792652    
   132.787796       9.83710384    
   250.000000       9.69338989    
   367.212189       9.54979801    
   457.555969       9.43925762    
   500.000000       9.38739681    
   542.444031       9.33574009    
   632.787781       9.22597313    
   750.000000       9.08386421    
   867.212219       8.94210625    
   957.555969       8.83314991    
   1000.00000       8.78210354    
   1042.44397       8.73143864    
   1132.78784       8.62392807    
   1250.00000       8.48494053    
   1367.21216       8.34648705    
   1457.55603       8.24020672    
   1500.00000       8.19047070    
   1514.14795       8.13693142    
   1544.26257       7.94892120    
   1583.33337       7.73058796    
   1622.40405       7.49918270    
   1652.51868       7.32763910    
   1666.66663       7.24523926    
   1680.81470       7.16393328    
   1710.92932       6.99117231    
   1750.00000       6.76747608    
   1789.07080       6.54423666    
   1819.18530       6.37253380    
   1833.33337       6.29202461    
   1847.48132       6.21192551    
   1877.59595       6.04177523    
   1916.66663       5.82151651    
   1955.73743       5.60175848    
   1985.85205       5.43276548    
   2000.00000       5.35353947    
   2014.14807       5.27474546    
   2044.26257       5.10738659    
   2083.33325       4.89076519    
   2122.40405       4.67465162    
   2152.51880       4.50846672    
   2166.66675       4.43055677    
   2180.81470       4.35306931    
   2210.92920       4.18848085    
   2250.00000       3.97543240    
   2289.07080       3.76286125    
   2319.18530       3.59937739    
   2333.33325       3.52272224    
   2347.48145       3.44644856    
   2377.59595       3.28440809    
   2416.66675       3.07460785    
   2455.73755       2.86522031    
   2485.85205       2.70413470    
   2500.00000       2.62858105    
   2514.14795       2.55334044    
   2544.26270       2.39344025    
   2583.33325       2.18632817    
   2622.40405       1.97953451    
   2652.51880       1.82037067    
   2666.66675       1.74568522    
   2680.81470       1.67122209    
   2710.92920       1.51289952    
   2750.00000       1.30772114    
   2789.07080       1.10274339    
   2819.18530      0.944885135    
   2833.33350      0.870771945    
   2847.48145      0.796774149    
   2877.59595      0.639352441    
   2916.66675      0.435212642    
   2955.73755      0.231141418    
   2985.85205       7.38782585E-02
   3000.00000       4.17742121E-05
