   0.00000000       9.99998379    
   42.4440269       9.94820881    
   132.787796       9.83798504    
   250.000000       9.69504547    
   367.212189       9.55222034    
   457.555969       9.44226265    
   500.000000       9.39067173    
   542.444031       9.33927250    
   632.787781       9.23004341    
   750.000000       9.08861446    
   867.212219       8.94751453    
   957.555969       8.83904743    
   1000.00000       8.78822327    
   1042.44397       8.73775864    
   1132.78784       8.63065243    
   1250.00000       8.49216175    
   1367.21216       8.35417271    
   1457.55603       8.24822617    
   1500.00000       8.19863415    
   1514.14795       8.14522934    
   1544.26257       7.95768261    
   1583.33337       7.73986387    
   1622.40405       7.50898600    
   1652.51868       7.33781385    
   1666.66663       7.25558519    
   1680.81470       7.17442751    
   1710.92932       7.00196505    
   1750.00000       6.77863026    
   1789.07080       6.55572557    
   1819.18530       6.38425922    
   1833.33337       6.30385208    
   1847.48132       6.22383118    
   1877.59595       6.05382633    
   1916.66663       5.83372831    
   1955.73743       5.61410093    
   1985.85205       5.44518661    
   2000.00000       5.36598730    
   2014.14807       5.28719521    
   2044.26257       5.11981916    
   2083.33325       4.90314579    
   2122.40405       4.68695068    
   2152.51880       4.52067995    
   2166.66675       4.44272041    
   2180.81470       4.36515856    
   2210.92920       4.20039129    
   2250.00000       3.98708272    
   2289.07080       3.77422309    
   2319.18530       3.61049628    
   2333.33325       3.53371811    
   2347.48145       3.45729947    
   2377.59595       3.29493165    
   2416.66675       3.08468175    
   2455.73755       2.87482047    
   2485.85205       2.71335220    
   2500.00000       2.63761139    
   2514.14795       2.56216550    
   2544.26270       2.40181351    
   2583.33325       2.19409561    
   2622.40405       1.98667717    
   2652.51880       1.82701862    
   2666.66675       1.75209546    
   2680.81470       1.67738175    
   2710.92920       1.51851559    
   2750.00000       1.31261861    
   2789.07080       1.10691047    
   2819.18530      0.948481679    
   2833.33350      0.874097586    
   2847.48145      0.799822092    
   2877.59595      0.641804338    
   2916.66675      0.436885536    
   2955.73755      0.232031271    
   2985.85205       7.41628855E-02
   3000.00000       4.19351672E-05
