   0.00000000       9.99998379    
   42.4440269       9.94838715    
   132.787796       9.83854389    
   250.000000       9.69609451    
   367.212189       9.55375481    
   457.555969       9.44416714    
   500.000000       9.39274693    
   542.444031       9.34151173    
   632.787781       9.23262310    
   750.000000       9.09162426    
   867.212219       8.95094204    
   957.555969       8.84278679    
   1000.00000       8.79210186    
   1042.44397       8.74176407    
   1132.78784       8.63491440    
   1250.00000       8.49673843    
   1367.21216       8.35904408    
   1457.55603       8.25330830    
   1500.00000       8.20380878    
   1514.14795       8.15048981    
   1544.26257       7.96323633    
   1583.33337       7.74574423    
   1622.40405       7.51520014    
   1652.51868       7.34426355    
   1666.66663       7.26214361    
   1680.81470       7.18108034    
   1710.92932       7.00880718    
   1750.00000       6.78570175    
   1789.07080       6.56300926    
   1819.18530       6.39169264    
   1833.33337       6.31135035    
   1847.48132       6.23137856    
   1877.59595       6.06146669    
   1916.66663       5.84147024    
   1955.73743       5.62192631    
   1985.85205       5.45306158    
   2000.00000       5.37387991    
   2014.14807       5.29508829    
   2044.26257       5.12770176    
   2083.33325       4.91099596    
   2122.40405       4.69474888    
   2152.51880       4.52842379    
   2166.66675       4.45043278    
   2180.81470       4.37282372    
   2210.92920       4.20794344    
   2250.00000       3.99446964    
   2289.07080       3.78142762    
   2319.18530       3.61754656    
   2333.33325       3.54069066    
   2347.48145       3.46417975    
   2377.59595       3.30160451    
   2416.66675       3.09106970    
   2455.73755       2.88090825    
   2485.85205       2.71919727    
   2500.00000       2.64333773    
   2514.14795       2.56776166    
   2544.26270       2.40712309    
   2583.33325       2.19902086    
   2622.40405       1.99120641    
   2652.51880       1.83123422    
   2666.66675       1.75616038    
   2680.81470       1.68128777    
   2710.92920       1.52207696    
   2750.00000       1.31572425    
   2789.07080       1.10955298    
   2819.18530      0.950762331    
   2833.33350      0.876206458    
   2847.48145      0.801754892    
   2877.59595      0.643359184    
   2916.66675      0.437946349    
   2955.73755      0.232595548    
   2985.85205       7.43433759E-02
   3000.00000       4.20372344E-05
