   0.00000000       9.99998379    
   42.4440269       9.94872379    
   132.787796       9.83959675    
   250.000000       9.69807053    
   367.212189       9.55664635    
   457.555969       9.44775391    
   500.000000       9.39665508    
   542.444031       9.34572697    
   632.787781       9.23748016    
   750.000000       9.09729290    
   867.212219       8.95739746    
   957.555969       8.84982586    
   1000.00000       8.79940701    
   1042.44397       8.74930668    
   1132.78784       8.64294052    
   1250.00000       8.50535774    
   1367.21216       8.36821842    
   1457.55603       8.26288033    
   1500.00000       8.21355343    
   1514.14795       8.16039562    
   1544.26257       7.97369480    
   1583.33337       7.75681782    
   1622.40405       7.52690363    
   1652.51868       7.35641050    
   1666.66663       7.27449560    
   1680.81470       7.19360971    
   1710.92932       7.02169371    
   1750.00000       6.79901981    
   1789.07080       6.57672739    
   1819.18530       6.40569353    
   1833.33337       6.32547331    
   1847.48132       6.24559498    
   1877.59595       6.07585764    
   1916.66663       5.85605288    
   1955.73743       5.63666630    
   1985.85205       5.46789551    
   2000.00000       5.38874578    
   2014.14807       5.30995655    
   2044.26257       5.14254999    
   2083.33325       4.92578220    
   2122.40405       4.70943785    
   2152.51880       4.54301119    
   2166.66675       4.46496105    
   2180.81470       4.38726282    
   2210.92920       4.22216940    
   2250.00000       4.00838470    
   2289.07080       3.79499888    
   2319.18530       3.63082790    
   2333.33325       3.55382514    
   2347.48145       3.47714090    
   2377.59595       3.31417513    
   2416.66675       3.10310340    
   2455.73755       2.89237642    
   2485.85205       2.73020816    
   2500.00000       2.65412521    
   2514.14795       2.57830405    
   2544.26270       2.41712594    
   2583.33325       2.20829964    
   2622.40405       1.99973905    
   2652.51880       1.83917606    
   2666.66675       1.76381838    
   2680.81470       1.68864644    
   2710.92920       1.52878618    
   2750.00000       1.32157505    
   2789.07080       1.11453140    
   2819.18530      0.955059052    
   2833.33350      0.880179465    
   2847.48145      0.805396199    
   2877.59595      0.646288455    
   2916.66675      0.439944923    
   2955.73755      0.233658642    
   2985.85205       7.46834055E-02
   3000.00000       4.22295307E-05
