   0.00000000       9.99998379    
   42.4440269       9.94855881    
   132.787796       9.83908081    
   250.000000       9.69710255    
   367.212189       9.55523014    
   457.555969       9.44599724    
   500.000000       9.39474010    
   542.444031       9.34366131    
   632.787781       9.23510075    
   750.000000       9.09451580    
   867.212219       8.95423508    
   957.555969       8.84637737    
   1000.00000       8.79582787    
   1042.44397       8.74561119    
   1132.78784       8.63900852    
   1250.00000       8.50113487    
   1367.21216       8.36372375    
   1457.55603       8.25819111    
   1500.00000       8.20877934    
   1514.14795       8.15554237    
   1544.26257       7.96857071    
   1583.33337       7.75139236    
   1622.40405       7.52116919    
   1652.51868       7.35045910    
   1666.66663       7.26844406    
   1680.81470       7.18747091    
   1710.92932       7.01537991    
   1750.00000       6.79249430    
   1789.07080       6.57000589    
   1819.18530       6.39883375    
   1833.33337       6.31855345    
   1847.48132       6.23862934    
   1877.59595       6.06880665    
   1916.66663       5.84890795    
   1955.73743       5.62944412    
   1985.85205       5.46062708    
   2000.00000       5.38146162    
   2014.14807       5.30267143    
   2044.26257       5.13527489    
   2083.33325       4.91853714    
   2122.40405       4.70224047    
   2152.51880       4.53586388    
   2166.66675       4.45784235    
   2180.81470       4.38018799    
   2210.92920       4.21519899    
   2250.00000       4.00156641    
   2289.07080       3.78834915    
   2319.18530       3.62432003    
   2333.33325       3.54738927    
   2347.48145       3.47078991    
   2377.59595       3.30801558    
   2416.66675       3.09720683    
   2455.73755       2.88675690    
   2485.85205       2.72481275    
   2500.00000       2.64883947    
   2514.14795       2.57313824    
   2544.26270       2.41222453    
   2583.33325       2.20375299    
   2622.40405       1.99555802    
   2652.51880       1.83528447    
   2666.66675       1.76006591    
   2680.81470       1.68504059    
   2710.92920       1.52549863    
   2750.00000       1.31870806    
   2789.07080       1.11209202    
   2819.18530      0.952953637    
   2833.33350      0.878232658    
   2847.48145      0.803611934    
   2877.59595      0.644853115    
   2916.66675      0.438965619    
   2955.73755      0.233137727    
   2985.85205       7.45167881E-02
   3000.00000       4.21353034E-05
