   0.00000000       9.99998379    
   42.4440269       9.94847393    
   132.787796       9.83881569    
   250.000000       9.69660378    
   367.212189       9.55449963    
   457.555969       9.44509125    
   500.000000       9.39375401    
   542.444031       9.34259701    
   632.787781       9.23387432    
   750.000000       9.09308434    
   867.212219       8.95260525    
   957.555969       8.84459972    
   1000.00000       8.79398441    
   1042.44397       8.74370670    
   1132.78784       8.63698196    
   1250.00000       8.49895859    
   1367.21216       8.36140728    
   1457.55603       8.25577450    
   1500.00000       8.20631886    
   1514.14795       8.15304184    
   1544.26257       7.96593046    
   1583.33337       7.74859667    
   1622.40405       7.51821470    
   1652.51868       7.34739256    
   1666.66663       7.26532555    
   1680.81470       7.18430758    
   1710.92932       7.01212692    
   1750.00000       6.78913212    
   1789.07080       6.56654263    
   1819.18530       6.39529896    
   1833.33337       6.31498814    
   1847.48132       6.23504066    
   1877.59595       6.06517363    
   1916.66663       5.84522629    
   1955.73743       5.62572289    
   1985.85205       5.45688248    
   2000.00000       5.37770891    
   2014.14807       5.29891825    
   2044.26257       5.13152599    
   2083.33325       4.91480446    
   2122.40405       4.69853210    
   2152.51880       4.53218126    
   2166.66675       4.45417500    
   2180.81470       4.37654257    
   2210.92920       4.21160746    
   2250.00000       3.99805355    
   2289.07080       3.78492308    
   2319.18530       3.62096715    
   2333.33325       3.54407334    
   2347.48145       3.46751785    
   2377.59595       3.30484223    
   2416.66675       3.09416890    
   2455.73755       2.88386178    
   2485.85205       2.72203302    
   2500.00000       2.64611602    
   2514.14795       2.57047677    
   2544.26270       2.40969944    
   2583.33325       2.20141053    
   2622.40405       1.99340391    
   2652.51880       1.83327961    
   2666.66675       1.75813270    
   2680.81470       1.68318295    
   2710.92920       1.52380490    
   2750.00000       1.31723106    
   2789.07080       1.11083519    
   2819.18530      0.951868951    
   2833.33350      0.877229691    
   2847.48145      0.802692652    
   2877.59595      0.644113600    
   2916.66675      0.438461095    
   2955.73755      0.232869342    
   2985.85205       7.44309500E-02
   3000.00000       4.20867618E-05
