   0.00000000       9.99998379    
   42.4440269       9.94864273    
   132.787796       9.83934116    
   250.000000       9.69759083    
   367.212189       9.55594540    
   457.555969       9.44688416    
   500.000000       9.39570713    
   542.444031       9.34470463    
   632.787781       9.23630238    
   750.000000       9.09591866    
   867.212219       8.95583248    
   957.555969       8.84811878    
   1000.00000       8.79763603    
   1042.44397       8.74747753    
   1132.78784       8.64099407    
   1250.00000       8.50326729    
   1367.21216       8.36599350    
   1457.55603       8.26055908    
   1500.00000       8.21119022    
   1514.14795       8.15799332    
   1544.26257       7.97115850    
   1583.33337       7.75413227    
   1622.40405       7.52406549    
   1652.51868       7.35346460    
   1666.66663       7.27150011    
   1680.81470       7.19057131    
   1710.92932       7.01856852    
   1750.00000       6.79578972    
   1789.07080       6.57340050    
   1819.18530       6.40229797    
   1833.33337       6.32204819    
   1847.48132       6.24214745    
   1877.59595       6.07236719    
   1916.66663       5.85251617    
   1955.73743       5.63309145    
   1985.85205       5.46429777    
   2000.00000       5.38514042    
   2014.14807       5.30635071    
   2044.26257       5.13894892    
   2083.33325       4.92219591    
   2122.40405       4.70587540    
   2152.51880       4.53947353    
   2166.66675       4.46143723    
   2180.81470       4.38376093    
   2210.92920       4.21871901    
   2250.00000       4.00501013    
   2289.07080       3.79170728    
   2319.18530       3.62760663    
   2333.33325       3.55063939    
   2347.48145       3.47399712    
   2377.59595       3.31112623    
   2416.66675       3.10018468    
   2455.73755       2.88959479    
   2485.85205       2.72753763    
   2500.00000       2.65150881    
   2514.14795       2.57574701    
   2544.26270       2.41469979    
   2583.33325       2.20604897    
   2622.40405       1.99766946    
   2652.51880       1.83724976    
   2666.66675       1.76196086    
   2680.81470       1.68686152    
   2710.92920       1.52715886    
   2750.00000       1.32015586    
   2789.07080       1.11332393    
   2819.18530      0.954016924    
   2833.33350      0.879215777    
   2847.48145      0.804512978    
   2877.59595      0.645577967    
   2916.66675      0.439460158    
   2955.73755      0.233400792    
   2985.85205       7.46009350E-02
   3000.00000       4.21828881E-05
