   0.00000000       9.99998379    
   42.4440269       9.94903469    
   132.787796       9.84056759    
   250.000000       9.69989300    
   367.212189       9.55931282    
   457.555969       9.45106220    
   500.000000       9.40026093    
   542.444031       9.34961605    
   632.787781       9.24196148    
   750.000000       9.10252285    
   867.212219       8.96335316    
   957.555969       8.85632133    
   1000.00000       8.80614662    
   1042.44397       8.75626564    
   1132.78784       8.65034580    
   1250.00000       8.51330948    
   1367.21216       8.37668324    
   1457.55603       8.27171135    
   1500.00000       8.22254467    
   1514.14795       8.16953468    
   1544.26257       7.98334503    
   1583.33337       7.76703596    
   1622.40405       7.53770256    
   1652.51868       7.36761951    
   1666.66663       7.28589392    
   1680.81470       7.20517159    
   1710.92932       7.03358507    
   1750.00000       6.81130981    
   1789.07080       6.58938646    
   1819.18530       6.41861439    
   1833.33337       6.33850670    
   1847.48132       6.25871468    
   1877.59595       6.08913851    
   1916.66663       5.86951113    
   1955.73743       5.65026951    
   1985.85205       5.48158550    
   2000.00000       5.40246582    
   2014.14807       5.32367897    
   2044.26257       5.15625381    
   2083.33325       4.93942928    
   2122.40405       4.72299576    
   2152.51880       4.55647516    
   2166.66675       4.47836971    
   2180.81470       4.40058994    
   2210.92920       4.23530006    
   2250.00000       4.02122879    
   2289.07080       3.80752563    
   2319.18530       3.64308691    
   2333.33325       3.56594872    
   2347.48145       3.48910451    
   2377.59595       3.32577825    
   2416.66675       3.11421108    
   2455.73755       2.90296221    
   2485.85205       2.74037218    
   2500.00000       2.66408300    
   2514.14795       2.58803535    
   2544.26270       2.42635918    
   2583.33325       2.21686459    
   2622.40405       2.00761557    
   2652.51880       1.84650719    
   2666.66675       1.77088749    
   2680.81470       1.69543910    
   2710.92920       1.53497958    
   2750.00000       1.32697594    
   2789.07080       1.11912704    
   2819.18530      0.959025443    
   2833.33350      0.883846998    
   2847.48145      0.808757544    
   2877.59595      0.648992538    
   2916.66675      0.441789836    
   2955.73755      0.234640002    
   2985.85205       7.49973059E-02
   3000.00000       4.24070386E-05
