   0.00000000       9.99998379    
   42.4440269       9.94888210    
   132.787796       9.84009171    
   250.000000       9.69900036    
   367.212189       9.55800629    
   457.555969       9.44944191    
   500.000000       9.39849472    
   542.444031       9.34771061    
   632.787781       9.23976612    
   750.000000       9.09996033    
   867.212219       8.96043491    
   957.555969       8.85313892    
   1000.00000       8.80284405    
   1042.44397       8.75285625    
   1132.78784       8.64671803    
   1250.00000       8.50941372    
   1367.21216       8.37253571    
   1457.55603       8.26738453    
   1500.00000       8.21813965    
   1514.14795       8.16505718    
   1544.26257       7.97861671    
   1583.33337       7.76202965    
   1622.40405       7.53241158    
   1652.51868       7.36212778    
   1666.66663       7.28030920    
   1680.81470       7.19950676    
   1710.92932       7.02775860    
   1750.00000       6.80528831    
   1789.07080       6.58318424    
   1819.18530       6.41228390    
   1833.33337       6.33212042    
   1847.48132       6.25228643    
   1877.59595       6.08263111    
   1916.66663       5.86291695    
   1955.73743       5.64360428    
   1985.85205       5.47487783    
   2000.00000       5.39574337    
   2014.14807       5.31695509    
   2044.26257       5.14953899    
   2083.33325       4.93274260    
   2122.40405       4.71635246    
   2152.51880       4.54987812    
   2166.66675       4.47179985    
   2180.81470       4.39406013    
   2210.92920       4.22886610    
   2250.00000       4.01493549    
   2289.07080       3.80138779    
   2319.18530       3.63707995    
   2333.33325       3.56000829    
   2347.48145       3.48324251    
   2377.59595       3.32009292    
   2416.66675       3.10876846    
   2455.73755       2.89777517    
   2485.85205       2.73539186    
   2500.00000       2.65920377    
   2514.14795       2.58326697    
   2544.26270       2.42183495    
   2583.33325       2.21266794    
   2622.40405       2.00375605    
   2652.51880       1.84291494    
   2666.66675       1.76742363    
   2680.81470       1.69211066    
   2710.92920       1.53194487    
   2750.00000       1.32432950    
   2789.07080       1.11687517    
   2819.18530      0.957081914    
   2833.33350      0.882049918    
   2847.48145      0.807110488    
   2877.59595      0.647667527    
   2916.66675      0.440885842    
   2955.73755      0.234159142    
   2985.85205       7.48434961E-02
   3000.00000       4.23200581E-05
