   0.00000000       9.99998379    
   42.4440269       9.94880390    
   132.787796       9.83984661    
   250.000000       9.69853973    
   367.212189       9.55733299    
   457.555969       9.44860649    
   500.000000       9.39758396    
   542.444031       9.34672928    
   632.787781       9.23863506    
   750.000000       9.09864044    
   867.212219       8.95893192    
   957.555969       8.85149956    
   1000.00000       8.80114269    
   1042.44397       8.75109959    
   1132.78784       8.64484882    
   1250.00000       8.50740623    
   1367.21216       8.37039948    
   1457.55603       8.26515484    
   1500.00000       8.21586990    
   1514.14795       8.16275024    
   1544.26257       7.97618055    
   1583.33337       7.75944996    
   1622.40405       7.52968502    
   1652.51868       7.35929775    
   1666.66663       7.27743196    
   1680.81470       7.19658804    
   1710.92932       7.02475691    
   1750.00000       6.80218554    
   1789.07080       6.57998800    
   1819.18530       6.40902185    
   1833.33337       6.32883024    
   1847.48132       6.24897432    
   1877.59595       6.07927847    
   1916.66663       5.85951948    
   1955.73743       5.64017010    
   1985.85205       5.47142124    
   2000.00000       5.39227962    
   2014.14807       5.31349087    
   2044.26257       5.14607954    
   2083.33325       4.92929745    
   2122.40405       4.71293020    
   2152.51880       4.54647923    
   2166.66675       4.46841478    
   2180.81470       4.39069557    
   2210.92920       4.22555161    
   2250.00000       4.01169300    
   2289.07080       3.79822540    
   2319.18530       3.63398528    
   2333.33325       3.55694771    
   2347.48145       3.48022223    
   2377.59595       3.31716371    
   2416.66675       3.10596418    
   2455.73755       2.89510274    
   2485.85205       2.73282599    
   2500.00000       2.65668988    
   2514.14795       2.58081031    
   2544.26270       2.41950393    
   2583.33325       2.21050549    
   2622.40405       2.00176764    
   2652.51880       1.84106421    
   2666.66675       1.76563907    
   2680.81470       1.69039583    
   2710.92920       1.53038132    
   2750.00000       1.32296598    
   2789.07080       1.11571503    
   2819.18530      0.956080616    
   2833.33350      0.881124020    
   2847.48145      0.806261897    
   2877.59595      0.646984875    
   2916.66675      0.440420091    
   2955.73755      0.233911395    
   2985.85205       7.47642517E-02
   3000.00000       4.22752455E-05
