   0.00000000       9.99998379    
   42.4440269       9.94910812    
   132.787796       9.84079838    
   250.000000       9.70032597    
   367.212189       9.55994701    
   457.555969       9.45184898    
   500.000000       9.40111732    
   542.444031       9.35054111    
   632.787781       9.24302673    
   750.000000       9.10376549    
   867.212219       8.96476841    
   957.555969       8.85786438    
   1000.00000       8.80774784    
   1042.44397       8.75791931    
   1132.78784       8.65210629    
   1250.00000       8.51519966    
   1367.21216       8.37869453    
   1457.55603       8.27381039    
   1500.00000       8.22468185    
   1514.14795       8.17170715    
   1544.26257       7.98563862    
   1583.33337       7.76946449    
   1622.40405       7.54026937    
   1652.51868       7.37028360    
   1666.66663       7.28860283    
   1680.81470       7.20792007    
   1710.92932       7.03641176    
   1750.00000       6.81423140    
   1789.07080       6.59239578    
   1819.18530       6.42168570    
   1833.33337       6.34160471    
   1847.48132       6.26183319    
   1877.59595       6.09229517    
   1916.66663       5.87271023    
   1955.73743       5.65350342    
   1985.85205       5.48483944    
   2000.00000       5.40572739    
   2014.14807       5.32694101    
   2044.26257       5.15951109    
   2083.33325       4.94267321    
   2122.40405       4.72621870    
   2152.51880       4.55967569    
   2166.66675       4.48155737    
   2180.81470       4.40375805    
   2210.92920       4.23842144    
   2250.00000       4.02428198    
   2289.07080       3.81050348    
   2319.18530       3.64600110    
   2333.33325       3.56883073    
   2347.48145       3.49194860    
   2377.59595       3.32853675    
   2416.66675       3.11685181    
   2455.73755       2.90547872    
   2485.85205       2.74278855    
   2500.00000       2.66645026    
   2514.14795       2.59034872    
   2544.26270       2.42855430    
   2583.33325       2.21890092    
   2622.40405       2.00948811    
   2652.51880       1.84825003    
   2666.66675       1.77256811    
   2680.81470       1.69705403    
   2710.92920       1.53645194    
   2750.00000       1.32825994    
   2789.07080       1.12021959    
   2819.18530      0.959968448    
   2833.33350      0.884718955    
   2847.48145      0.809556663    
   2877.59595      0.649635434    
   2916.66675      0.442228466    
   2955.73755      0.234873325    
   2985.85205       7.50719309E-02
   3000.00000       4.24492428E-05
