   0.00000000       9.99998379    
   42.4440269       9.94895935    
   132.787796       9.84033203    
   250.000000       9.69945145    
   367.212189       9.55866623    
   457.555969       9.45026016    
   500.000000       9.39938641    
   542.444031       9.34867382    
   632.787781       9.24087429    
   750.000000       9.10125446    
   867.212219       8.96190834    
   957.555969       8.85474586    
   1000.00000       8.80451202    
   1042.44397       8.75457764    
   1132.78784       8.64855003    
   1250.00000       8.51138115    
   1367.21216       8.37462997    
   1457.55603       8.26957035    
   1500.00000       8.22036457    
   1514.14795       8.16731834    
   1544.26257       7.98100471    
   1583.33337       7.76455784    
   1622.40405       7.53508377    
   1652.51868       7.36490107    
   1666.66663       7.28312969    
   1680.81470       7.20236778    
   1710.92932       7.03070116    
   1750.00000       6.80832911    
   1789.07080       6.58631659    
   1819.18530       6.41548109    
   1833.33337       6.33534575    
   1847.48132       6.25553274    
   1877.59595       6.08591747    
   1916.66663       5.86624718    
   1955.73743       5.64697027    
   1985.85205       5.47826529    
   2000.00000       5.39913845    
   2014.14807       5.32035065    
   2044.26257       5.15293026    
   2083.33325       4.93611956    
   2122.40405       4.71970749    
   2152.51880       4.55320978    
   2166.66675       4.47511768    
   2180.81470       4.39735794    
   2210.92920       4.23211527    
   2250.00000       4.01811361    
   2289.07080       3.80448747    
   2319.18530       3.64011359    
   2333.33325       3.56300807    
   2347.48145       3.48620272    
   2377.59595       3.32296395    
   2416.66675       3.11151695    
   2455.73755       2.90039468    
   2485.85205       2.73790693    
   2500.00000       2.66166782    
   2514.14795       2.58567500    
   2544.26270       2.42411971    
   2583.33325       2.21478724    
   2622.40405       2.00570512    
   2652.51880       1.84472907    
   2666.66675       1.76917291    
   2680.81470       1.69379163    
   2710.92920       1.53347743    
   2750.00000       1.32566595    
   2789.07080       1.11801243    
   2819.18530      0.958063424    
   2833.33350      0.882957458    
   2847.48145      0.807942212    
   2877.59595      0.648336649    
   2916.66675      0.441342354    
   2955.73755      0.234401971    
   2985.85205       7.49211684E-02
   3000.00000       4.23639867E-05
