   0.00000000       9.98471069    
   21.2220135       1.69953220E-02
   66.3938980      -2.16848566E-03
   125.000000       6.50158734E-04
   183.606094      -2.83555943E-04
   228.777985       1.46242674E-04
   250.000000      -2.53968246E-05
   271.222015       0.00000000    
   316.393890       0.00000000    
   375.000000       0.00000000    
   433.606110       0.00000000    
   478.777985       0.00000000    
   500.000000       0.00000000    
   521.221985       0.00000000    
   566.393921       0.00000000    
   625.000000       0.00000000    
   683.606079       0.00000000    
   728.778015       0.00000000    
   750.000000       0.00000000    
   771.221985       0.00000000    
   816.393921       0.00000000    
   875.000000       0.00000000    
   933.606079       0.00000000    
   978.778015       0.00000000    
   1000.00000       0.00000000    
   1021.22198       0.00000000    
   1066.39392       0.00000000    
   1125.00000       0.00000000    
   1183.60608       0.00000000    
   1228.77795       0.00000000    
   1250.00000       0.00000000    
   1271.22205       0.00000000    
   1316.39392       0.00000000    
   1375.00000       0.00000000    
   1433.60608       0.00000000    
   1478.77795       0.00000000    
   1500.00000       0.00000000    
   1521.22205       0.00000000    
   1566.39392       0.00000000    
   1625.00000       0.00000000    
   1683.60608       0.00000000    
   1728.77795       0.00000000    
   1750.00000       0.00000000    
   1771.22205       0.00000000    
   1816.39392       0.00000000    
   1875.00000       0.00000000    
   1933.60608       0.00000000    
   1978.77795       0.00000000    
   2000.00000       0.00000000    
   2021.22205       0.00000000    
   2066.39380       0.00000000    
   2125.00000       0.00000000    
   2183.60620       0.00000000    
   2228.77808       0.00000000    
   2250.00000       0.00000000    
   2271.22192       0.00000000    
   2316.39380       0.00000000    
   2375.00000       0.00000000    
   2433.60620       0.00000000    
   2478.77808       0.00000000    
   2500.00000       0.00000000    
   2521.22192       0.00000000    
   2566.39380       0.00000000    
   2625.00000       0.00000000    
   2683.60620       0.00000000    
   2728.77808       0.00000000    
   2750.00000       0.00000000    
   2771.22192       0.00000000    
   2816.39380       0.00000000    
   2875.00000       0.00000000    
   2933.60620       0.00000000    
   2978.77808       0.00000000    
   3000.00000       0.00000000    
