   0.00000000       9.99961853    
   21.2220135       9.69656181    
   66.3938980       9.05245113    
   125.000000       8.22317123    
   183.606094       7.40539408    
   228.777985       6.78775740    
   250.000000       6.50413418    
   271.222015       6.23905611    
   316.393890       5.69131374    
   375.000000       5.00636530    
   433.606110       4.34958792    
   478.777985       3.86674571    
   500.000000       3.65029693    
   521.221985       3.46103692    
   566.393921       3.08077264    
   625.000000       2.61944795    
   683.606079       2.18944812    
   728.778015       1.88147032    
   750.000000       1.74649513    
   771.221985       1.63587344    
   816.393921       1.41993558    
   875.000000       1.16606331    
   933.606079      0.936138570    
   978.778015      0.775600314    
   1000.00000      0.706719339    
   1021.22198      0.653674781    
   1066.39392      0.553130448    
   1125.00000      0.438687921    
   1183.60608      0.338035256    
   1228.77795      0.269496948    
   1250.00000      0.240671858    
   1271.22205      0.219755560    
   1316.39392      0.181268379    
   1375.00000      0.138891235    
   1433.60608      0.102719985    
   1478.77795       7.86949545E-02
   1500.00000       6.87806979E-02
   1521.22205       6.19821809E-02
   1566.39392       4.98386808E-02
   1625.00000       3.69129293E-02
   1683.60608       2.62126829E-02
   1728.77795       1.92803834E-02
   1750.00000       1.64711606E-02
   1771.22205       1.46454806E-02
   1816.39392       1.14794644E-02
   1875.00000       8.22336972E-03
   1933.60608       5.61089534E-03
   1978.77795       3.96030955E-03
   2000.00000       3.30306101E-03
   2021.22205       2.89714988E-03
   2066.39380       2.21356610E-03
   2125.00000       1.53454544E-03
   2183.60620       1.00685982E-03
   2228.77808       6.81827019E-04
   2250.00000       5.54595026E-04
   2271.22192       4.79735580E-04
   2316.39380       3.57265206E-04
   2375.00000       2.39797722E-04
   2433.60620       1.51431101E-04
   2478.77808       9.83876453E-05
   2500.00000       7.79693582E-05
   2521.22192       6.64968029E-05
   2566.39380       4.82536816E-05
   2625.00000       3.13550700E-05
   2683.60620       1.90477513E-05
   2728.77808       1.18416838E-05
   2750.00000       9.10744257E-06
   2771.22192       7.61732508E-06
   2816.39380       5.28095416E-06
   2875.00000       3.12320799E-06
   2933.60620       1.49963216E-06
   2978.77808       4.56706289E-07
   3000.00000       5.69399361E-10
