   0.00000000       9.99926758    
   21.2220135       9.41808510    
   66.3938980       8.19140625    
   125.000000       6.64244986    
   183.606094       5.16803694    
   228.777985       4.11062717    
   250.000000       3.65311861    
   271.222015       3.30297565    
   316.393890       2.64639306    
   375.000000       1.91594207    
   433.606110       1.29506099    
   478.777985      0.889532447    
   500.000000      0.726137936    
   521.221985      0.625465333    
   566.393921      0.457781166    
   625.000000      0.295513004    
   683.606079      0.174232930    
   728.778015      0.102642991    
   750.000000       7.56184757E-02
   771.221985       6.16802275E-02
   816.393921       4.09290865E-02
   875.000000       2.35037599E-02
   933.606079       1.21586304E-02
   978.778015       6.16941787E-03
   1000.00000       4.05335147E-03
   1021.22198       3.11748334E-03
   1066.39392       1.86401536E-03
   1125.00000       9.49127891E-04
   1183.60608       4.32203989E-04
   1228.77795       1.90435880E-04
   1250.00000       1.10762980E-04
   1271.22205       8.00958369E-05
   1316.39392       4.29537868E-05
   1375.00000       1.93341693E-05
   1433.60608       7.75458375E-06
   1478.77795       2.99281760E-06
   1500.00000       1.53448514E-06
   1521.22205       1.04135268E-06
   1566.39392       4.99149110E-07
   1625.00000       1.98172330E-07
   1683.60608       6.99025193E-08
   1728.77795       2.38251392E-08
   1750.00000       1.07405143E-08
   1771.22205       6.83210244E-09
   1816.39392       2.91878011E-09
   1875.00000       1.02081110E-09
   1933.60608       3.15584225E-10
   1978.77795       9.57746035E-11
   2000.00000       3.78555208E-11
   2021.22205       2.25497260E-11
   2066.39380       8.56156725E-12
   2125.00000       2.63593682E-12
   2183.60620       7.09729638E-13
   2228.77808       1.93692827E-13
   2250.00000       6.67158047E-14
   2271.22192       3.71669146E-14
   2316.39380       1.24881523E-14
   2375.00000       3.38080792E-15
   2433.60620       7.83164440E-16
   2478.77808       1.95054827E-16
   2500.00000       5.75977309E-17
   2521.22192       2.99121414E-17
   2566.39380       8.81425711E-18
   2625.00000       2.08768703E-18
   2683.60620       4.04537564E-19
   2728.77808       9.44483806E-20
   2750.00000       2.27999363E-20
   2771.22192       1.09202292E-20
   2816.39380       2.74606172E-21
   2875.00000       5.55958217E-22
   2933.60620       8.19844017E-23
   2978.77808       1.79762578E-23
   3000.00000       1.49226044E-26
