   0.00000000       9.99956131    
   21.2220135       9.65096092    
   66.3938980       8.91070557    
   125.000000       7.95998907    
   183.606094       7.02665043    
   228.777985       6.32631826    
   250.000000       6.00708437    
   271.222015       5.71543837    
   316.393890       5.11893559    
   375.000000       4.38222742    
   433.606110       3.68536496    
   478.777985       3.18053889    
   500.000000       2.95746827    
   521.221985       2.77082705    
   566.393921       2.40336275    
   625.000000       1.96784878    
   683.606079       1.57120109    
   728.778015       1.29342151    
   750.000000       1.17412663    
   771.221985       1.08232653    
   816.393921      0.908535838    
   875.000000      0.711239457    
   933.606079      0.538407922    
   978.778015      0.421314746    
   1000.00000      0.372333795    
   1021.22198      0.337490529    
   1066.39392      0.274090052    
   1125.00000      0.205248252    
   1183.60608      0.147314116    
   1228.77795      0.109336168    
   1250.00000       9.38359499E-02
   1271.22205       8.35893899E-02
   1316.39392       6.56677634E-02
   1375.00000       4.70754653E-02
   1433.60608       3.20629962E-02
   1478.77795       2.25433279E-02
   1500.00000       1.87478811E-02
   1521.22205       1.64047275E-02
   1566.39392       1.24636814E-02
   1625.00000       8.56028311E-03
   1683.60608       5.53979073E-03
   1728.77795       3.68812052E-03
   1750.00000       2.96638138E-03
   1771.22205       2.54841312E-03
   1816.39392       1.87195791E-03
   1875.00000       1.23258738E-03
   1933.60608       7.58967653E-04
   1978.77795       4.78502130E-04
   2000.00000       3.71581235E-04
   2021.22205       3.13272933E-04
   2066.39380       2.22401402E-04
   2125.00000       1.40454998E-04
   2183.60620       8.24000745E-05
   2228.77808       4.92228173E-05
   2250.00000       3.68500587E-05
   2271.22192       3.04751156E-05
   2316.39380       2.09008485E-05
   2375.00000       1.26636814E-05
   2433.60620       7.08696643E-06
   2478.77808       4.01448051E-06
   2500.00000       2.89362788E-06
   2521.22192       2.34645381E-06
   2566.39380       1.55392286E-06
   2625.00000       9.03327248E-07
   2683.60620       4.82615917E-07
   2728.77808       2.59319194E-07
   2750.00000       1.79604399E-07
   2771.22192       1.42489583E-07
   2816.39380       9.03107846E-08
   2875.00000       4.87192224E-08
   2933.60620       2.17883880E-08
   2978.77808       6.40430065E-09
   3000.00000       7.93664700E-12
