   0.00000000       9.99974442    
   21.2220135       9.79646873    
   66.3938980       9.36378098    
   125.000000       8.80434799    
   183.606094       8.24842739    
   228.777985       7.82384825    
   250.000000       7.62641382    
   271.222015       7.43479443    
   316.393890       7.03218746    
   375.000000       6.51828671    
   433.606110       6.01400518    
   478.777985       5.63361835    
   500.000000       5.45870733    
   521.221985       5.29393530    
   566.393921       4.95186234    
   625.000000       4.52088976    
   683.606079       4.10328913    
   728.778015       3.79211402    
   750.000000       3.65058565    
   771.221985       3.52115560    
   816.393921       3.25571728    
   875.000000       2.92570233    
   933.606079       2.60994911    
   978.778015       2.37748218    
   1000.00000       2.27287292    
   1021.22198       2.17997837    
   1066.39392       1.99181926    
   1125.00000       1.76101625    
   1183.60608       1.54297650    
   1228.77795       1.38434398    
   1250.00000       1.31369686    
   1271.22205       1.25276029    
   1316.39392       1.13087773    
   1375.00000      0.983404696    
   1433.60608      0.845854938    
   1478.77795      0.746948421    
   1500.00000      0.703342855    
   1521.22205      0.666795850    
   1566.39392      0.594622433    
   1625.00000      0.508500218    
   1683.60608      0.429198384    
   1728.77795      0.372832447    
   1750.00000      0.348224938    
   1771.22205      0.328175873    
   1816.39392      0.289089292    
   1875.00000      0.243100375    
   1933.60608      0.201296940    
   1978.77795      0.171922237    
   2000.00000      0.159219906    
   2021.22205      0.149153471    
   2066.39380      0.129780427    
   2125.00000      0.107306905    
   2183.60620       8.71400908E-02
   2228.77808       7.31265023E-02
   2250.00000       6.71213418E-02
   2271.22192       6.24860078E-02
   2316.39380       5.36758602E-02
   2375.00000       4.35931794E-02
   2433.60620       3.46520245E-02
   2478.77808       2.84978896E-02
   2500.00000       2.58790068E-02
   2521.22192       2.38945819E-02
   2566.39380       2.01532878E-02
   2625.00000       1.59015171E-02
   2683.60620       1.21414922E-02
   2728.77808       9.54594277E-03
   2750.00000       8.43295455E-03
   2771.22192       7.55817350E-03
   2816.39380       5.86942770E-03
   2875.00000       3.87612986E-03
   2933.60620       2.01608683E-03
   2978.77808       6.38115569E-04
   3000.00000       8.00577027E-07
