   0.00000000       9.99972916    
   21.2220135       9.78425121    
   66.3938980       9.32565975    
   125.000000       8.73298931    
   183.606094       8.14449692    
   228.777985       7.69554949    
   250.000000       7.48704863    
   271.222015       7.28544760    
   316.393890       6.86256456    
   375.000000       6.32388449    
   433.606110       5.79652119    
   478.777985       5.39977026    
   500.000000       5.21781206    
   521.221985       5.04767752    
   566.393921       4.69560051    
   625.000000       4.25367165    
   683.606079       3.82712245    
   728.778015       3.51057696    
   750.000000       3.36716485    
   771.221985       3.23746324    
   816.393921       2.97274375    
   875.000000       2.64541268    
   933.606079       2.33394170    
   978.778015       2.10588551    
   1000.00000       2.00378132    
   1021.22198       1.91443205    
   1066.39392       1.73461938    
   1125.00000       1.51564693    
   1183.60608       1.31024575    
   1228.77795       1.16183245    
   1250.00000       1.09614491    
   1271.22205       1.04050255    
   1316.39392      0.930111706    
   1375.00000      0.797751784    
   1433.60608      0.675370872    
   1478.77795      0.588092446    
   1500.00000      0.549891412    
   1521.22205      0.518551230    
   1566.39392      0.457266808    
   1625.00000      0.384936839    
   1683.60608      0.319023460    
   1728.77795      0.272619307    
   1750.00000      0.252526939    
   1771.22205      0.236552849    
   1816.39392      0.205768824    
   1875.00000      0.170013785    
   1933.60608      0.137903690    
   1978.77795      0.115584761    
   2000.00000      0.106021732    
   2021.22205       9.86488611E-02
   2066.39380       8.46474469E-02
   2125.00000       6.86463490E-02
   2183.60620       5.44859804E-02
   2228.77808       4.47666049E-02
   2250.00000       4.06438261E-02
   2271.22192       3.75578925E-02
   2316.39380       3.17816213E-02
   2375.00000       2.52846312E-02
   2433.60620       1.96156446E-02
   2478.77808       1.57690421E-02
   2500.00000       1.41512426E-02
   2521.22192       1.29686352E-02
   2566.39380       1.07795382E-02
   2625.00000       8.34379252E-03
   2683.60620       6.23252150E-03
   2728.77808       4.80100000E-03
   2750.00000       4.19615488E-03
   2771.22192       3.74107691E-03
   2816.39380       2.88073905E-03
   2875.00000       1.88735931E-03
   2933.60620       9.76228504E-04
   2978.77808       3.08177463E-04
   3000.00000       3.86475818E-07
