   0.00000000       9.99968719    
   21.2220135       9.75132465    
   66.3938980       9.22298431    
   125.000000       8.54104424    
   183.606094       7.86547947    
   228.777985       7.35184288    
   250.000000       7.11420202    
   271.222015       6.88700533    
   316.393890       6.41279221    
   375.000000       5.81242609    
   433.606110       5.22875643    
   478.777985       4.79306602    
   500.000000       4.59479284    
   521.221985       4.41351318    
   566.393921       4.04199362    
   625.000000       3.58086944    
   683.606079       3.14095879    
   728.778015       2.81842136    
   750.000000       2.67395496    
   771.221985       2.54756832    
   816.393921       2.29335666    
   875.000000       1.98417640    
   933.606079       1.69477665    
   978.778015       1.48628962    
   1000.00000       1.39431977    
   1021.22198       1.31726968    
   1066.39392       1.16522610    
   1125.00000      0.984109581    
   1183.60608      0.817802787    
   1228.77795      0.700044930    
   1250.00000      0.648852527    
   1271.22205      0.607741773    
   1316.39392      0.528176486    
   1375.00000      0.435387701    
   1433.60608      0.351823032    
   1478.77795      0.293652028    
   1500.00000      0.268716127    
   1521.22205      0.249499142    
   1566.39392      0.213028982    
   1625.00000      0.171407729    
   1683.60608      0.134652898    
   1728.77795      0.109494708    
   1750.00000       9.88549292E-02
   1771.22205       9.09766629E-02
   1816.39392       7.63173699E-02
   1875.00000       5.99515438E-02
   1933.60608       4.57838960E-02
   1978.77795       3.62473391E-02
   2000.00000       3.22663710E-02
   2021.22205       2.94305719E-02
   2066.39380       2.42573228E-02
   2125.00000       1.86092686E-02
   2183.60620       1.38174174E-02
   2228.77808       1.06452657E-02
   2250.00000       9.33764130E-03
   2271.22192       8.44032597E-03
   2316.39380       6.83537079E-03
   2375.00000       5.12208370E-03
   2433.60620       3.69769870E-03
   2478.77808       2.77013192E-03
   2500.00000       2.39228457E-03
   2521.22192       2.14177649E-03
   2566.39380       1.70189305E-03
   2625.00000       1.24182680E-03
   2683.60620       8.65714392E-04
   2728.77808       6.23349682E-04
   2750.00000       5.24985546E-04
   2771.22192       4.59514966E-04
   2816.39380       3.43460211E-04
   2875.00000       2.18729590E-04
   2933.60620       1.10885558E-04
   2978.77808       3.46712659E-05
   3000.00000       4.34133369E-08
