   0.00000000       9.99971008    
   21.2220135       9.76953316    
   66.3938980       9.27975082    
   125.000000       8.64711857    
   183.606094       8.01957130    
   228.777985       7.54152346    
   250.000000       7.31986856    
   271.222015       7.10658312    
   316.393890       6.66013861    
   375.000000       6.09293985    
   433.606110       5.53931713    
   478.777985       5.12421131    
   500.000000       4.93446970    
   521.221985       4.75875521    
   566.393921       4.39663219    
   625.000000       3.94427013    
   683.606079       3.50983310    
   728.778015       3.18911076    
   750.000000       3.04452252    
   771.221985       2.91561007    
   816.393921       2.65413475    
   875.000000       2.33308887    
   933.606079       2.02974510    
   978.778015       1.80918932    
   1000.00000       1.71107578    
   1021.22198       1.62681496    
   1066.39392       1.45865643    
   1125.00000       1.25579095    
   1183.60608       1.06722784    
   1228.77795      0.932166874    
   1250.00000      0.872854233    
   1271.22205      0.823756874    
   1316.39392      0.727373898    
   1375.00000      0.613165975    
   1433.60608      0.508749783    
   1478.77795      0.435057610    
   1500.00000      0.403095126    
   1521.22205      0.377574503    
   1566.39392      0.328302979    
   1625.00000      0.270975679    
   1683.60608      0.219430432    
   1728.77795      0.183579758    
   1750.00000      0.168215871    
   1771.22205      0.156373158    
   1816.39392      0.133889958    
   1875.00000      0.108211696    
   1933.60608       8.55091512E-02
   1978.77795       6.99460804E-02
   2000.00000       6.33535087E-02
   2021.22205       5.84433340E-02
   2066.39380       4.92776036E-02
   2125.00000       3.90043445E-02
   2183.60620       3.00748032E-02
   2228.77808       2.40406375E-02
   2250.00000       2.15130337E-02
   2271.22192       1.96919274E-02
   2316.39380       1.63491294E-02
   2375.00000       1.26721896E-02
   2433.60620       9.52951144E-03
   2478.77808       7.43478024E-03
   2500.00000       6.56619482E-03
   2521.22192       5.95828658E-03
   2566.39380       4.85855201E-03
   2625.00000       3.66721116E-03
   2683.60620       2.66039465E-03
   2728.77808       1.99278537E-03
   2750.00000       1.71573565E-03
   2771.22192       1.51831354E-03
   2816.39380       1.15520670E-03
   2875.00000       7.48302729E-04
   2933.60620       3.83972336E-04
   2978.77808       1.20753924E-04
   3000.00000       1.51341638E-07
