   0.00000000       9.99965858    
   21.2220135       9.72798920    
   66.3938980       9.15027809    
   125.000000       8.40536880    
   183.606094       7.66877985    
   228.777985       7.11024380    
   250.000000       6.85260677    
   271.222015       6.60851431    
   316.393890       6.10107088    
   375.000000       5.46179199    
   433.606110       4.84372663    
   478.777985       4.38519573    
   500.000000       4.17779684    
   521.221985       3.99153662    
   566.393921       3.61279893    
   625.000000       3.14696193    
   683.606079       2.70667100    
   728.778015       2.38690138    
   750.000000       2.24494147    
   771.221985       2.12397480    
   816.393921       1.88353670    
   875.000000       1.59501076    
   933.606079       1.32847571    
   978.778015       1.13888097    
   1000.00000       1.05619264    
   1021.22198      0.989248633    
   1066.39392      0.859241247    
   1125.00000      0.707134843    
   1183.60608      0.569840372    
   1228.77795      0.474151492    
   1250.00000      0.433117718    
   1271.22205      0.401504129    
   1316.39392      0.341537178    
   1375.00000      0.273172885    
   1433.60608      0.212900192    
   1478.77795      0.171730667    
   1500.00000      0.154358506    
   1521.22205      0.141599402    
   1566.39392      0.117964000    
   1625.00000       9.17224288E-02
   1683.60608       6.91332743E-02
   1728.77795       5.40093593E-02
   1750.00000       4.77253981E-02
   1771.22205       4.33174819E-02
   1816.39392       3.53438482E-02
   1875.00000       2.67260037E-02
   1933.60608       1.94857959E-02
   1978.77795       1.47341872E-02
   2000.00000       1.27890492E-02
   2021.22205       1.14835231E-02
   2066.39380       9.17727780E-03
   2125.00000       6.75176969E-03
   2183.60620       4.76376200E-03
   2228.77808       3.48493783E-03
   2250.00000       2.96891737E-03
   2271.22192       2.63692904E-03
   2316.39380       2.06413795E-03
   2375.00000       1.47809403E-03
   2433.60620       1.00965949E-03
   2478.77808       7.14318419E-04
   2500.00000       5.96790574E-04
   2521.22192       5.24141884E-04
   2566.39380       4.01634752E-04
   2625.00000       2.79597385E-04
   2683.60620       1.84319229E-04
   2728.77808       1.25251056E-04
   2750.00000       1.01950449E-04
   2771.22192       8.77302446E-05
   2816.39380       6.37688208E-05
   2875.00000       3.95255665E-05
   2933.60620       1.96494166E-05
   2978.77808       6.08636356E-06
   3000.00000       7.60936025E-09
