   0.00000000       9.99976826    
   21.2220135       9.81574059    
   66.3938980       9.42393494    
   125.000000       8.91704464    
   183.606094       8.41276360    
   228.777985       8.02698708    
   250.000000       7.84726381    
   271.222015       7.67187977    
   316.393890       7.30250502    
   375.000000       6.82961988    
   433.606110       6.36400223    
   478.777985       6.01142263    
   500.000000       5.84867525    
   521.221985       5.69368458    
   566.393921       5.37042761    
   625.000000       4.96096087    
   683.606079       4.56193352    
   728.778015       4.26280832    
   750.000000       4.12597942    
   771.221985       3.99880123    
   816.393921       3.73616600    
   875.000000       3.40705252    
   933.606079       3.08963561    
   978.778015       2.85404515    
   1000.00000       2.74723053    
   1021.22198       2.65032029    
   1066.39392       2.45219326    
   1125.00000       2.20661163    
   1183.60608       1.97220492    
   1228.77795       1.79992867    
   1250.00000       1.72249496    
   1271.22205       1.65390730    
   1316.39392       1.51510406    
   1375.00000       1.34494710    
   1433.60608       1.18421650    
   1478.77795       1.06723106    
   1500.00000       1.01509356    
   1521.22205      0.969997406    
   1566.39392      0.879669309    
   1625.00000      0.770169437    
   1683.60608      0.667810798    
   1728.77795      0.594022870    
   1750.00000      0.561408758    
   1771.22205      0.533853829    
   1816.39392      0.479230255    
   1875.00000      0.413755625    
   1933.60608      0.353186458    
   1978.77795      0.309933513    
   2000.00000      0.290968239    
   2021.22205      0.275307089    
   2066.39380      0.244578496    
   2125.00000      0.208153680    
   2183.60620      0.174797535    
   2228.77808      0.151188135    
   2250.00000      0.140911207    
   2271.22192      0.132597700    
   2316.39380      0.116436101    
   2375.00000       9.74635631E-02
   2433.60620       8.02300349E-02
   2478.77808       6.81065843E-02
   2500.00000       6.28507808E-02
   2521.22192       5.86380176E-02
   2566.39380       5.04739583E-02
   2625.00000       4.09006625E-02
   2683.60620       3.21791098E-02
   2728.77808       2.59945169E-02
   2750.00000       2.32822690E-02
   2771.22192       2.10090913E-02
   2816.39380       1.64921805E-02
   2875.00000       1.10017108E-02
   2933.60620       5.76253049E-03
   2978.77808       1.82993431E-03
   3000.00000       2.29703483E-06
