   0.00000000       9.99979496    
   21.2220135       9.83653736    
   66.3938980       9.48887634    
   125.000000       9.03882694    
   183.606094       8.59060192    
   228.777985       8.24715996    
   250.000000       8.08687210    
   271.222015       7.92963076    
   316.393890       7.59770632    
   375.000000       7.17154932    
   433.606110       6.75055552    
   478.777985       6.43056917    
   500.000000       6.28231430    
   521.221985       6.13963795    
   566.393921       5.84074450    
   625.000000       5.46017504    
   683.606079       5.08726168    
   728.778015       4.80607224    
   750.000000       4.67672634    
   771.221985       4.55460453    
   816.393921       4.30073690    
   875.000000       3.98020172    
   933.606079       3.66866231    
   978.778015       3.43559933    
   1000.00000       3.32914686    
   1021.22198       3.23053670    
   1066.39392       3.02713895    
   1125.00000       2.77249885    
   1183.60608       2.52701426    
   1228.77795       2.34479713    
   1250.00000       2.26214552    
   1271.22205       2.18702030    
   1316.39392       2.03328061    
   1375.00000       1.84245074    
   1433.60608       1.65997648    
   1478.77795       1.52557325    
   1500.00000       1.46502388    
   1521.22205       1.41101241    
   1566.39392       1.30135500    
   1625.00000       1.16640973    
   1683.60608       1.03841698    
   1728.77795      0.944855750    
   1750.00000      0.902984560    
   1771.22205      0.866316378    
   1816.39392      0.792455196    
   1875.00000      0.702333331    
   1933.60608      0.617530406    
   1978.77795      0.555989146    
   2000.00000      0.528618693    
   2021.22205      0.505060852    
   2066.39380      0.457960725    
   2125.00000      0.400946230    
   2183.60620      0.347677648    
   2228.77808      0.309258282    
   2250.00000      0.292256057    
   2271.22192      0.277815908    
   2316.39380      0.249104992    
   2375.00000      0.214537099    
   2433.60620      0.182365969    
   2478.77808      0.159212127    
   2500.00000      0.148971424    
   2521.22192      0.140263572    
   2566.39380      0.122920327    
   2625.00000      0.101952337    
   2683.60620       8.22910964E-02
   2728.77808       6.79789335E-02
   2750.00000       6.15629405E-02
   2771.22192       5.58541827E-02
   2816.39380       4.42237407E-02
   2875.00000       2.97366325E-02
   2933.60620       1.56612787E-02
   2978.77808       4.98616649E-03
   3000.00000       6.26147266E-06
