   0.00000000       9.99975681    
   21.2220135       9.80682182    
   66.3938980       9.39609241    
   125.000000       8.86487007    
   183.606094       8.33665180    
   228.777985       7.93286371    
   250.000000       7.74490643    
   271.222015       7.56193686    
   316.393890       7.17699814    
   375.000000       6.68484592    
   433.606110       6.20100069    
   478.777985       5.83525562    
   500.000000       5.66672277    
   521.221985       5.50700617    
   566.393921       5.17458344    
   625.000000       4.75452471    
   683.606079       4.34622383    
   728.778015       4.04097462    
   750.000000       3.90170503    
   771.221985       3.77320004    
   816.393921       3.50864959    
   875.000000       3.17830729    
   933.606079       2.86084914    
   978.778015       2.62608743    
   1000.00000       2.52000999    
   1021.22198       2.42469478    
   1066.39392       2.23063946    
   1125.00000       1.99122953    
   1183.60608       1.76377213    
   1228.77795       1.59736657    
   1250.00000       1.52288330    
   1271.22205       1.45769465    
   1316.39392       1.32646167    
   1375.00000       1.16652548    
   1433.60608       1.01630783    
   1478.77795      0.907572031    
   1500.00000      0.859348714    
   1521.22205      0.818227530    
   1566.39392      0.736383438    
   1625.00000      0.637867391    
   1683.60608      0.546397984    
   1728.77795      0.480879456    
   1750.00000      0.452082753    
   1771.22205      0.428149670    
   1816.39392      0.381059885    
   1875.00000      0.325083822    
   1933.60608      0.273708731    
   1978.77795      0.237288445    
   2000.00000      0.221420020    
   2021.22205      0.208558932    
   2066.39380      0.183542892    
   2125.00000      0.154176131    
   2183.60620      0.127528548    
   2228.77808      0.108824886    
   2250.00000      0.100741744    
   2271.22192       9.43417549E-02
   2316.39380       8.20265487E-02
   2375.00000       6.77347854E-02
   2433.60620       5.48938848E-02
   2478.77808       4.59505431E-02
   2500.00000       4.21066023E-02
   2521.22192       3.91043313E-02
   2566.39380       3.33584696E-02
   2625.00000       2.67156605E-02
   2683.60620       2.07447074E-02
   2728.77808       1.65619459E-02
   2750.00000       1.47462524E-02
   2771.22192       1.32677844E-02
   2816.39380       1.03670945E-02
   2875.00000       6.88597374E-03
   2933.60620       3.59600014E-03
   2978.77808       1.14033197E-03
   3000.00000       1.43108730E-06
