   0.00000000       9.99977779    
   21.2220135       9.82352829    
   66.3938980       9.44825077    
   125.000000       8.96262932    
   183.606094       8.47930241    
   228.777985       8.10932541    
   250.000000       7.93684340    
   271.222015       7.76818085    
   316.393890       7.41264486    
   375.000000       6.95697069    
   433.606110       6.50772429    
   478.777985       6.16704607    
   500.000000       6.00956440    
   521.221985       5.85897636    
   566.393921       5.54435873    
   625.000000       5.14503145    
   683.606079       4.75505257    
   728.778015       4.46204615    
   750.000000       4.32772589    
   771.221985       4.20211601    
   816.393921       3.94204998    
   875.000000       3.61519647    
   933.606079       3.29901195    
   978.778015       3.06361675    
   1000.00000       2.95658517    
   1021.22198       2.85869098    
   1066.39392       2.65785885    
   1125.00000       2.40795445    
   1183.60608       2.16849709    
   1228.77795       1.99183190    
   1250.00000       1.91214573    
   1271.22205       1.84085214    
   1316.39392       1.69594300    
   1375.00000       1.51743555    
   1433.60608       1.34801435    
   1478.77795       1.22413456    
   1500.00000       1.16869485    
   1521.22205       1.12016702    
   1566.39392       1.02245140    
   1625.00000      0.903299630    
   1683.60608      0.791287839    
   1728.77795      0.710106552    
   1750.00000      0.674053133    
   1771.22205      0.643168151    
   1816.39392      0.581561267    
   1875.00000      0.507203579    
   1933.60608      0.437961847    
   1978.77795      0.388209581    
   2000.00000      0.366276205    
   2021.22205      0.347874612    
   2066.39380      0.311505586    
   2125.00000      0.268043816    
   2183.60620      0.227935791    
   2228.77808      0.199343726    
   2250.00000      0.186820209    
   2271.22192      0.176500782    
   2316.39380      0.156265706    
   2375.00000      0.132279396    
   2433.60620      0.110288665    
   2478.77808       9.46845114E-02
   2500.00000       8.78686979E-02
   2521.22192       8.22816938E-02
   2566.39380       7.13393837E-02
   2625.00000       5.83548509E-02
   2683.60620       4.63917442E-02
   2728.77808       3.78213339E-02
   2750.00000       3.40304002E-02
   2771.22192       3.07768565E-02
   2816.39380       2.42461152E-02
   2875.00000       1.62278246E-02
   2933.60620       8.51933379E-03
   2978.77808       2.70828116E-03
   3000.00000       3.40016481E-06
