   0.00000000       9.99978733    
   21.2220135       9.83040524    
   66.3938980       9.46972656    
   125.000000       9.00290489    
   183.606094       8.53811932    
   228.777985       8.18214989    
   250.000000       8.01609898    
   271.222015       7.85344505    
   316.393890       7.51031637    
   375.000000       7.07013035    
   433.606110       6.63568211    
   478.777985       6.30581856    
   500.000000       6.15314913    
   521.221985       6.00665808    
   566.393921       5.70015430    
   625.000000       5.31046247    
   683.606079       4.92920399    
   728.778015       4.64219761    
   750.000000       4.51038504    
   771.221985       4.38648319    
   816.393921       4.12939405    
   875.000000       3.80548000    
   933.606079       3.49134159    
   978.778015       3.25686026    
   1000.00000       3.14998436    
   1021.22198       3.05156159    
   1066.39392       2.84905553    
   1125.00000       2.59624076    
   1183.60608       2.35319996    
   1228.77795       2.17330408    
   1250.00000       2.09191680    
   1271.22205       2.01847935    
   1316.39392       1.86866415    
   1375.00000       1.68335533    
   1433.60608       1.50677073    
   1478.77795       1.37714529    
   1500.00000       1.31892788    
   1521.22205       1.26744878    
   1566.39392       1.16332912    
   1625.00000       1.03573918    
   1683.60608      0.915219665    
   1728.77795      0.827470660    
   1750.00000      0.788340390    
   1771.22205      0.754421353    
   1816.39392      0.686405420    
   1875.00000      0.603831112    
   1933.60608      0.526505649    
   1978.77795      0.470649511    
   2000.00000      0.445909560    
   2021.22205      0.424868017    
   2066.39380      0.383023292    
   2125.00000      0.332671702    
   2183.60620      0.285897791    
   2228.77808      0.252346277    
   2250.00000      0.237570047    
   2271.22192      0.225197077    
   2316.39380      0.200754672    
   2375.00000      0.171538576    
   2433.60620      0.144537792    
   2478.77808      0.125233710    
   2500.00000      0.116745725    
   2521.22192      0.109650783    
   2566.39380       9.56292152E-02
   2625.00000       7.88223296E-02
   2683.60620       6.31897524E-02
   2728.77808       5.18934168E-02
   2750.00000       4.68604080E-02
   2771.22192       4.24550921E-02
   2816.39380       3.35398577E-02
   2875.00000       2.25062370E-02
   2933.60620       1.18364841E-02
   2978.77808       3.76594486E-03
   3000.00000       4.72865804E-06
