   0.00000000       9.99980164    
   21.2220135       9.84204769    
   66.3938980       9.50609016    
   125.000000       9.07112694    
   183.606094       8.63780975    
   228.777985       8.30566025    
   250.000000       8.15057468    
   271.222015       7.99824190    
   316.393890       7.67649841    
   375.000000       7.26312447    
   433.606110       6.85442877    
   478.777985       6.54350328    
   500.000000       6.39931536    
   521.221985       6.26019573    
   566.393921       5.96844053    
   625.000000       5.59649038    
   683.606079       5.23153210    
   728.778015       4.95594406    
   750.000000       4.82900000    
   771.221985       4.70868540    
   816.393921       4.45817232    
   875.000000       4.14129114    
   933.606079       3.83272076    
   978.778015       3.60142803    
   1000.00000       3.49559116    
   1021.22198       3.39704990    
   1066.39392       3.19335699    
   1125.00000       2.93772840    
   1183.60608       2.69068933    
   1228.77795       2.50686789    
   1250.00000       2.42329955    
   1271.22205       2.34685683    
   1316.39392       2.18999672    
   1375.00000       1.99470282    
   1433.60608       1.80739963    
   1478.77795       1.66903090    
   1500.00000       1.60652673    
   1521.22205       1.55034506    
   1566.39392       1.43590522    
   1625.00000       1.29455733    
   1683.60608       1.16001093    
   1728.77795       1.06131613    
   1750.00000       1.01700842    
   1771.22205      0.977857113    
   1816.39392      0.898684144    
   1875.00000      0.801658034    
   1933.60608      0.709970593    
   1978.77795      0.643161356    
   2000.00000      0.613339186    
   2021.22205      0.587399364    
   2066.39380      0.535293519    
   2125.00000      0.471888959    
   2183.60620      0.412349284    
   2228.77808      0.369197905    
   2250.00000      0.350018471    
   2271.22192      0.333522350    
   2316.39380      0.300536722    
   2375.00000      0.260568291    
   2433.60620      0.223140776    
   2478.77808      0.196044728    
   2500.00000      0.183997557    
   2521.22192      0.173597902    
   2566.39380      0.152745470    
   2625.00000      0.127347663    
   2683.60620      0.103367150    
   2728.77808       8.58009458E-02
   2750.00000       7.78848231E-02
   2771.22192       7.07434192E-02
   2816.39380       5.61138503E-02
   2875.00000       3.77945937E-02
   2933.60620       1.99279245E-02
   2978.77808       6.34795986E-03
   3000.00000       7.97224857E-06
