   0.00000000       9.99982357    
   21.2220135       9.85957146    
   66.3938980       9.56084061    
   125.000000       9.17390442    
   183.606094       8.78812599    
   228.777985       8.49207401    
   250.000000       8.35366440    
   271.222015       8.21719456    
   316.393890       7.92848444    
   375.000000       7.55678558    
   433.606110       7.18841505    
   478.777985       6.90740299    
   500.000000       6.77673244    
   521.221985       6.64969921    
   566.393921       6.38244629    
   625.000000       6.04046535    
   683.606079       5.70357275    
   728.778015       5.44808960    
   750.000000       5.32992268    
   771.221985       5.21665192    
   816.393921       4.97968769    
   875.000000       4.67832041    
   933.606079       4.38321066    
   978.778015       4.16072083    
   1000.00000       4.05835533    
   1021.22198       3.96159649    
   1066.39392       3.76031876    
   1125.00000       3.50591063    
   1183.60608       3.25826693    
   1228.77795       3.07264018    
   1250.00000       2.98767567    
   1271.22205       2.90847206    
   1316.39392       2.74464273    
   1375.00000       2.53883791    
   1433.60608       2.33968425    
   1478.77795       2.19124603    
   1500.00000       2.12364388    
   1521.22205       2.06147313    
   1566.39392       1.93359137    
   1625.00000       1.77390957    
   1683.60608       1.62026691    
   1728.77795       1.50636387    
   1750.00000       1.45473289    
   1771.22205       1.40784991    
   1816.39392       1.31191850    
   1875.00000       1.19279993    
   1933.60608       1.07877469    
   1978.77795      0.994635046    
   2000.00000      0.956645370    
   2021.22205      0.922508180    
   2066.39380      0.852953315    
   2125.00000      0.766958535    
   2183.60620      0.684937537    
   2228.77808      0.624584496    
   2250.00000      0.597389400    
   2271.22192      0.573063910    
   2316.39380      0.523576498    
   2375.00000      0.462447315    
   2433.60620      0.404122800    
   2478.77808      0.361131400    
   2500.00000      0.341708064    
   2521.22192      0.324167401    
   2566.39380      0.288305998    
   2625.00000      0.243695751    
   2683.60620      0.200741991    
   2728.77808      0.168717846    
   2750.00000      0.154073611    
   2771.22192      0.140357047    
   2816.39380      0.111846521    
   2875.00000       7.56528676E-02
   2933.60620       4.00056094E-02
   2978.77808       1.27609586E-02
   3000.00000       1.60296331E-05
