   0.00000000       9.99981308    
   21.2220135       9.85158062    
   66.3938980       9.53587151    
   125.000000       9.12702274    
   183.606094       8.71954155    
   228.777985       8.40699482    
   250.000000       8.26095581    
   271.222015       8.11720562    
   316.393890       7.81331110    
   375.000000       7.42241955    
   433.606110       7.03543663    
   478.777985       6.74058151    
   500.000000       6.60363865    
   521.221985       6.47095108    
   566.393921       6.19219160    
   625.000000       5.83607101    
   683.606079       5.48586607    
   728.778015       5.22078896    
   750.000000       5.09840727    
   771.221985       4.98168135    
   816.393921       4.73799753    
   875.000000       4.42882299    
   933.606079       4.12681580    
   978.778015       3.89971066    
   1000.00000       3.79547405    
   1021.22198       3.69760299    
   1066.39392       3.49457836    
   1125.00000       3.23877048    
   1183.60608       2.99056029    
   1228.77795       2.80511379    
   1250.00000       2.72048831    
   1271.22205       2.64225960    
   1316.39392       2.48101759    
   1375.00000       2.27926373    
   1433.60608       2.08480191    
   1478.77795       1.94043517    
   1500.00000       1.87492669    
   1521.22205       1.81529272    
   1566.39392       1.69315875    
   1625.00000       1.54139066    
   1683.60608       1.39606166    
   1728.77795       1.28883243    
   1750.00000       1.24043739    
   1771.22205       1.19702649    
   1816.39392       1.10866475    
   1875.00000      0.999587238    
   1933.60608      0.895775974    
   1978.77795      0.819607735    
   2000.00000      0.785394907    
   2021.22205      0.755099714    
   2066.39380      0.693765163    
   2125.00000      0.618472517    
   2183.60620      0.547160864    
   2228.77808      0.495046914    
   2250.00000      0.471709996    
   2271.22192      0.451201320    
   2316.39380      0.409798712    
   2375.00000      0.359092921    
   2433.60620      0.311115474    
   2478.77808      0.276034057    
   2500.00000      0.260297507    
   2521.22192      0.246366695    
   2566.39380      0.218125731    
   2625.00000      0.183314636    
   2683.60620      0.150077909    
   2728.77808      0.125485331    
   2750.00000      0.114309706    
   2771.22192      0.104007244    
   2816.39380       8.27227831E-02
   2875.00000       5.58558479E-02
   2933.60620       2.95015164E-02
   2978.77808       9.40511283E-03
   3000.00000       1.18131520E-05
