   0.00000000       9.99980736    
   21.2220135       9.84703636    
   66.3938980       9.52167511    
   125.000000       9.10037518    
   183.606094       8.68057060    
   228.777985       8.35866928    
   250.000000       8.20831108    
   271.222015       8.06045532    
   316.393890       7.74801588    
   375.000000       7.34635019    
   433.606110       6.94894886    
   478.777985       6.64637232    
   500.000000       6.50594282    
   521.221985       6.37014580    
   566.393921       6.08509064    
   625.000000       5.72128057    
   683.606079       5.36388779    
   728.778015       5.09367180    
   750.000000       4.96905136    
   771.221985       4.85054159    
   816.393921       4.60344076    
   875.000000       4.29037380    
   933.606079       3.98501158    
   978.778015       3.75573158    
   1000.00000       3.65064692    
   1021.22198       3.55236793    
   1066.39392       3.34883547    
   1125.00000       3.09286594    
   1183.60608       2.84496832    
   1228.77795       2.66010976    
   1250.00000       2.57590199    
   1271.22205       2.49844337    
   1316.39392       2.33912182    
   1375.00000       2.14023709    
   1433.60608       1.94898748    
   1478.77795       1.80733442    
   1500.00000       1.74319398    
   1521.22205       1.68515289    
   1566.39392       1.56658435    
   1625.00000       1.41966569    
   1683.60608       1.27937448    
   1728.77795       1.17614782    
   1750.00000       1.12967587    
   1771.22205       1.08828485    
   1816.39392       1.00429308    
   1875.00000      0.900964737    
   1933.60608      0.802954614    
   1978.77795      0.731278002    
   2000.00000      0.699177980    
   2021.22205      0.670993268    
   2066.39380      0.614142716    
   2125.00000      0.544643283    
   2183.60620      0.479084998    
   2228.77808      0.431364030    
   2250.00000      0.410070270    
   2271.22192      0.391547173    
   2316.39380      0.354321182    
   2375.00000      0.308959424    
   2433.60620      0.266248018    
   2478.77808      0.235163718    
   2500.00000      0.221278533    
   2521.22192      0.209131256    
   2566.39380      0.184631705    
   2625.00000      0.154600143    
   2683.60620      0.126074687    
   2728.77808      0.105066225    
   2750.00000       9.55562219E-02
   2771.22192       8.68761092E-02
   2816.39380       6.90125152E-02
   2875.00000       4.65457588E-02
   2933.60620       2.45651305E-02
   2978.77808       7.82855041E-03
   3000.00000       9.83236896E-06
