   0.00000000       9.99981880    
   21.2220135       9.85574245    
   66.3938980       9.54887390    
   125.000000       9.15143394    
   183.606094       8.75524998    
   228.777985       8.45128632    
   250.000000       8.30921555    
   271.222015       8.16924667    
   316.393890       7.87323570    
   375.000000       7.49230051    
   433.606110       7.11496496    
   478.777985       6.82727766    
   500.000000       6.69357920    
   521.221985       6.56380749    
   566.393921       6.29097176    
   625.000000       5.94211769    
   683.606079       5.59873962    
   728.778015       5.33857107    
   750.000000       5.21834087    
   771.221985       5.10336399    
   816.393921       4.86306715    
   875.000000       4.55780649    
   933.606079       4.25923300    
   978.778015       4.03440571    
   1000.00000       3.93108344    
   1021.22198       3.83372831    
   1066.39392       3.63147688    
   1125.00000       3.37621903    
   1183.60608       3.12812448    
   1228.77795       2.94244647    
   1250.00000       2.85758066    
   1271.22205       2.77878261    
   1316.39392       2.61606431    
   1375.00000       2.41203809    
   1433.60608       2.21497583    
   1478.77795       2.06837344    
   1500.00000       2.00172281    
   1521.22205       1.94072342    
   1566.39392       1.81550813    
   1625.00000       1.65951419    
   1683.60608       1.50976193    
   1728.77795       1.39899373    
   1750.00000       1.34888780    
   1771.22205       1.30365336    
   1816.39392       1.21132600    
   1875.00000       1.09700179    
   1933.60608      0.987866819    
   1978.77795      0.907554150    
   2000.00000      0.871382117    
   2021.22205      0.839105189    
   2066.39380      0.773539841    
   2125.00000      0.692752063    
   2183.60620      0.615954399    
   2228.77808      0.559629679    
   2250.00000      0.534325123    
   2271.22192      0.511880517    
   2316.39380      0.466385931    
   2375.00000      0.410416722    
   2433.60620      0.357226044    
   2478.77808      0.318167895    
   2500.00000      0.300581366    
   2521.22192      0.284848034    
   2566.39380      0.252809078    
   2625.00000      0.213123739    
   2683.60620      0.175062224    
   2728.77808      0.146785468    
   2750.00000      0.133892506    
   2771.22192      0.121904932    
   2816.39380       9.70578492E-02
   2875.00000       6.55972511E-02
   2933.60620       3.46691459E-02
   2978.77808       1.10559082E-02
   3000.00000       1.38872765E-05
