   0.00000000       9.99982834    
   21.2220135       9.86311150    
   66.3938980       9.57190132    
   125.000000       9.19467545    
   183.606094       8.81852341    
   228.777985       8.52979565    
   250.000000       8.39477634    
   271.222015       8.26155567    
   316.393890       7.97963238    
   375.000000       7.61652994    
   433.606110       7.25651741    
   478.777985       6.98174000    
   500.000000       6.85390329    
   521.221985       6.72944880    
   566.393921       6.46746397    
   625.000000       6.13199091    
   683.606079       5.80126047    
   728.778015       5.55024767    
   750.000000       5.43405867    
   771.221985       5.32244492    
   816.393921       5.08874178    
   875.000000       4.79121971    
   933.606079       4.49956703    
   978.778015       4.27944136    
   1000.00000       4.17805815    
   1021.22198       4.08195400    
   1066.39392       3.88179970    
   1125.00000       3.62847066    
   1183.60608       3.38153911    
   1228.77795       3.19618678    
   1250.00000       3.11123729    
   1271.22205       3.03176165    
   1316.39392       2.86712122    
   1375.00000       2.65994644    
   1433.60608       2.45912457    
   1478.77795       2.30918622    
   1500.00000       2.24079227    
   1521.22205       2.17761588    
   1566.39392       2.04742336    
   1625.00000       1.88451648    
   1683.60608       1.72744489    
   1728.77795       1.61075830    
   1750.00000       1.55776501    
   1771.22205       1.50938809    
   1816.39392       1.41017485    
   1875.00000       1.28666770    
   1933.60608       1.16814303    
   1978.77795       1.08046460    
   2000.00000       1.04078686    
   2021.22205       1.00490260    
   2066.39380      0.931585848    
   2125.00000      0.840658844    
   2183.60620      0.753668249    
   2228.77808      0.689465761    
   2250.00000      0.660457015    
   2271.22192      0.634308994    
   2316.39380      0.580937684    
   2375.00000      0.514768481    
   2433.60620      0.451409459    
   2478.77808      0.404546142    
   2500.00000      0.383308560    
   2521.22192      0.363967597    
   2566.39380      0.324286222    
   2625.00000      0.274737865    
   2683.60620      0.226864025    
   2728.77808      0.191061154    
   2750.00000      0.174647152    
   2771.22192      0.159174383    
   2816.39380      0.126935974    
   2875.00000       8.59180018E-02
   2933.60620       4.54550833E-02
   2978.77808       1.45023884E-02
   3000.00000       1.82177537E-05
