   0.00000000       9.99983215    
   21.2220135       9.86639595    
   66.3938980       9.58216381    
   125.000000       9.21395111    
   183.606094       8.84673595    
   228.777985       8.56481266    
   250.000000       8.43294621    
   271.222015       8.30275249    
   316.393890       8.02715778    
   375.000000       7.67208242    
   433.606110       7.31988478    
   478.777985       7.05094624    
   500.000000       6.92576790    
   521.221985       6.80374384    
   566.393921       6.54673862    
   625.000000       6.21743298    
   683.606079       5.89256144    
   728.778015       5.64581394    
   750.000000       5.53151894    
   771.221985       5.42151165    
   816.393921       5.19098663    
   875.000000       4.89724016    
   933.606079       4.60901165    
   978.778015       4.39125204    
   1000.00000       4.29086399    
   1021.22198       4.19545507    
   1066.39392       3.99653435    
   1125.00000       3.74445844    
   1183.60608       3.49844098    
   1228.77795       3.31353855    
   1250.00000       3.22869420    
   1271.22205       3.14905548    
   1316.39392       2.98385048    
   1375.00000       2.77564335    
   1433.60608       2.57350612    
   1478.77795       2.42234778    
   1500.00000       2.35329700    
   1521.22205       2.28925610    
   1566.39392       2.15705681    
   1625.00000       1.99132347    
   1683.60608       1.83122170    
   1728.77795       1.71205688    
   1750.00000       1.65784323    
   1771.22205       1.60810924    
   1816.39392       1.50590038    
   1875.00000       1.37836683    
   1933.60608       1.25569427    
   1978.77795       1.16473806    
   2000.00000       1.12348986    
   2021.22205       1.08596385    
   2066.39380       1.00909781    
   2125.00000      0.913498402    
   2183.60620      0.821780741    
   2228.77808      0.753902137    
   2250.00000      0.723155260    
   2271.22192      0.695244730    
   2316.39380      0.638104677    
   2375.00000      0.567027032    
   2433.60620      0.498747617    
   2478.77808      0.448087513    
   2500.00000      0.425065666    
   2521.22192      0.403941065    
   2566.39380      0.360464633    
   2625.00000      0.305996388    
   2683.60620      0.253208071    
   2728.77808      0.213622287    
   2750.00000      0.195433363    
   2771.22192      0.178191602    
   2816.39380      0.142192483    
   2875.00000       9.63009968E-02
   2933.60620       5.09686545E-02
   2978.77808       1.62645280E-02
   3000.00000       2.04319404E-05
