   0.00000000       9.99983978    
   21.2220135       9.87230873    
   66.3938980       9.60064411    
   125.000000       9.24866486    
   183.606094       8.89755630    
   228.777985       8.62790489    
   250.000000       8.50172997    
   271.222015       8.37701607    
   316.393890       8.11289120    
   375.000000       7.77238464    
   433.606110       7.43439722    
   478.777985       7.17609882    
   500.000000       7.05577517    
   521.221985       6.93821907    
   566.393921       6.69039154    
   625.000000       6.37249374    
   683.606079       6.05850220    
   728.778015       5.81971121    
   750.000000       5.70896482    
   771.221985       5.60201073    
   816.393921       5.37756824    
   875.000000       5.09111023    
   933.606079       4.80955887    
   978.778015       4.59646845    
   1000.00000       4.49806929    
   1021.22198       4.40412235    
   1066.39392       4.20787907    
   1125.00000       3.95866132    
   1183.60608       3.71489739    
   1228.77795       3.53127432    
   1250.00000       3.44683909    
   1271.22205       3.36712313    
   1316.39392       3.20135736    
   1375.00000       2.99187303    
   1433.60608       2.78793478    
   1478.77795       2.63500261    
   1500.00000       2.56496048    
   1521.22205       2.49953270    
   1566.39392       2.36406446    
   1625.00000       2.19365788    
   1683.60608       2.02848315    
   1728.77795       1.90512311    
   1750.00000       1.84882426    
   1771.22205       1.79672444    
   1816.39392       1.68925726    
   1875.00000       1.55460620    
   1933.60608       1.42455101    
   1978.77795       1.32772255    
   2000.00000       1.28364491    
   2021.22205       1.24311888    
   2066.39380       1.15973473    
   2125.00000       1.05550730    
   2183.60620      0.955014169    
   2228.77808      0.880275369    
   2250.00000      0.846269548    
   2271.22192      0.815016150    
   2316.39380      0.750696719    
   2375.00000      0.670224965    
   2433.60620      0.592487216    
   2478.77808      0.534497619    
   2500.00000      0.508018792    
   2521.22192      0.483406752    
   2566.39380      0.432485044    
   2625.00000      0.368331075    
   2683.60620      0.305837691    
   2728.77808      0.258761078    
   2750.00000      0.237049714    
   2771.22192      0.216279089    
   2816.39380      0.172764167    
   2875.00000      0.117116958    
   2933.60620       6.20259531E-02
   2978.77808       1.97989866E-02
   3000.00000       2.48732140E-05
