   0.00000000       9.99984264    
   21.2220135       9.87498283    
   66.3938980       9.60900211    
   125.000000       9.26436710    
   183.606094       8.92054844    
   228.777985       8.65645599    
   250.000000       8.53286171    
   271.222015       8.41063786    
   316.393890       8.15173054    
   375.000000       7.81786013    
   433.606110       7.48635530    
   478.777985       7.23292017    
   500.000000       7.11482000    
   521.221985       6.99932146    
   566.393921       6.75573015    
   625.000000       6.44311476    
   683.606079       6.13417768    
   728.778015       5.89909697    
   750.000000       5.79001141    
   771.221985       5.68450308    
   816.393921       5.46295834    
   875.000000       5.17999697    
   933.606079       4.90167427    
   978.778015       4.69086313    
   1000.00000       4.59344435    
   1021.22198       4.50024509    
   1066.39392       4.30539989    
   1125.00000       4.05772257    
   1183.60608       3.81522846    
   1228.77795       3.63237810    
   1250.00000       3.54821897    
   1271.22205       3.46855783    
   1316.39392       3.30272865    
   1375.00000       3.09291005    
   1433.60608       2.88839459    
   1478.77795       2.73483753    
   1500.00000       2.66442752    
   1521.22205       2.59844494    
   1566.39392       2.46164441    
   1625.00000       2.28930283    
   1683.60608       2.12199831    
   1728.77795       1.99685609    
   1750.00000       1.93966305    
   1771.22205       1.88652790    
   1816.39392       1.77674425    
   1875.00000       1.63893580    
   1933.60608       1.50558472    
   1978.77795       1.40611804    
   2000.00000       1.36076212    
   2021.22205       1.31886363    
   2066.39380       1.23248315    
   2125.00000       1.12426984    
   2183.60620       1.01970351    
   2228.77808      0.941765547    
   2250.00000      0.906233728    
   2271.22192      0.873399079    
   2316.39380      0.805670977    
   2375.00000      0.720721424    
   2433.60620      0.638458073    
   2478.77808      0.576949120    
   2500.00000      0.548805118    
   2521.22192      0.522500634    
   2566.39380      0.467955410    
   2625.00000      0.399074137    
   2683.60620      0.331831962    
   2728.77808      0.281081915    
   2750.00000      0.257640094    
   2771.22192      0.235128537    
   2816.39380      0.187900424    
   2875.00000      0.127427042    
   2933.60620       6.75040409E-02
   2978.77808       2.15502679E-02
   3000.00000       2.70738528E-05
