   0.00000000       9.99983597    
   21.2220135       9.86945343    
   66.3938980       9.59171963    
   125.000000       9.23190022    
   183.606094       8.87301064    
   228.777985       8.59742928    
   250.000000       8.46850395    
   271.222015       8.34113979    
   316.393890       8.07146358    
   375.000000       7.72390366    
   433.606110       7.37903166    
   478.777985       7.11557531    
   500.000000       6.99289656    
   521.221985       6.87316895    
   566.393921       6.62087536    
   625.000000       6.29742098    
   683.606079       5.97812319    
   728.778015       5.73544693    
   750.000000       5.62296486    
   771.221985       5.51451111    
   816.393921       5.28707409    
   875.000000       4.99701929    
   933.606079       4.71216249    
   978.778015       4.49675274    
   1000.00000       4.39736176    
   1021.22198       4.30267525    
   1066.39392       4.10506678    
   1125.00000       3.85437322    
   1183.60608       3.60942435    
   1228.77795       3.42510891    
   1250.00000       3.34044123    
   1271.22205       3.26072788    
   1316.39392       3.09516001    
   1375.00000       2.88619924    
   1433.60608       2.68303967    
   1478.77795       2.53089643    
   1500.00000       2.46130228    
   1521.22205       2.39651680    
   1566.39392       2.26257157    
   1625.00000       2.09435415    
   1683.60608       1.93156695    
   1728.77795       1.81018925    
   1750.00000       1.75487888    
   1771.22205       1.70390880    
   1816.39392       1.59895813    
   1875.00000       1.46772158    
   1933.60608       1.34121633    
   1978.77795       1.24721777    
   2000.00000       1.20450628    
   2021.22205       1.16543555    
   2066.39380       1.08521843    
   2125.00000      0.985190570    
   2183.60620      0.888976276    
   2228.77808      0.817588091    
   2250.00000      0.785176337    
   2271.22192      0.755564034    
   2316.39380      0.694774091    
   2375.00000      0.618927240    
   2433.60620      0.545852423    
   2478.77808      0.491480976    
   2500.00000      0.466710567    
   2521.22192      0.443826854    
   2566.39380      0.396598727    
   2625.00000      0.337254792    
   2683.60620      0.279585630    
   2728.77808      0.236235619    
   2750.00000      0.216277778    
   2771.22192      0.197266608    
   2816.39380      0.157501042    
   2875.00000      0.106722958    
   2933.60620       5.65041900E-02
   2978.77808       1.80338789E-02
   3000.00000       2.26552274E-05
