   0.00000000       9.99985409    
   21.2220135       9.88418770    
   66.3938980       9.63777542    
   125.000000       9.31843472    
   183.606094       8.99973869    
   228.777985       8.75481892    
   250.000000       8.64013195    
   271.222015       8.52653027    
   316.393890       8.28571320    
   375.000000       7.97489262    
   433.606110       7.66594934    
   478.777985       7.42947769    
   500.000000       7.31914949    
   521.221985       7.21089315    
   566.393921       6.98226166    
   625.000000       6.68836546    
   683.606079       6.39741373    
   728.778015       6.17559528    
   750.000000       6.07247448    
   771.221985       5.97223186    
   816.393921       5.76130581    
   875.000000       5.49126244    
   933.606079       5.22497797    
   978.778015       5.02275133    
   1000.00000       4.92906475    
   1021.22198       4.83882236    
   1066.39392       4.64962673    
   1125.00000       4.40835762    
   1183.60608       4.17135477    
   1228.77795       3.99203253    
   1250.00000       3.90923214    
   1271.22205       3.83016682    
   1316.39392       3.66497850    
   1375.00000       3.45511079    
   1433.60608       3.24968958    
   1478.77795       3.09479070    
   1500.00000       3.02348185    
   1521.22205       2.95592237    
   1566.39392       2.81521344    
   1625.00000       2.63703752    
   1683.60608       2.46317148    
   1728.77795       2.33243680    
   1750.00000       2.27239704    
   1771.22205       2.21586609    
   1816.39392       2.09841204    
   1875.00000       1.95004880    
   1933.60608       1.80557930    
   1978.77795       1.69713748    
   2000.00000       1.64740133    
   2021.22205       1.60071766    
   2066.39380       1.50382864    
   2125.00000       1.38154709    
   2183.60620       1.26251554    
   2228.77808       1.17314899    
   2250.00000       1.13213742    
   2271.22192       1.09355247    
   2316.39380       1.01337147    
   2375.00000      0.911983490    
   2433.60620      0.813030660    
   2478.77808      0.738486707    
   2500.00000      0.704152524    
   2521.22192      0.671499014    
   2566.39380      0.603316426    
   2625.00000      0.516583741    
   2683.60620      0.431356043    
   2728.77808      0.366657108    
   2750.00000      0.336630672    
   2771.22192      0.307462692    
   2816.39380      0.246013239    
   2875.00000      0.167028084    
   2933.60620       8.85516554E-02
   2978.77808       2.82798801E-02
   3000.00000       3.55303928E-05
