   0.00000000       9.99984932    
   21.2220135       9.87985611    
   66.3938980       9.62423420    
   125.000000       9.29298782    
   183.606094       8.96246433    
   228.777985       8.70851517    
   250.000000       8.58963108    
   271.222015       8.47196198    
   316.393890       8.22260761    
   375.000000       7.90090179    
   433.606110       7.58129597    
   478.777985       7.33680010    
   500.000000       7.22279215    
   521.221985       7.11109781    
   566.393921       6.87535715    
   625.000000       6.57255220    
   683.606079       6.27302837    
   728.778015       6.04487801    
   750.000000       5.93890476    
   771.221985       5.83613062    
   816.393921       5.62008810    
   875.000000       5.34380198    
   933.606079       5.07168150    
   978.778015       4.86527777    
   1000.00000       4.76976824    
   1021.22198       4.67806292    
   1066.39392       4.48605347    
   1125.00000       4.24156284    
   1183.60608       4.00176764    
   1228.77795       3.82062292    
   1250.00000       3.73710704    
   1271.22205       3.65768552    
   1316.39392       3.49203491    
   1375.00000       3.28198409    
   1433.60608       3.07678676    
   1478.77795       2.92236805    
   1500.00000       2.85141301    
   1521.22205       2.78453302    
   1566.39392       2.64553571    
   1625.00000       2.46994925    
   1683.60608       2.29902554    
   1728.77795       2.17082024    
   1750.00000       2.11207604    
   1771.22205       2.05711102    
   1816.39392       1.94320822    
   1875.00000       1.79975128    
   1933.60608       1.66046929    
   1978.77795       1.55622959    
   2000.00000       1.50855041    
   2021.22205       1.46412909    
   2066.39380       1.37222016    
   2125.00000       1.25662220    
   2183.60620       1.14447916    
   2228.77808       1.06056738    
   2250.00000       1.02217638    
   2271.22192      0.986354530    
   2316.39380      0.912167549    
   2375.00000      0.818706095    
   2433.60620      0.727814436    
   2478.77808      0.659576476    
   2500.00000      0.628241003    
   2521.22192      0.598673165    
   2566.39380      0.537126362    
   2625.00000      0.459090292    
   2683.60620      0.382633805    
   2728.77808      0.324743718    
   2750.00000      0.297933757    
   2771.22192      0.272022903    
   2816.39380      0.217536360    
   2875.00000      0.147619501    
   2933.60620       7.82350823E-02
   2978.77808       2.49811746E-02
   3000.00000       3.13851524E-05
