   0.00000000       9.99984646    
   21.2220135       9.87749290    
   66.3938980       9.61684895    
   125.000000       9.27911186    
   183.606094       8.94214153    
   228.777985       8.68327236    
   250.000000       8.56210327    
   271.222015       8.44222355    
   316.393890       8.18823051    
   375.000000       7.86061621    
   433.606110       7.53522873    
   478.777985       7.28638744    
   500.000000       7.17038870    
   521.221985       7.05684137    
   566.393921       6.81727457    
   625.000000       6.50968456    
   683.606079       6.20556545    
   728.778015       5.97402859    
   750.000000       5.86653328    
   771.221985       5.76241827    
   816.393921       5.54367304    
   875.000000       5.26410294    
   933.606079       4.98892593    
   978.778015       4.78034544    
   1000.00000       4.68389082    
   1021.22198       4.59144068    
   1066.39392       4.39801121    
   1125.00000       4.15191555    
   1183.60608       3.91075110    
   1228.77795       3.72873259    
   1250.00000       3.64488268    
   1271.22205       3.56532288    
   1316.39392       3.39953899    
   1375.00000       3.18954110    
   1433.60608       2.98461580    
   1478.77795       2.83057094    
   1500.00000       2.75986004    
   1521.22205       2.69339728    
   1566.39392       2.55542803    
   1625.00000       2.38136959    
   1683.60608       2.21215868    
   1728.77795       2.08540893    
   1750.00000       2.02740431    
   1771.22205       1.97331727    
   1816.39392       1.86139476    
   1875.00000       1.72065914    
   1933.60608       1.58423984    
   1978.77795       1.48230827    
   2000.00000       1.43575430    
   2021.22205       1.39255929    
   2066.39380       1.30334091    
   2125.00000       1.19134188    
   2183.60620       1.08289599    
   2228.77808       1.00190270    
   2250.00000      0.964910150    
   2271.22192      0.930553138    
   2316.39380      0.859536350    
   2375.00000      0.770256937    
   2433.60620      0.683608532    
   2478.77808      0.618682683    
   2500.00000      0.588919282    
   2521.22192      0.560961843    
   2566.39380      0.502872586    
   2625.00000      0.429360390    
   2683.60620      0.357459933    
   2728.77808      0.303102076    
   2750.00000      0.277959049    
   2771.22192      0.253732204    
   2816.39380      0.202842668    
   2875.00000      0.137607068    
   2933.60620       7.29137734E-02
   2978.77808       2.32798085E-02
   3000.00000       2.92471959E-05
