   0.00000000       9.99985695    
   21.2220135       9.88617897    
   66.3938980       9.64400005    
   125.000000       9.33013248    
   183.606094       9.01687527    
   228.777985       8.77611065    
   250.000000       8.66335487    
   271.222015       8.55162716    
   316.393890       8.31474781    
   375.000000       8.00895119    
   433.606110       7.70493317    
   478.777985       7.47217226    
   500.000000       7.36354780    
   521.221985       7.25688791    
   566.393921       7.03156185    
   625.000000       6.74181509    
   683.606079       6.45486355    
   728.778015       6.23600483    
   750.000000       6.13422012    
   771.221985       6.03517056    
   816.393921       5.82666254    
   875.000000       5.55957842    
   933.606079       5.29607153    
   978.778015       5.09583998    
   1000.00000       5.00302839    
   1021.22198       4.91349792    
   1066.39392       4.72568178    
   1125.00000       4.48600721    
   1183.60608       4.25040436    
   1228.77795       4.07200956    
   1250.00000       3.98958039    
   1271.22205       3.91072106    
   1316.39392       3.74583507    
   1375.00000       3.53616691    
   1433.60608       3.33075571    
   1478.77795       3.17572141    
   1500.00000       3.10428834    
   1521.22205       3.03645205    
   1566.39392       2.89502835    
   1625.00000       2.71575046    
   1683.60608       2.54061413    
   1728.77795       2.40877533    
   1750.00000       2.34816480    
   1771.22205       2.29093266    
   1816.39392       2.17188025    
   1875.00000       2.02129722    
   1933.60608       1.87446988    
   1978.77795       1.76410985    
   2000.00000       1.71343136    
   2021.22205       1.66570246    
   2066.39380       1.56650603    
   2125.00000       1.44111872    
   2183.60620       1.31887698    
   2228.77808       1.22696149    
   2250.00000       1.18472230    
   2271.22192       1.14483595    
   2316.39380       1.06182563    
   2375.00000      0.956688464    
   2433.60620      0.853915334    
   2478.77808      0.776377261    
   2500.00000      0.740617096    
   2521.22192      0.706490576    
   2566.39380      0.635136008    
   2625.00000      0.544240534    
   2683.60620      0.454809189    
   2728.77808      0.386843681    
   2750.00000      0.355272770    
   2771.22192      0.324537784    
   2816.39380      0.259736210    
   2875.00000      0.176382691    
   2933.60620       9.35246572E-02
   2978.77808       2.98700798E-02
   3000.00000       3.75286945E-05
