   0.00000000       9.99985218    
   21.2220135       9.88208389    
   66.3938980       9.63119793    
   125.000000       9.30607319    
   183.606094       8.98163033    
   228.777985       8.73232269    
   250.000000       8.61559677    
   271.222015       8.50001621    
   316.393890       8.25504780    
   375.000000       7.93893099    
   433.606110       7.62479877    
   478.777985       7.38442039    
   500.000000       7.27230024    
   521.221985       7.16236782    
   566.393921       6.93026781    
   625.000000       6.63202333    
   683.606079       6.33688498    
   728.778015       6.11197138    
   750.000000       6.00745487    
   771.221985       5.90597153    
   816.393921       5.69253492    
   875.000000       5.41942406    
   933.606079       5.15026855    
   978.778015       4.94598341    
   1000.00000       4.85139751    
   1021.22198       4.76042938    
   1066.39392       4.56983376    
   1125.00000       4.32695580    
   1183.60608       4.08855200    
   1228.77795       3.90831017    
   1250.00000       3.82514572    
   1271.22205       3.74589133    
   1316.39392       3.58044410    
   1375.00000       3.37044334    
   1433.60608       3.16508770    
   1478.77795       3.01038957    
   1500.00000       2.93923783    
   1521.22205       2.87199497    
   1566.39392       2.73209000    
   1625.00000       2.55513835    
   1683.60608       2.38267016    
   1728.77795       2.25314188    
   1750.00000       2.19372201    
   1771.22205       2.13794470    
   1816.39392       2.02220297    
   1875.00000       1.87620974    
   1933.60608       1.73425007    
   1978.77795       1.62784457    
   2000.00000       1.57910657    
   2021.22205       1.53352404    
   2066.39380       1.43906128    
   2125.00000       1.32003963    
   2183.60620       1.20437121    
   2228.77808       1.11767054    
   2250.00000       1.07794070    
   2271.22192       1.04071009    
   2316.39380      0.963469207    
   2375.00000      0.865972221    
   2433.60620      0.770979464    
   2478.77808      0.699535310    
   2500.00000      0.666676104    
   2521.22192      0.635542452    
   2566.39380      0.570629895    
   2625.00000      0.488185078    
   2683.60620      0.407283902    
   2728.77808      0.345944881    
   2750.00000      0.317506135    
   2771.22192      0.289947063    
   2816.39380      0.231937930    
   2875.00000      0.157434359    
   2933.60620       8.34519118E-02
   2978.77808       2.66492125E-02
   3000.00000       3.34812466E-05
