   0.00000000       9.99986744    
   21.2220135       9.89471436    
   66.3938980       9.67068195    
   125.000000       9.38028240    
   183.606094       9.09035683    
   228.777985       8.86742115    
   250.000000       8.76296234    
   271.222015       8.65929985    
   316.393890       8.43938160    
   375.000000       8.15524673    
   433.606110       7.87249660    
   478.777985       7.65578127    
   500.000000       7.55453396    
   521.221985       7.45481873    
   566.393921       7.24389982    
   625.000000       6.97227764    
   683.606079       6.70284176    
   728.778015       6.49698305    
   750.000000       6.40108204    
   771.221985       6.30732870    
   816.393921       6.10959673    
   875.000000       5.85576248    
   933.606079       5.60474920    
   978.778015       5.41354609    
   1000.00000       5.32471418    
   1021.22198       5.23848248    
   1066.39392       5.05711985    
   1125.00000       4.82499790    
   1183.60608       4.59612131    
   1228.77795       4.42226791    
   1250.00000       4.34169674    
   1271.22205       4.26398706    
   1316.39392       4.10096216    
   1375.00000       3.89287591    
   1433.60608       3.68822336    
   1478.77795       3.53314495    
   1500.00000       3.46142554    
   1521.22205       3.39262533    
   1566.39392       3.24859500    
   1625.00000       3.06515527    
   1683.60608       2.88509917    
   1728.77795       2.74889922    
   1750.00000       2.68600225    
   1771.22205       2.62588382    
   1816.39392       2.50019860    
   1875.00000       2.34033251    
   1933.60608       2.18357420    
   1978.77795       2.06508160    
   2000.00000       2.01038551    
   2021.22205       1.95814586    
   2066.39380       1.84894955    
   2125.00000       1.71004295    
   2183.60620       1.57377052    
   2228.77808       1.47067046    
   2250.00000       1.42302692    
   2271.22192       1.37736464    
   2316.39380       1.28176343    
   2375.00000       1.15989149    
   2433.60620       1.04001892    
   2478.77808      0.949045420    
   2500.00000      0.906872213    
   2521.22192      0.866086900    
   2566.39380      0.780366063    
   2625.00000      0.670581281    
   2683.60620      0.562043726    
   2728.77808      0.479209751    
   2750.00000      0.440600991    
   2771.22192      0.402706355    
   2816.39380      0.322575212    
   2875.00000      0.219228566    
   2933.60620      0.116305619    
   2978.77808       3.71552035E-02
   3000.00000       4.66835518E-05
