   0.00000000       9.99986553    
   21.2220135       9.89317513    
   66.3938980       9.66586876    
   125.000000       9.37123489    
   183.606094       9.07709885    
   228.777985       8.85094452    
   250.000000       8.74498653    
   271.222015       8.63986683    
   316.393890       8.41687965    
   375.000000       8.12882328    
   433.606110       7.84222031    
   478.777985       7.62259483    
   500.000000       7.52000904    
   521.221985       7.41903019    
   566.393921       7.20548630    
   625.000000       6.93055773    
   683.606079       6.65792227    
   728.778015       6.44968462    
   750.000000       6.35270548    
   771.221985       6.25797701    
   816.393921       6.05825615    
   875.000000       5.80197048    
   933.606079       5.54863930    
   978.778015       5.35575628    
   1000.00000       5.26618147    
   1021.22198       5.17932796    
   1066.39392       4.99674225    
   1125.00000       4.76318026    
   1183.60608       4.53301096    
   1228.77795       4.35827684    
   1250.00000       4.27734137    
   1271.22205       4.19939518    
   1316.39392       4.03597307    
   1375.00000       3.82752204    
   1433.60608       3.62265468    
   1478.77795       3.46752548    
   1500.00000       3.39583111    
   1521.22205       3.32718039    
   1566.39392       3.18357015    
   1625.00000       3.00081968    
   1683.60608       2.82159352    
   1728.77795       2.68613958    
   1750.00000       2.62363744    
   1771.22205       2.56402636    
   1816.39392       2.43951344    
   1875.00000       2.28129625    
   1933.60608       2.12630987    
   1978.77795       2.00927424    
   2000.00000       1.95530033    
   2021.22205       1.90387750    
   2066.39380       1.79649675    
   2125.00000       1.66005099    
   2183.60620       1.52633870    
   2228.77808       1.42528415    
   2250.00000       1.37863088    
   2271.22192       1.33403194    
   2316.39380       1.24075246    
   2375.00000       1.12197161    
   2433.60620       1.00526237    
   2478.77808      0.916777968    
   2500.00000      0.875794411    
   2521.22192      0.836247861    
   2566.39380      0.753202558    
   2625.00000      0.646939337    
   2683.60620      0.541967094    
   2728.77808      0.461909890    
   2750.00000      0.424616307    
   2771.22192      0.388061553    
   2816.39380      0.310800731    
   2875.00000      0.211199254    
   2933.60620      0.112036094    
   2978.77808       3.57897952E-02
   3000.00000       4.49676991E-05
