   0.00000000       9.99986172    
   21.2220135       9.88985634    
   66.3938980       9.65549564    
   125.000000       9.35173702    
   183.606094       9.04852867    
   228.777985       8.81544113    
   250.000000       8.70625687    
   271.222015       8.59799767    
   316.393890       8.36841106    
   375.000000       8.07192230    
   433.606110       7.77703905    
   478.777985       7.55116463    
   500.000000       7.44570446    
   521.221985       7.34201765    
   566.393921       7.12285423    
   625.000000       6.84085274    
   683.606079       6.56137800    
   728.778015       6.34806252    
   750.000000       6.24878311    
   771.221985       6.15198088    
   816.393921       5.94803858    
   875.000000       5.68655777    
   933.606079       5.42832279    
   978.778015       5.23189211    
   1000.00000       5.14075232    
   1021.22198       5.05259657    
   1066.39392       4.86745930    
   1125.00000       4.63090467    
   1183.60608       4.39806318    
   1228.77795       4.22151899    
   1250.00000       4.13984013    
   1271.22205       4.06142616    
   1316.39392       3.89723587    
   1375.00000       3.68811250    
   1433.60608       3.48289394    
   1478.77795       3.32773972    
   1500.00000       3.25613737    
   1521.22205       3.18784356    
   1566.39392       3.04521060    
   1625.00000       2.86403418    
   1683.60608       2.68667912    
   1728.77795       2.55289149    
   1750.00000       2.49126554    
   1771.22205       2.43276739    
   1816.39392       2.31081581    
   1875.00000       2.15618920    
   1933.60608       2.00504994    
   1978.77795       1.89116895    
   2000.00000       1.83875525    
   2021.22205       1.78908849    
   2066.39380       1.68560398    
   2125.00000       1.55443048    
   2183.60620       1.42619419    
   2228.77808       1.32950819    
   2250.00000       1.28496730    
   2271.22192       1.24262941    
   2316.39380       1.15428150    
   2375.00000       1.04205894    
   2433.60620      0.932054579    
   2478.77808      0.848840892    
   2500.00000      0.810374200    
   2521.22192      0.773443639    
   2566.39380      0.696044266    
   2625.00000      0.597207129    
   2683.60620      0.499748617    
   2728.77808      0.425540149    
   2750.00000      0.391015619    
   2771.22192      0.357279241    
   2816.39380      0.286053926    
   2875.00000      0.194325253    
   2933.60620      0.103063993    
   2978.77808       3.29205655E-02
   3000.00000       4.13620728E-05
