   0.00000000       9.99985981    
   21.2220135       9.88806629    
   66.3938980       9.64989853    
   125.000000       9.34121799    
   183.606094       9.03311634    
   228.777985       8.79628944    
   250.000000       8.68536663    
   271.222015       8.57541752    
   316.393890       8.34227657    
   375.000000       8.04125118    
   433.606110       7.74191475    
   478.777985       7.51268196    
   500.000000       7.40567827    
   521.221985       7.30054045    
   566.393921       7.07836723    
   625.000000       6.79258204    
   683.606079       6.50945282    
   728.778015       6.29342651    
   750.000000       6.19292164    
   771.221985       6.09501791    
   816.393921       5.88883734    
   875.000000       5.62460661    
   933.606079       5.36378241    
   978.778015       5.16548347    
   1000.00000       5.07352066    
   1021.22198       4.98468637    
   1066.39392       4.79822397    
   1125.00000       4.56012344    
   1183.60608       4.32590961    
   1228.77795       4.14844275    
   1250.00000       4.06638861    
   1271.22205       3.98774767    
   1316.39392       3.82319713    
   1375.00000       3.61378074    
   1433.60608       3.40844131    
   1478.77795       3.25332499    
   1500.00000       3.18179584    
   1521.22205       3.11371613    
   1566.39392       2.97165465    
   1625.00000       2.79138112    
   1683.60608       2.61508656    
   1728.77795       2.48223352    
   1750.00000       2.42109585    
   1771.22205       2.36320949    
   1816.39392       2.24266100    
   1875.00000       2.08999467    
   1933.60608       1.94094801    
   1978.77795       1.82877779    
   2000.00000       1.77720809    
   2021.22205       1.72848606    
   2066.39380       1.62709355    
   2125.00000       1.49874496    
   2183.60620       1.37343764    
   2228.77808       1.27908409    
   2250.00000       1.23566926    
   2271.22192       1.19453251    
   2316.39380       1.10880101    
   2375.00000       1.00005341    
   2433.60620      0.893597305    
   2478.77808      0.813169897    
   2500.00000      0.776032329    
   2521.22192      0.740480185    
   2566.39380      0.666053116    
   2625.00000      0.571122408    
   2683.60620      0.477613539    
   2728.77808      0.406477571    
   2750.00000      0.373407006    
   2771.22192      0.341148794    
   2816.39380      0.273087591    
   2875.00000      0.185484856    
   2933.60620       9.83637795E-02
   2978.77808       3.14175151E-02
   3000.00000       3.94732633E-05
