   0.00000000       9.99986362    
   21.2220135       9.89155769    
   66.3938980       9.66081238    
   125.000000       9.36173058    
   183.606094       9.06317234    
   228.777985       8.83363724    
   250.000000       8.72610664    
   271.222015       8.61945534    
   316.393890       8.39324856    
   375.000000       8.10107899    
   433.606110       7.81043530    
   478.777985       7.58776045    
   500.000000       7.48377132    
   521.221985       7.38146973    
   566.393921       7.16518021    
   625.000000       6.88679457    
   683.606079       6.61081505    
   728.778015       6.40009403    
   750.000000       6.30198908    
   771.221985       6.20624495    
   816.393921       6.00445509    
   875.000000       5.74562120    
   933.606079       5.48988342    
   978.778015       5.29525852    
   1000.00000       5.20491409    
   1021.22198       5.11741924    
   1066.39392       4.93357468    
   1125.00000       4.69853401    
   1183.60608       4.46704245    
   1228.77795       4.29140997    
   1250.00000       4.21010494    
   1271.22205       4.13192368    
   1316.39392       3.96811104    
   1375.00000       3.75931239    
   1433.60608       3.55425382    
   1478.77795       3.39909768    
   1500.00000       3.32744122    
   1521.22205       3.25895834    
   1566.39392       3.11581182    
   1625.00000       2.93381286    
   1683.60608       2.75548410    
   1728.77795       2.62083197    
   1750.00000       2.55875254    
   1771.22205       2.49968052    
   1816.39392       2.37641001    
   1875.00000       2.21993661    
   1933.60608       2.06682038    
   1978.77795       1.95131981    
   2000.00000       1.89810574    
   2021.22205       1.84753966    
   2066.39380       1.74206114    
   2125.00000       1.60819089    
   2183.60620       1.47715509    
   2228.77808       1.37823713    
   2250.00000       1.33261752    
   2271.22192       1.28912604    
   2316.39380       1.19826329    
   2375.00000       1.08269751    
   2433.60620      0.969276547    
   2478.77808      0.883377969    
   2500.00000      0.843629539    
   2521.22192      0.805367708    
   2566.39380      0.725095809    
   2625.00000      0.622481406    
   2683.60620      0.521201849    
   2728.77808      0.444019586    
   2750.00000      0.408087343    
   2771.22192      0.372918695    
   2816.39380      0.298626512    
   2875.00000      0.202897802    
   2933.60620      0.107622027    
   2978.77808       3.43781859E-02
   3000.00000       4.31937951E-05
