   0.00000000       9.99987316    
   21.2220135       9.89891434    
   66.3938980       9.68381119    
   125.000000       9.40496254    
   183.606094       9.12652493    
   228.777985       8.91237259    
   250.000000       8.81200409    
   271.222015       8.71232796    
   316.393890       8.50079441    
   375.000000       8.22738266    
   433.606110       7.95517397    
   478.777985       7.74642324    
   500.000000       7.64884377    
   521.221985       7.55259609    
   566.393921       7.34888411    
   625.000000       7.08634901    
   683.606079       6.82571745    
   728.778015       6.62641001    
   750.000000       6.53348255    
   771.221985       6.44242716    
   816.393921       6.25020313    
   875.000000       6.00317001    
   933.606079       5.75860023    
   978.778015       5.57207727    
   1000.00000       5.48531866    
   1021.22198       5.40083408    
   1066.39392       5.22291756    
   1125.00000       4.99487209    
   1183.60608       4.76967049    
   1228.77795       4.59833527    
   1250.00000       4.51881266    
   1271.22205       4.44180298    
   1316.39392       4.27997875    
   1375.00000       4.07303762    
   1433.60608       3.86911869    
   1478.77795       3.71428967    
   1500.00000       3.64255309    
   1521.22205       3.57339215    
   1566.39392       3.42831087    
   1625.00000       3.24310803    
   1683.60608       3.06089759    
   1728.77795       2.92274094    
   1750.00000       2.85880041    
   1771.22205       2.79732251    
   1816.39392       2.66848612    
   1875.00000       2.50417185    
   1933.60608       2.34261870    
   1978.77795       2.22017193    
   2000.00000       2.16351104    
   2021.22205       2.10903716    
   2066.39380       1.99486721    
   2125.00000       1.84920740    
   2183.60620       1.70589721    
   2228.77808       1.59716558    
   2250.00000       1.54679167    
   2271.22192       1.49818861    
   2316.39380       1.39615929    
   2375.00000       1.26571965    
   2433.60620       1.13706982    
   2478.77808       1.03918302    
   2500.00000      0.993703067    
   2521.22192      0.949467361    
   2566.39380      0.856289566    
   2625.00000      0.736682832    
   2683.60620      0.618195355    
   2728.77808      0.527608097    
   2750.00000      0.485325456    
   2771.22192      0.443684310    
   2816.39380      0.355524808    
   2875.00000      0.241699591    
   2933.60620      0.128255114    
   2978.77808       4.09767926E-02
   3000.00000       5.14860112E-05
