   0.00000000       9.99987125    
   21.2220135       9.89758015    
   66.3938980       9.67963982    
   125.000000       9.39712048    
   183.606094       9.11503315    
   228.777985       8.89808941    
   250.000000       8.79642105    
   271.222015       8.69547749    
   316.393890       8.48127747    
   375.000000       8.20445538    
   433.606110       7.92889261    
   478.777985       7.71760702    
   500.000000       7.61886024    
   521.221985       7.52150774    
   566.393921       7.31549883    
   625.000000       7.05006647    
   683.606079       6.78662634    
   728.778015       6.58522844    
   750.000000       6.49135113    
   771.221985       6.39943314    
   816.393921       6.20544672    
   875.000000       5.95623541    
   933.606079       5.70960093    
   978.778015       5.52157640    
   1000.00000       5.43415213    
   1021.22198       5.34910488    
   1066.39392       5.17007732    
   1125.00000       4.94071484    
   1183.60608       4.71432352    
   1228.77795       4.54217100    
   1250.00000       4.46230698    
   1271.22205       4.38506651    
   1316.39392       4.22284365    
   1375.00000       4.01551628    
   1433.60608       3.81134272    
   1478.77795       3.65641809    
   1500.00000       3.58467937    
   1521.22205       3.51562619    
   1566.39392       3.37086463    
   1625.00000       3.18620467    
   1683.60608       3.00466228    
   1728.77795       2.86711574    
   1750.00000       2.80350184    
   1771.22205       2.74245214    
   1816.39392       2.61460996    
   1875.00000       2.45170164    
   1933.60608       2.29166627    
   1978.77795       2.17047286    
   2000.00000       2.11443543    
   2021.22205       2.06067228    
   2066.39380       1.94808567    
   2125.00000       1.80457747    
   2183.60620       1.66351128    
   2228.77808       1.55657661    
   2250.00000       1.50707448    
   2271.22192       1.45941174    
   2316.39380       1.35943878    
   2375.00000       1.23174143    
   2433.60620       1.10590231    
   2478.77808       1.01023030    
   2500.00000      0.965810120    
   2521.22192      0.922681212    
   2566.39380      0.831896186    
   2625.00000      0.715442061    
   2683.60620      0.600149214    
   2728.77808      0.512051821    
   2750.00000      0.470949262    
   2771.22192      0.430512041    
   2816.39380      0.344932765    
   2875.00000      0.234475747    
   2933.60620      0.124413565    
   2978.77808       3.97482030E-02
   3000.00000       4.99420821E-05
