   0.00000000       9.99987411    
   21.2220135       9.90018749    
   66.3938980       9.68779278    
   125.000000       9.41244793    
   183.606094       9.13749504    
   228.777985       8.92600918    
   250.000000       8.82688236    
   271.222015       8.72841549    
   316.393890       8.51943016    
   375.000000       8.24927807    
   433.606110       7.98027420    
   478.777985       7.77394629    
   500.000000       7.67748356    
   521.221985       7.58229256    
   566.393921       7.38077927    
   625.000000       7.12101793    
   683.606079       6.86307621    
   728.778015       6.66577244    
   750.000000       6.57375526    
   771.221985       6.48352718    
   816.393921       6.29299593    
   875.000000       6.04805517    
   933.606079       5.80547094    
   978.778015       5.62039232    
   1000.00000       5.53427505    
   1021.22198       5.45033360    
   1066.39392       5.27349091    
   1125.00000       5.04671955    
   1183.60608       4.82267141    
   1228.77795       4.65213060    
   1250.00000       4.57293987    
   1271.22205       4.49615669    
   1316.39392       4.33472681    
   1375.00000       4.12817192    
   1433.60608       3.92451406    
   1478.77795       3.76978946    
   1500.00000       3.69806075    
   1521.22205       3.62880230    
   1566.39392       3.48342681    
   1625.00000       3.29771972    
   1683.60608       3.11488438    
   1728.77795       2.97615433    
   1750.00000       2.91190577    
   1771.22205       2.85002232    
   1816.39392       2.72024226    
   1875.00000       2.55459166    
   1933.60608       2.39159393    
   1978.77795       2.26795292    
   2000.00000       2.21069765    
   2021.22205       2.15554476    
   2066.39380       2.03986073    
   2125.00000       1.89214206    
   2183.60620       1.74668336    
   2228.77808       1.63623011    
   2250.00000       1.58502054    
   2271.22192       1.53551519    
   2316.39380       1.43151164    
   2375.00000       1.29843807    
   2433.60620       1.16708755    
   2478.77808       1.06707180    
   2500.00000       1.02057290    
   2521.22192      0.975272298    
   2566.39380      0.879791617    
   2625.00000      0.757149816    
   2683.60620      0.635586262    
   2728.77808      0.542600930    
   2750.00000      0.499181598    
   2771.22192      0.456380367    
   2816.39380      0.365734249    
   2875.00000      0.248662740    
   2933.60620      0.131958112    
   2978.77808       4.21610773E-02
   3000.00000       5.29742683E-05
