   0.00000000       9.99987602    
   21.2220135       9.90140438    
   66.3938980       9.69159698    
   125.000000       9.41959858    
   183.606094       9.14797497    
   228.777985       8.93903542    
   250.000000       8.84109402    
   271.222015       8.74378395    
   316.393890       8.53723335    
   375.000000       8.27019691    
   433.606110       8.00425816    
   478.777985       7.80024719    
   500.000000       7.70485210    
   521.221985       7.61067295    
   566.393921       7.41126394    
   625.000000       7.15415955    
   683.606079       6.89879417    
   728.778015       6.70341063    
   750.000000       6.61226559    
   771.221985       6.52283192    
   816.393921       6.33392572    
   875.000000       6.09099531    
   933.606079       5.85031939    
   978.778015       5.66663027    
   1000.00000       5.58112955    
   1021.22198       5.49771214    
   1066.39392       5.32190657    
   1125.00000       5.09636688    
   1183.60608       4.87343502    
   1228.77795       4.70366430    
   1250.00000       4.62479639    
   1271.22205       4.54823494    
   1316.39392       4.38719368    
   1375.00000       4.18102217    
   1433.60608       3.97762847    
   1478.77795       3.82301450    
   1500.00000       3.75129867    
   1521.22205       3.68195200    
   1566.39392       3.53630495    
   1625.00000       3.35012794    
   1683.60608       3.16670632    
   1728.77795       3.02743649    
   1750.00000       2.96289730    
   1771.22205       2.90062881    
   1816.39392       2.76995206    
   1875.00000       2.60303020    
   1933.60608       2.43865657    
   1978.77795       2.31387711    
   2000.00000       2.25605440    
   2021.22205       2.20025229    
   2066.39380       2.08312011    
   2125.00000       1.93343091    
   2183.60620       1.78591466    
   2228.77808       1.67381179    
   2250.00000       1.62180126    
   2271.22192       1.57142997    
   2316.39380       1.46553123    
   2375.00000       1.32992828    
   2433.60620       1.19598341    
   2478.77808       1.09392190    
   2500.00000       1.04644358    
   2521.22192       1.00011861    
   2566.39380      0.902422428    
   2625.00000      0.776860178    
   2683.60620      0.652336001    
   2728.77808      0.557042241    
   2750.00000      0.512528598    
   2771.22192      0.468610138    
   2816.39380      0.375569016    
   2875.00000      0.255370528    
   2933.60620      0.135525361    
   2978.77808       4.33019660E-02
   3000.00000       5.44079849E-05
