   0.00000000       9.99986935    
   21.2220135       9.89618111    
   66.3938980       9.67526722    
   125.000000       9.38890266    
   183.606094       9.10298824    
   228.777985       8.88312054    
   250.000000       8.78008938    
   271.222015       8.67781830    
   316.393890       8.46082592    
   375.000000       8.18043232    
   433.606110       7.90135908    
   478.777985       7.68742132    
   500.000000       7.58745289    
   521.221985       7.48894548    
   566.393921       7.28053570    
   625.000000       7.01207638    
   683.606079       6.74570370    
   728.778015       6.54212332    
   750.000000       6.44725609    
   771.221985       6.35443878    
   816.393921       6.15861750    
   875.000000       5.90714025    
   933.606079       5.65835810    
   978.778015       5.46877432    
   1000.00000       5.38065910    
   1021.22198       5.29502964    
   1066.39392       5.11485291    
   1125.00000       4.88413143    
   1183.60608       4.65651464    
   1228.77795       4.48352242    
   1250.00000       4.40330887    
   1271.22205       4.32583475    
   1316.39392       4.16321087    
   1375.00000       3.95550060    
   1433.60608       3.75108099    
   1478.77795       3.59607196    
   1500.00000       3.52433848    
   1521.22205       3.45540500    
   1566.39392       3.31099224    
   1625.00000       3.12691832    
   1683.60608       2.94609237    
   1728.77795       2.80919647    
   1750.00000       2.74592972    
   1771.22205       2.68533230    
   1816.39392       2.55853915    
   1875.00000       2.39711165    
   1933.60608       2.23867249    
   1978.77795       2.11879563    
   2000.00000       2.06341243    
   2021.22205       2.01039338    
   2066.39380       1.89946318    
   2125.00000       1.75820446    
   2183.60620       1.61948252    
   2228.77808       1.51442373    
   2250.00000       1.46583116    
   2271.22192       1.41914821    
   2316.39380       1.32131684    
   2375.00000       1.19647408    
   2433.60620       1.07355952    
   2478.77808      0.980190933    
   2500.00000      0.936872661    
   2521.22192      0.894893527    
   2566.39380      0.806593418    
   2625.00000      0.693412423    
   2683.60620      0.581435323    
   2728.77808      0.495921820    
   2750.00000      0.456043601    
   2771.22192      0.416854978    
   2816.39380      0.333951384    
   2875.00000      0.226986602    
   2933.60620      0.120431028    
   2978.77808       3.84745412E-02
   3000.00000       4.83415170E-05
