   0.00000000       9.99988174    
   21.2220135       9.90575790    
   66.3938980       9.70520878    
   125.000000       9.44518757    
   183.606094       9.18548012    
   228.777985       8.98565674    
   250.000000       8.89196205    
   271.222015       8.79879665    
   316.393890       8.60097122    
   375.000000       8.34510231    
   433.606110       8.09015179    
   478.777985       7.89445305    
   500.000000       7.80288982    
   521.221985       7.71234560    
   566.393921       7.52050161    
   625.000000       7.27295160    
   683.606079       7.02685976    
   728.778015       6.83839083    
   750.000000       6.75039005    
   771.221985       6.66382599    
   816.393921       6.48079252    
   875.000000       6.24513626    
   933.606079       6.01137400    
   978.778015       5.83272409    
   1000.00000       5.74946404    
   1021.22198       5.66795635    
   1066.39392       5.49593830    
   1125.00000       5.27490902    
   1183.60608       5.05607700    
   1228.77795       4.88914251    
   1250.00000       4.81146717    
   1271.22205       4.73573780    
   1316.39392       4.57616758    
   1375.00000       4.37147474    
   1433.60608       4.16912842    
   1478.77795       4.01498890    
   1500.00000       3.94335341    
   1521.22205       3.87372303    
   1566.39392       3.72717118    
   1625.00000       3.53939342    
   1683.60608       3.35395122    
   1728.77795       3.21280408    
   1750.00000       3.14724827    
   1771.22205       3.08361959    
   1816.39392       2.94976664    
   1875.00000       2.77832985    
   1933.60608       2.60905933    
   1978.77795       2.48021936    
   2000.00000       2.42037010    
   2021.22205       2.36224103    
   2066.39380       2.23991156    
   2125.00000       2.08314204    
   2183.60620       1.92822492    
   2228.77808       1.81018257    
   2250.00000       1.75528526    
   2271.22192       1.70178723    
   2316.39380       1.58904016    
   2375.00000       1.44429088    
   2433.60620       1.30095804    
   2478.77808       1.19148922    
   2500.00000       1.14046276    
   2521.22192       1.09042263    
   2566.39380      0.984687030    
   2625.00000      0.848522663    
   2683.60620      0.713246644    
   2728.77808      0.609566927    
   2750.00000      0.561076641    
   2771.22192      0.513096035    
   2816.39380      0.411345154    
   2875.00000      0.279772878    
   2933.60620      0.148503199    
   2978.77808       4.74526286E-02
   3000.00000       5.96240170E-05
