   0.00000000       9.99987793    
   21.2220135       9.90256691    
   66.3938980       9.69523144    
   125.000000       9.42643070    
   183.606094       9.15798950    
   228.777985       8.95148373    
   250.000000       8.85467625    
   271.222015       8.75847244    
   316.393890       8.55424976    
   375.000000       8.29019260    
   433.606110       8.02718449    
   478.777985       7.82539034    
   500.000000       7.73101711    
   521.221985       7.63780642    
   566.393921       7.44041300    
   625.000000       7.18585253    
   683.606079       6.93295574    
   728.778015       6.73941231    
   750.000000       6.64910364    
   771.221985       6.56043243    
   816.393921       6.37308598    
   875.000000       6.13208628    
   933.606079       5.89324474    
   978.778015       5.71089125    
   1000.00000       5.62598419    
   1021.22198       5.54307175    
   1066.39392       5.36826611    
   1125.00000       5.14391613    
   1183.60608       4.92206383    
   1228.77795       4.75303841    
   1250.00000       4.67448330    
   1271.22205       4.59813881    
   1316.39392       4.43747854    
   1375.00000       4.23168659    
   1433.60608       4.02855778    
   1478.77795       3.87405920    
   1500.00000       3.80235958    
   1521.22205       3.73293257    
   1566.39392       3.58703423    
   1625.00000       3.40041780    
   1683.60608       3.21644568    
   1728.77795       3.07666659    
   1750.00000       3.01185250    
   1771.22205       2.94921827    
   1816.39392       2.81768870    
   1875.00000       2.64955616    
   1933.60608       2.48387098    
   1978.77795       2.35800529    
   2000.00000       2.29964089    
   2021.22205       2.24321795    
   2066.39380       2.12470007    
   2125.00000       1.97312438    
   2183.60620       1.82363725    
   2228.77808       1.70995367    
   2250.00000       1.65717518    
   2271.22192       1.60597301    
   2316.39380       1.49825525    
   2375.00000       1.36022377    
   2433.60620       1.22378707    
   2478.77808       1.11976016    
   2500.00000       1.07134056    
   2521.22192       1.02403080    
   2566.39380      0.924203932    
   2625.00000      0.795832515    
   2683.60620      0.668460071    
   2728.77808      0.570945203    
   2750.00000      0.525378406    
   2771.22192      0.480384558    
   2816.39380      0.385037839    
   2875.00000      0.261828899    
   2933.60620      0.138960034    
   2978.77808       4.44004536E-02
   3000.00000       5.57884268E-05
