   0.00000000       9.99988270    
   21.2220135       9.90673161    
   66.3938980       9.70825100    
   125.000000       9.45090675    
   183.606094       9.19386387    
   228.777985       8.99607849    
   250.000000       8.90333366    
   271.222015       8.81109428    
   316.393890       8.61522198    
   375.000000       8.36185169    
   433.606110       8.10936069    
   478.777985       7.91552448    
   500.000000       7.82481956    
   521.221985       7.73508978    
   566.393921       7.54494333    
   625.000000       7.29953718    
   683.606079       7.05552769    
   728.778015       6.86861229    
   750.000000       6.78131866    
   771.221985       6.69540024    
   816.393921       6.51368999    
   875.000000       6.27967453    
   933.606079       6.04747295    
   978.778015       5.86996174    
   1000.00000       5.78720856    
   1021.22198       5.70613432    
   1066.39392       5.53497696    
   1125.00000       5.31497478    
   1183.60608       5.09707785    
   1228.77795       4.93079233    
   1250.00000       4.85339069    
   1271.22205       4.77785444    
   1316.39392       4.61862803    
   1375.00000       4.41428471    
   1433.60608       4.21219158    
   1478.77795       4.05817223    
   1500.00000       3.98656130    
   1521.22205       3.91687346    
   1566.39392       3.77013135    
   1625.00000       3.58201122    
   1683.60608       3.39613152    
   1728.77795       3.25457478    
   1750.00000       3.18879580    
   1771.22205       3.12486649    
   1816.39392       2.99030948    
   1875.00000       2.81787014    
   1933.60608       2.64751005    
   1978.77795       2.51776528    
   2000.00000       2.45746374    
   2021.22205       2.39881372    
   2066.39380       2.27532005    
   2125.00000       2.11696291    
   2183.60620       1.96038473    
   2228.77808       1.84100819    
   2250.00000       1.78546214    
   2271.22192       1.73126018    
   2316.39380       1.61697018    
   2375.00000       1.47015917    
   2433.60620       1.32470906    
   2478.77808       1.21356881    
   2500.00000       1.16174126    
   2521.22192       1.11086166    
   2566.39380       1.00330877    
   2625.00000      0.864747107    
   2683.60620      0.727039039    
   2728.77808      0.621461987    
   2750.00000      0.572071850    
   2771.22192      0.523171544    
   2816.39380      0.419448346    
   2875.00000      0.285300165    
   2933.60620      0.151442856    
   2978.77808       4.83928211E-02
   3000.00000       6.08055343E-05
