   0.00000000       9.99987888    
   21.2220135       9.90367889    
   66.3938980       9.69870663    
   125.000000       9.43296337    
   183.606094       9.16756344    
   228.777985       8.96338463    
   250.000000       8.86766148    
   271.222015       8.77251530    
   316.393890       8.57051945    
   375.000000       8.30931282    
   433.606110       8.04910851    
   478.777985       7.84943628    
   500.000000       7.75604057    
   521.221985       7.66375732    
   566.393921       7.46829367    
   625.000000       7.21617079    
   683.606079       6.96563959    
   728.778015       6.77385950    
   750.000000       6.68435287    
   771.221985       6.59641314    
   816.393921       6.41056395    
   875.000000       6.17141819    
   933.606079       5.93433857    
   978.778015       5.75326920    
   1000.00000       5.66893291    
   1021.22198       5.58650684    
   1066.39392       5.41266537    
   1125.00000       5.18946314    
   1183.60608       4.96865368    
   1228.77795       4.80034971    
   1250.00000       4.72209787    
   1271.22205       4.64596415    
   1316.39392       4.48567677    
   1375.00000       4.28025866    
   1433.60608       4.07739305    
   1478.77795       3.92301321    
   1500.00000       3.85133290    
   1521.22205       3.78183198    
   1566.39392       3.63570046    
   1625.00000       3.44867277    
   1683.60608       3.26418185    
   1728.77795       3.12392187    
   1750.00000       3.05884719    
   1771.22205       2.99586511    
   1816.39392       2.86352348    
   1875.00000       2.69423723    
   1933.60608       2.52730107    
   1978.77795       2.40039825    
   2000.00000       2.34151626    
   2021.22205       2.28449965    
   2066.39380       2.16465569    
   2125.00000       2.01127338    
   2183.60620       1.85989833    
   2228.77808       1.74469972    
   2250.00000       1.69118512    
   2271.22192       1.63918579    
   2316.39380       1.52972198    
   2375.00000       1.38935900    
   2433.60620       1.25052941    
   2478.77808       1.14461458    
   2500.00000       1.09529078    
   2521.22192       1.04703438    
   2566.39380      0.945159137    
   2625.00000      0.814086616    
   2683.60620      0.683974981    
   2728.77808      0.584323764    
   2750.00000      0.537743986    
   2771.22192      0.491715401    
   2816.39380      0.394150198    
   2875.00000      0.268044233    
   2933.60620      0.142265514    
   2978.77808       4.54576313E-02
   3000.00000       5.71169548E-05
