   0.00000000       9.99987984    
   21.2220135       9.90474129    
   66.3938980       9.70202923    
   125.000000       9.43921089    
   183.606094       9.17671967    
   228.777985       8.97476673    
   250.000000       8.88008022    
   271.222015       8.78594589    
   316.393890       8.58608150    
   375.000000       8.32760143    
   433.606110       8.07008171    
   478.777985       7.87243986    
   500.000000       7.77998018    
   521.221985       7.68858528    
   566.393921       7.49497032    
   625.000000       7.24518251    
   683.606079       6.99691820    
   728.778015       6.80682850    
   750.000000       6.71809101    
   771.221985       6.63085318    
   816.393921       6.44644070    
   875.000000       6.20907545    
   933.606079       5.97368813    
   978.778015       5.79385233    
   1000.00000       5.71006489    
   1021.22198       5.62810707    
   1066.39392       5.45519447    
   1125.00000       5.23309898    
   1183.60608       5.01329613    
   1228.77795       4.84568882    
   1250.00000       4.76773024    
   1271.22205       4.69180202    
   1316.39392       4.53187799    
   1375.00000       4.32682610    
   1433.60608       4.12422228    
   1478.77795       3.96996212    
   1500.00000       3.89830351    
   1521.22205       3.82873511    
   1566.39392       3.68238616    
   1625.00000       3.49497223    
   1683.60608       3.30999231    
   1728.77795       3.16927671    
   1750.00000       3.10395527    
   1771.22205       3.04064202    
   1816.39392       2.90752673    
   1875.00000       2.73714018    
   1933.60608       2.56900978    
   1978.77795       2.44111657    
   2000.00000       2.38174009    
   2021.22205       2.32415485    
   2066.39380       2.20304132    
   2125.00000       2.04792905    
   2183.60620       1.89474511    
   2228.77808       1.77809453    
   2250.00000       1.72387397    
   2271.22192       1.67110980    
   2316.39380       1.55997050    
   2375.00000       1.41736948    
   2433.60620       1.27624238    
   2478.77808       1.16851449    
   2500.00000       1.11832213    
   2521.22192       1.06915593    
   2566.39380      0.965312004    
   2625.00000      0.831642985    
   2683.60620      0.698897958    
   2728.77808      0.597192645    
   2750.00000      0.549638748    
   2771.22192      0.502614975    
   2816.39380      0.402915895    
   2875.00000      0.274023265    
   2933.60620      0.145445332    
   2978.77808       4.64746319E-02
   3000.00000       5.83949914E-05
