   0.00000000       9.99988651    
   21.2220135       9.90940857    
   66.3938980       9.71662140    
   125.000000       9.46664333    
   183.606094       9.21692944    
   228.777985       9.02475166    
   250.000000       8.93462086    
   271.222015       8.84493256    
   316.393890       8.65443516    
   375.000000       8.40794659    
   433.606110       8.16222954    
   478.777985       7.97352028    
   500.000000       7.88518000    
   521.221985       7.79769659    
   566.393921       7.61222839    
   625.000000       7.37273550    
   683.606079       7.13446951    
   728.778015       6.95184088    
   750.000000       6.86649799    
   771.221985       6.78236437    
   816.393921       6.60431194    
   875.000000       6.37483215    
   933.606079       6.14694786    
   978.778015       5.97258854    
   1000.00000       5.89123917    
   1021.22198       5.81136703    
   1066.39392       5.64259958    
   1125.00000       5.42545128    
   1183.60608       5.21015739    
   1228.77795       5.04567957    
   1250.00000       4.96904182    
   1271.22205       4.89404726    
   1316.39392       4.73578978    
   1375.00000       4.53243780    
   1433.60608       4.33106995    
   1478.77795       4.17740345    
   1500.00000       4.10586977    
   1521.22205       4.03603315    
   1566.39392       3.88878727    
   1625.00000       3.69974732    
   1683.60608       3.51268554    
   1728.77795       3.37001729    
   1750.00000       3.30363154    
   1771.22205       3.23887992    
   1816.39392       3.10239553    
   1875.00000       2.92720747    
   1933.60608       2.75385737    
   1978.77795       2.62162685    
   2000.00000       2.56008196    
   2021.22205       2.49999833    
   2066.39380       2.37329721    
   2125.00000       2.21056390    
   2183.60620       2.04940534    
   2228.77808       1.92634797    
   2250.00000       1.86901093    
   2271.22192       1.81286418    
   2316.39380       1.69431090    
   2375.00000       1.54180074    
   2433.60620       1.39049613    
   2478.77808       1.27473307    
   2500.00000       1.22068965    
   2521.22192       1.16748631    
   2566.39380       1.05490243    
   2625.00000      0.909702420    
   2683.60620      0.765259087    
   2728.77808      0.654426634    
   2750.00000      0.602543652    
   2771.22192      0.551094949    
   2816.39380      0.441906303    
   2875.00000      0.300619394    
   2933.60620      0.159590393    
   2978.77808       5.09986766E-02
   3000.00000       6.40802609E-05
