   0.00000000       9.99988556    
   21.2220135       9.90855503    
   66.3938980       9.71395111    
   125.000000       9.46162319    
   183.606094       9.20957184    
   228.777985       9.01560497    
   250.000000       8.92463970    
   271.222015       8.83413792    
   316.393890       8.64192581    
   375.000000       8.39324093    
   433.606110       8.14536285    
   478.777985       7.95501661    
   500.000000       7.86592197    
   521.221985       7.77772141    
   566.393921       7.59075928    
   625.000000       7.34937859    
   683.606079       7.10927820    
   728.778015       6.92528057    
   750.000000       6.83931446    
   771.221985       6.75461054    
   816.393921       6.57538843    
   875.000000       6.34445858    
   933.606079       6.11519384    
   978.778015       5.93982649    
   1000.00000       5.85802794    
   1021.22198       5.77777100    
   1066.39392       5.60823774    
   1125.00000       5.39017487    
   1183.60608       5.17404604    
   1228.77795       5.00898838    
   1250.00000       4.93210554    
   1271.22205       4.85693693    
   1316.39392       4.69836664    
   1375.00000       4.49469423    
   1433.60608       4.29309082    
   1478.77795       4.13930845    
   1500.00000       4.06774855    
   1521.22205       3.99795818    
   1566.39392       3.85087013    
   1625.00000       3.66212034    
   1683.60608       3.47543240    
   1728.77795       3.33311653    
   1750.00000       3.26692319    
   1771.22205       3.20243311    
   1816.39392       3.06656241    
   1875.00000       2.89224958    
   1933.60608       2.71985197    
   1978.77795       2.58841395    
   2000.00000       2.52726555    
   2021.22205       2.46763921    
   2066.39380       2.34196186    
   2125.00000       2.18062568    
   2183.60620       2.02092981    
   2228.77808       1.89904797    
   2250.00000       1.84228313    
   2271.22192       1.78675783    
   2316.39380       1.66956723    
   2375.00000       1.51887894    
   2433.60620       1.36944616    
   2478.77808       1.25516129    
   2500.00000       1.20182645    
   2521.22192       1.14936638    
   2566.39380       1.03839195    
   2625.00000      0.895315647    
   2683.60620      0.753027320    
   2728.77808      0.643876433    
   2750.00000      0.592791080    
   2771.22192      0.542157948    
   2816.39380      0.434718460    
   2875.00000      0.295716316    
   2933.60620      0.156982675    
   2978.77808       5.01646362E-02
   3000.00000       6.30321374E-05
