   0.00000000       9.99988842    
   21.2220135       9.91100979    
   66.3938980       9.72162819    
   125.000000       9.47605705    
   183.606094       9.23072720    
   228.777985       9.04190540    
   250.000000       8.95333767    
   271.222015       8.86517715    
   316.393890       8.67789650    
   375.000000       8.43552685    
   433.606110       8.19386673    
   478.777985       8.00822735    
   500.000000       7.92130327    
   521.221985       7.83516598    
   566.393921       7.65250206    
   625.000000       7.41655397    
   683.606079       7.18173313    
   728.778015       7.00167608    
   750.000000       6.91750383    
   771.221985       6.83444262    
   816.393921       6.65858746    
   875.000000       6.43183470    
   933.606079       6.20654774    
   978.778015       6.03408480    
   1000.00000       5.95358086    
   1021.22198       5.87443399    
   1066.39392       5.70710850    
   1125.00000       5.49168539    
   1183.60608       5.27796555    
   1228.77795       5.11458349    
   1250.00000       5.03840876    
   1271.22205       4.96374512    
   1316.39392       4.80608034    
   1375.00000       4.60333967    
   1433.60608       4.40242290    
   1478.77795       4.24898052    
   1500.00000       4.17749929    
   1521.22205       4.10757923    
   1566.39392       3.96004295    
   1625.00000       3.77046680    
   1683.60608       3.58271098    
   1728.77795       3.43938708    
   1750.00000       3.37264228    
   1771.22205       3.30740166    
   1816.39392       3.16977000    
   1875.00000       2.99294353    
   1933.60608       2.81780934    
   1978.77795       2.68409467    
   2000.00000       2.62180662    
   2021.22205       2.56086445    
   2066.39380       2.43224216    
   2125.00000       2.26688671    
   2183.60620       2.10298157    
   2228.77808       1.97771621    
   2250.00000       1.91930449    
   2271.22192       1.86198962    
   2316.39380       1.74087489    
   2375.00000       1.58493948    
   2433.60620       1.43011522    
   2478.77808       1.31157231    
   2500.00000       1.25619602    
   2521.22192       1.20159423    
   2566.39380       1.08598208    
   2625.00000      0.936785400    
   2683.60620      0.788286507    
   2728.77808      0.674289107    
   2750.00000      0.620904624    
   2771.22192      0.567920685    
   2816.39380      0.455439091    
   2875.00000      0.309850693    
   2933.60620      0.164500147    
   2978.77808       5.25689907E-02
   3000.00000       6.60536389E-05
