   0.00000000       9.99988747    
   21.2220135       9.91022682    
   66.3938980       9.71917820    
   125.000000       9.47145081    
   183.606094       9.22397614    
   228.777985       9.03351307    
   250.000000       8.94417953    
   271.222015       8.85527229    
   316.393890       8.66641808    
   375.000000       8.42203236    
   433.606110       8.17838669    
   478.777985       7.99124527    
   500.000000       7.90362835    
   521.221985       7.81683207    
   566.393921       7.63279581    
   625.000000       7.39511251    
   683.606079       7.15860558    
   728.778015       6.97728968    
   750.000000       6.89254427    
   771.221985       6.80895805    
   816.393921       6.63202715    
   875.000000       6.40393877    
   933.606079       6.17738008    
   978.778015       6.00398827    
   1000.00000       5.92306995    
   1021.22198       5.84356785    
   1066.39392       5.67553616    
   1125.00000       5.45926714    
   1183.60608       5.24477577    
   1228.77795       5.08085632    
   1250.00000       5.00445461    
   1271.22205       4.92962885    
   1316.39392       4.77167273    
   1375.00000       4.56863165    
   1433.60608       4.36749268    
   1478.77795       4.21393919    
   1500.00000       4.14243221    
   1521.22205       4.07255220    
   1566.39392       3.92515707    
   1625.00000       3.73584223    
   1683.60608       3.54842472    
   1728.77795       3.40542102    
   1750.00000       3.33885169    
   1771.22205       3.27384996    
   1816.39392       3.13677907    
   1875.00000       2.96075368    
   1933.60608       2.78649211    
   1978.77795       2.65350342    
   2000.00000       2.59157896    
   2021.22205       2.53105664    
   2066.39380       2.40337467    
   2125.00000       2.23930264    
   2183.60620       2.07674170    
   2228.77808       1.95255709    
   2250.00000       1.89467156    
   2271.22192       1.83792853    
   2316.39380       1.71806800    
   2375.00000       1.56380975    
   2433.60620       1.41070902    
   2478.77808       1.29352736    
   2500.00000       1.23880374    
   2521.22192       1.18488693    
   2566.39380       1.07075799    
   2625.00000      0.923518777    
   2683.60620      0.777006388    
   2728.77808      0.664559245    
   2750.00000      0.611910224    
   2771.22192      0.559678316    
   2816.39380      0.448809803    
   2875.00000      0.305328548    
   2933.60620      0.162094995    
   2978.77808       5.17997369E-02
   3000.00000       6.50869333E-05
