   0.00000000       9.99988365    
   21.2220135       9.90766239    
   66.3938980       9.71116257    
   125.000000       9.45638180    
   183.606094       9.20188808    
   228.777985       9.00605392    
   250.000000       8.91421795    
   271.222015       8.82286644    
   316.393890       8.62886333    
   375.000000       8.37788677    
   433.606110       8.12775230    
   478.777985       7.93569803    
   500.000000       7.84581566    
   521.221985       7.75686693    
   566.393921       7.56834650    
   625.000000       7.32499552    
   683.606079       7.08298206    
   728.778015       6.89755583    
   750.000000       6.81093979    
   771.221985       6.72564125    
   816.393921       6.54520130    
   875.000000       6.31275988    
   933.606079       6.08205700    
   978.778015       5.90563917    
   1000.00000       5.82337332    
   1021.22198       5.74271584    
   1066.39392       5.57238626    
   1125.00000       5.35337257    
   1183.60608       5.13637638    
   1228.77795       4.97071648    
   1250.00000       4.89357901    
   1271.22205       4.81822920    
   1316.39392       4.65933657    
   1375.00000       4.45533323    
   1433.60608       4.25348759    
   1478.77795       4.09958792    
   1500.00000       4.02800226    
   1521.22205       3.95826125    
   1566.39392       3.81134081    
   1625.00000       3.62289715    
   1683.60608       3.43660283    
   1728.77795       3.29465699    
   1750.00000       3.22866583    
   1771.22205       3.16444945    
   1816.39392       3.02922058    
   1875.00000       2.85582328    
   1933.60608       2.68442178    
   1978.77795       2.55381155    
   2000.00000       2.49307728    
   2021.22205       2.43392873    
   2066.39380       2.30931973    
   2125.00000       2.14944124    
   2183.60620       1.99127114    
   2228.77808       1.87061560    
   2250.00000       1.81444728    
   2271.22192       1.75956988    
   2316.39380       1.64379966    
   2375.00000       1.49501002    
   2433.60620       1.34752762    
   2478.77808       1.23478293    
   2500.00000       1.18218637    
   2521.22192       1.13050044    
   2566.39380       1.02120221    
   2625.00000      0.880337596    
   2683.60620      0.740293264    
   2728.77808      0.632893324    
   2750.00000      0.582638562    
   2771.22192      0.532854497    
   2816.39380      0.427235961    
   2875.00000      0.290612280    
   2933.60620      0.154268086    
   2978.77808       4.92964163E-02
   3000.00000       6.19410639E-05
