   0.00000000       9.99988937    
   21.2220135       9.91176033    
   66.3938980       9.72397518    
   125.000000       9.48046970    
   183.606094       9.23719597    
   228.777985       9.04994678    
   250.000000       8.96211147    
   271.222015       8.87466717    
   316.393890       8.68889523    
   375.000000       8.44845772    
   433.606110       8.20869923    
   478.777985       8.02449894    
   500.000000       7.93823957    
   521.221985       7.85273409    
   566.393921       7.67138529    
   625.000000       7.43710136    
   683.606079       7.20389700    
   728.778015       7.02504683    
   750.000000       6.94142437    
   771.221985       6.85886669    
   816.393921       6.68404388    
   875.000000       6.45857239    
   933.606079       6.23450565    
   978.778015       6.06293440    
   1000.00000       5.98282766    
   1021.22198       5.90402222    
   1066.39392       5.73737574    
   1125.00000       5.52276468    
   1183.60608       5.30978727    
   1228.77795       5.14692116    
   1250.00000       5.07096529    
   1271.22205       4.99645805    
   1316.39392       4.83907461    
   1375.00000       4.63662386    
   1433.60608       4.43592262    
   1478.77795       4.28258801    
   1500.00000       4.21113300    
   1521.22205       4.14117432    
   1566.39392       3.99350476    
   1625.00000       3.80368018    
   1683.60608       3.61560178    
   1728.77795       3.47197270    
   1750.00000       3.40506053    
   1771.22205       3.33959126    
   1816.39392       3.20142293    
   1875.00000       3.02382994    
   1933.60608       2.84786057    
   1978.77795       2.71345043    
   2000.00000       2.65081429    
   2021.22205       2.58946943    
   2066.39380       2.45994616    
   2125.00000       2.29336023    
   2183.60620       2.12816644    
   2228.77808       2.00186491    
   2250.00000       1.94294870    
   2271.22192       1.88508511    
   2316.39380       1.76276731    
   2375.00000       1.60522282    
   2433.60620       1.44874489    
   2478.77808       1.32889557    
   2500.00000       1.27289295    
   2521.22192       1.21763384    
   2566.39380       1.10059798    
   2625.00000      0.949522376    
   2683.60620      0.799116611    
   2728.77808      0.683631003    
   2750.00000      0.629540443    
   2771.22192      0.575834453    
   2816.39380      0.461804152    
   2875.00000      0.314192623    
   2933.60620      0.166809455    
   2978.77808       5.33075929E-02
   3000.00000       6.69818255E-05
