   0.00000000       9.99989033    
   21.2220135       9.91248035    
   66.3938980       9.72622395    
   125.000000       9.48469734    
   183.606094       9.24339294    
   228.777985       9.05765152    
   250.000000       8.97051907    
   271.222015       8.88376141    
   316.393890       8.69943428    
   375.000000       8.46084785    
   433.606110       8.22291183    
   478.777985       8.04009247    
   500.000000       7.95447016    
   521.221985       7.86956978    
   566.393921       7.68948269    
   625.000000       7.45679331    
   683.606079       7.22513914    
   728.778015       7.04744673    
   750.000000       6.96435165    
   771.221985       6.88227606    
   816.393921       6.70844412    
   875.000000       6.48420143    
   933.606079       6.26130581    
   978.778015       6.09059095    
   1000.00000       6.01086521    
   1021.22198       5.93238735    
   1066.39392       5.76639318    
   1125.00000       5.55256271    
   1183.60608       5.34029770    
   1228.77795       5.17792845    
   1250.00000       5.10218239    
   1271.22205       5.02782583    
   1316.39392       4.87071323    
   1375.00000       4.66854286    
   1433.60608       4.46805000    
   1478.77795       4.31482029    
   1500.00000       4.24339056    
   1521.22205       4.17339659    
   1566.39392       4.02560043    
   1625.00000       3.83553958    
   1683.60608       3.64715338    
   1728.77795       3.50323296    
   1750.00000       3.43616080    
   1771.22205       3.37047291    
   1816.39392       3.23179126    
   1875.00000       3.05346394    
   1933.60608       2.87669492    
   1978.77795       2.74161887    
   2000.00000       2.67864919    
   2021.22205       2.61691856    
   2066.39380       2.48653173    
   2125.00000       2.31876636    
   2183.60620       2.15233684    
   2228.77808       2.02504158    
   2250.00000       1.96564150    
   2271.22192       1.90725172    
   2316.39380       1.78377974    
   2375.00000       1.62469149    
   2433.60620       1.46662700    
   2478.77808       1.34552431    
   2500.00000       1.28892064    
   2521.22192       1.23303056    
   2566.39380       1.11462843    
   2625.00000      0.961749375    
   2683.60620      0.809513271    
   2728.77808      0.692599237    
   2750.00000      0.637830973    
   2771.22192      0.583431840    
   2816.39380      0.467914730    
   2875.00000      0.318360984    
   2933.60620      0.169026464    
   2978.77808       5.40166758E-02
   3000.00000       6.78729193E-05
