   0.00000000       9.99989223    
   21.2220135       9.91446304    
   66.3938980       9.73242474    
   125.000000       9.49635506    
   183.606094       9.26048088    
   228.777985       9.07889557    
   250.000000       8.99370003    
   271.222015       8.90883350    
   316.393890       8.72849464    
   375.000000       8.49501324    
   433.606110       8.26210499    
   478.777985       8.08309269    
   500.000000       7.99922657    
   521.221985       7.91599655    
   566.393921       7.73938990    
   625.000000       7.51110268    
   683.606079       7.28372669    
   728.778015       7.10922956    
   750.000000       7.02758932    
   771.221985       6.94684792    
   816.393921       6.77575159    
   875.000000       6.55490494    
   933.606079       6.33524561    
   978.778015       6.16689539    
   1000.00000       6.08822441    
   1021.22198       6.01065302    
   1066.39392       5.84646416    
   1125.00000       5.63479376    
   1183.60608       5.42450428    
   1228.77795       5.26351023    
   1250.00000       5.18834734    
   1271.22205       5.11440945    
   1316.39392       4.95805120    
   1375.00000       4.75666237    
   1433.60608       4.55675364    
   1478.77795       4.40382004    
   1500.00000       4.33246374    
   1521.22205       4.26237440    
   1566.39392       4.11423445    
   1625.00000       3.92352915    
   1683.60608       3.73430204    
   1728.77795       3.58958292    
   1750.00000       3.52207184    
   1771.22205       3.45578289    
   1816.39392       3.31568813    
   1875.00000       3.13534045    
   1933.60608       2.95636868    
   1978.77795       2.81945777    
   2000.00000       2.75556874    
   2021.22205       2.69277430    
   2066.39380       2.56000495    
   2125.00000       2.38898540    
   2183.60620       2.21914577    
   2228.77808       2.08910751    
   2250.00000       2.02837181    
   2271.22192       1.96852875    
   2316.39380       1.84186888    
   2375.00000       1.67851603    
   2433.60620       1.51606798    
   2478.77808       1.39150190    
   2500.00000       1.33323741    
   2521.22192       1.27560353    
   2566.39380       1.15342450    
   2625.00000      0.995559871    
   2683.60620      0.838263631    
   2728.77808      0.717400014    
   2750.00000      0.660757840    
   2771.22192      0.604442060    
   2816.39380      0.484813511    
   2875.00000      0.329888701    
   2933.60620      0.175157681    
   2978.77808       5.59776761E-02
   3000.00000       7.03372716E-05
