   0.00000000       9.99989128    
   21.2220135       9.91316986    
   66.3938980       9.72837925    
   125.000000       9.48874950    
   183.606094       9.24933243    
   228.777985       9.06503582    
   250.000000       8.97857666    
   271.222015       8.89247608    
   316.393890       8.70953465    
   375.000000       8.47272301    
   433.606110       8.23653412    
   478.777985       8.05503750    
   500.000000       7.97002554    
   521.221985       7.88570547    
   566.393921       7.70682764    
   625.000000       7.47566795    
   683.606079       7.24549961    
   728.778015       7.06891727    
   750.000000       6.98632765    
   771.221985       6.90471554    
   816.393921       6.73183346    
   875.000000       6.50877047    
   933.606079       6.28699827    
   978.778015       6.11710453    
   1000.00000       6.03774500    
   1021.22198       5.95958138    
   1066.39392       5.79421377    
   1125.00000       5.58113289    
   1183.60608       5.36955309    
   1228.77795       5.20766020    
   1250.00000       5.13211679    
   1271.22205       5.05790520    
   1316.39392       4.90105343    
   1375.00000       4.69915342    
   1433.60608       4.49886227    
   1478.77795       4.34573412    
   1500.00000       4.27432966    
   1521.22205       4.20430183    
   1566.39392       4.05638504    
   1625.00000       3.86609936    
   1683.60608       3.67741990    
   1728.77795       3.53322101    
   1750.00000       3.46599603    
   1771.22205       3.40009904    
   1816.39392       3.26092553    
   1875.00000       3.08189559    
   1933.60608       2.90436053    
   1978.77795       2.76864648    
   2000.00000       2.70535731    
   2021.22205       2.64325690    
   2066.39380       2.51204205    
   2125.00000       2.34314609    
   2183.60620       2.17553186    
   2228.77808       2.04728365    
   2250.00000       1.98741961    
   2271.22192       1.92852509    
   2316.39380       1.80394590    
   2375.00000       1.64337671    
   2433.60620       1.48379004    
   2478.77808       1.36148465    
   2500.00000       1.30430436    
   2521.22192       1.24780881    
   2566.39380       1.12809551    
   2625.00000      0.973485589    
   2683.60620      0.819492877    
   2728.77808      0.701207757    
   2750.00000      0.645789027    
   2771.22192      0.590724587    
   2816.39380      0.473780334    
   2875.00000      0.322362274    
   2933.60620      0.171154618    
   2978.77808       5.46973385E-02
   3000.00000       6.87282954E-05
