   0.00000000       9.99989128    
   21.2220135       9.91382980    
   66.3938980       9.73044491    
   125.000000       9.49263287    
   183.606094       9.25502491    
   228.777985       9.07211208    
   250.000000       8.98629856    
   271.222015       8.90082836    
   316.393890       8.71921539    
   375.000000       8.48410416    
   433.606110       8.24958992    
   478.777985       8.06936169    
   500.000000       7.98493481    
   521.221985       7.90117121    
   566.393921       7.72345304    
   625.000000       7.49375963    
   683.606079       7.26501703    
   728.778015       7.08949900    
   750.000000       7.00739384    
   771.221985       6.92622614    
   816.393921       6.75425577    
   875.000000       6.53232384    
   933.606079       6.31162977    
   978.778015       6.14252377    
   1000.00000       6.06351566    
   1021.22198       5.98565435    
   1066.39392       5.82088804    
   1125.00000       5.60852671    
   1183.60608       5.39760494    
   1228.77795       5.23617077    
   1250.00000       5.16082144    
   1271.22205       5.08674908    
   1316.39392       4.93014908    
   1375.00000       4.72850943    
   1433.60608       4.52841282    
   1478.77795       4.37538338    
   1500.00000       4.30400324    
   1521.22205       4.23394394    
   1566.39392       4.08591270    
   1625.00000       3.89541245    
   1683.60608       3.70645285    
   1728.77795       3.56198788    
   1750.00000       3.49461675    
   1771.22205       3.42851949    
   1816.39392       3.28887534    
   1875.00000       3.10917258    
   1933.60608       2.93090367    
   1978.77795       2.79457831    
   2000.00000       2.73098278    
   2021.22205       2.66852808    
   2066.39380       2.53651953    
   2125.00000       2.36653948    
   2183.60620       2.19778919    
   2228.77808       2.06862712    
   2250.00000       2.00831819    
   2271.22192       1.94893968    
   2316.39380       1.82329845    
   2375.00000       1.66130853    
   2433.60620       1.50026143    
   2478.77808       1.37680233    
   2500.00000       1.31906867    
   2521.22192       1.26199222    
   2566.39380       1.14102054    
   2625.00000      0.984749734    
   2683.60620      0.829071224    
   2728.77808      0.709470272    
   2750.00000      0.653427243    
   2771.22192      0.597724259    
   2816.39380      0.479410261    
   2875.00000      0.326202810    
   2933.60620      0.173197269    
   2978.77808       5.53506576E-02
   3000.00000       6.95493072E-05
