   0.00000000       9.99989510    
   21.2220135       9.91674519    
   66.3938980       9.73955822    
   125.000000       9.50976658    
   183.606094       9.28013992    
   228.777985       9.10333538    
   250.000000       9.02036762    
   271.222015       8.93767929    
   316.393890       8.76192760    
   375.000000       8.53432178    
   433.606110       8.30720139    
   478.777985       8.13257027    
   500.000000       8.05072594    
   521.221985       7.96941948    
   566.393921       7.79682159    
   625.000000       7.57360411    
   683.606079       7.35115719    
   728.778015       7.18034124    
   750.000000       7.10037851    
   771.221985       7.02117491    
   816.393921       6.85323286    
   875.000000       6.63630390    
   933.606079       6.42037773    
   978.778015       6.25475788    
   1000.00000       6.17730427    
   1021.22198       6.10078001    
   1066.39392       5.93867779    
   1125.00000       5.72950602    
   1183.60608       5.52150202    
   1228.77795       5.36210108    
   1250.00000       5.28761387    
   1271.22205       5.21416283    
   1316.39392       5.05868292    
   1375.00000       4.85820723    
   1433.60608       4.65898323    
   1478.77795       4.50640059    
   1500.00000       4.43513346    
   1521.22205       4.36493826    
   1566.39392       4.21641207    
   1625.00000       4.02497673    
   1683.60608       3.83479190    
   1728.77795       3.68916082    
   1750.00000       3.62114811    
   1771.22205       3.55416989    
   1816.39392       3.41245389    
   1875.00000       3.22978663    
   1933.60608       3.04828453    
   1978.77795       2.90926456    
   2000.00000       2.84431863    
   2021.22205       2.78029966    
   2066.39380       2.64478755    
   2125.00000       2.47002053    
   2183.60620       2.29625344    
   2228.77808       2.16305494    
   2250.00000       2.10078001    
   2271.22192       2.03926134    
   2316.39380       1.90892541    
   2375.00000       1.74065435    
   2433.60620       1.57314992    
   2478.77808       1.44458830    
   2500.00000       1.38440740    
   2521.22192       1.32476103    
   2566.39380       1.19822264    
   2625.00000       1.03460276    
   2683.60620      0.871464849    
   2728.77808      0.746041358    
   2750.00000      0.687235594    
   2771.22192      0.628706455    
   2816.39380      0.504329920    
   2875.00000      0.343202204    
   2933.60620      0.182238773    
   2978.77808       5.82424887E-02
   3000.00000       7.31834225E-05
