   0.00000000       9.99989605    
   21.2220135       9.91725731    
   66.3938980       9.74116135    
   125.000000       9.51278019    
   183.606094       9.28455734    
   228.777985       9.10882759    
   250.000000       9.02636147    
   271.222015       8.94416237    
   316.393890       8.76944160    
   375.000000       8.54315758    
   433.606110       8.31733704    
   478.777985       8.14369106    
   500.000000       8.06230164    
   521.221985       7.98142815    
   566.393921       7.80973148    
   625.000000       7.58765411    
   683.606079       7.36631536    
   728.778015       7.19632816    
   750.000000       7.11674213    
   771.221985       7.03788424    
   816.393921       6.87065268    
   875.000000       6.65460539    
   933.606079       6.43951988    
   978.778015       6.27451420    
   1000.00000       6.19733429    
   1021.22198       6.12104654    
   1066.39392       5.95941401    
   1125.00000       5.75080585    
   1183.60608       5.54331684    
   1228.77795       5.38427544    
   1250.00000       5.30994034    
   1271.22205       5.23659945    
   1316.39392       5.08131838    
   1375.00000       4.88104916    
   1433.60608       4.68198109    
   1478.77795       4.52947855    
   1500.00000       4.45823193    
   1521.22205       4.38801336    
   1566.39392       4.23940134    
   1625.00000       4.04780293    
   1683.60608       3.85740423    
   1728.77795       3.71156907    
   1750.00000       3.64344382    
   1771.22205       3.57631087    
   1816.39392       3.43423128    
   1875.00000       3.25104332    
   1933.60608       3.06897259    
   1978.77795       2.92947912    
   2000.00000       2.86429572    
   2021.22205       2.80000138    
   2066.39380       2.66387272    
   2125.00000       2.48826313    
   2183.60620       2.31361246    
   2228.77808       2.17970324    
   2250.00000       2.11708212    
   2271.22192       2.05518651    
   2316.39380       1.92402339    
   2375.00000       1.75464547    
   2433.60620       1.58600307    
   2478.77808       1.45654213    
   2500.00000       1.39592981    
   2521.22192       1.33583045    
   2566.39380       1.20831048    
   2625.00000       1.04339492    
   2683.60620      0.878941655    
   2728.77808      0.752491415    
   2750.00000      0.693198442    
   2771.22192      0.634170890    
   2816.39380      0.508725107    
   2875.00000      0.346200496    
   2933.60620      0.183833495    
   2978.77808       5.87525442E-02
   3000.00000       7.38243980E-05
