   0.00000000       9.99989414    
   21.2220135       9.91565228    
   66.3938980       9.73614216    
   125.000000       9.50334358    
   183.606094       9.27072525    
   228.777985       9.09163094    
   250.000000       9.00759602    
   271.222015       8.92386436    
   316.393890       8.74591541    
   375.000000       8.51549625    
   433.606110       8.28560352    
   478.777985       8.10887337    
   500.000000       8.02606106    
   521.221985       7.94383287    
   566.393921       7.76931477    
   625.000000       7.54366875    
   683.606079       7.31886005    
   728.778015       7.14628077    
   750.000000       7.06551409    
   771.221985       6.98557377    
   816.393921       6.81612015    
   875.000000       6.59731388    
   933.606079       6.37959862    
   978.778015       6.21267033    
   1000.00000       6.13463306    
   1021.22198       6.05760670    
   1066.39392       5.89450407    
   1125.00000       5.68413401    
   1183.60608       5.47503376    
   1228.77795       5.31486893    
   1250.00000       5.24005747    
   1271.22205       5.16637278    
   1316.39392       5.01047087    
   1375.00000       4.80955648    
   1433.60608       4.61000299    
   1478.77795       4.45725107    
   1500.00000       4.38594055    
   1521.22205       4.31579542    
   1566.39392       4.16745329    
   1625.00000       3.97636652    
   1683.60608       3.78663921    
   1728.77795       3.64144397    
   1750.00000       3.57367110    
   1771.22205       3.50702262    
   1816.39392       3.36608267    
   1875.00000       3.18452597    
   1933.60608       3.00423503    
   1978.77795       2.86622500    
   2000.00000       2.80178523    
   2021.22205       2.73835254    
   2066.39380       2.60415435    
   2125.00000       2.43118238    
   2183.60620       2.25929689    
   2228.77808       2.12761235    
   2250.00000       2.06607485    
   2271.22192       2.00535917    
   2316.39380       1.87678468    
   2375.00000       1.71087039    
   2433.60620       1.54578912    
   2478.77808       1.41914225    
   2500.00000       1.35987973    
   2521.22192       1.30119801    
   2566.39380       1.17674899    
   2625.00000       1.01588774    
   2683.60620      0.855549753    
   2728.77808      0.732311964    
   2750.00000      0.674543262    
   2771.22192      0.617075086    
   2816.39380      0.494974524    
   2875.00000      0.336820215    
   2933.60620      0.178844362    
   2978.77808       5.71568199E-02
   3000.00000       7.18190786E-05
