   0.00000000       9.99989510    
   21.2220135       9.91621017    
   66.3938980       9.73788548    
   125.000000       9.50662231    
   183.606094       9.27553177    
   228.777985       9.09760571    
   250.000000       9.01411629    
   271.222015       8.93091774    
   316.393890       8.75409031    
   375.000000       8.52510738    
   433.606110       8.29662991    
   478.777985       8.12097073    
   500.000000       8.03865337    
   521.221985       7.95689535    
   566.393921       7.78335762    
   625.000000       7.55895138    
   683.606079       7.33534813    
   728.778015       7.16366911    
   750.000000       7.08331251    
   771.221985       7.00374842    
   816.393921       6.83506632    
   875.000000       6.61721802    
   933.606079       6.40041637    
   978.778015       6.23415518    
   1000.00000       6.15641594    
   1021.22198       6.07964611    
   1066.39392       5.91705370    
   1125.00000       5.70729542    
   1183.60608       5.49875450    
   1228.77795       5.33897924    
   1250.00000       5.26433325    
   1271.22205       5.19076729    
   1316.39392       5.03508091    
   1375.00000       4.83439016    
   1433.60608       4.63500452    
   1478.77795       4.48233891    
   1500.00000       4.41105080    
   1521.22205       4.34087992    
   1566.39392       4.19244337    
   1625.00000       4.00117826    
   1683.60608       3.81121707    
   1728.77795       3.66579938    
   1750.00000       3.59790397    
   1771.22205       3.53108692    
   1816.39392       3.38975072    
   1875.00000       3.20762706    
   1933.60608       3.02671766    
   1978.77795       2.88819194    
   2000.00000       2.82349372    
   2021.22205       2.75976181    
   2066.39380       2.62489271    
   2125.00000       2.45100451    
   2183.60620       2.27815843    
   2228.77808       2.14570093    
   2250.00000       2.08378720    
   2271.22192       2.02266169    
   2316.39380       1.89318800    
   2375.00000       1.72607088    
   2433.60620       1.55975282    
   2478.77808       1.43212867    
   2500.00000       1.37239742    
   2521.22192       1.31322336    
   2566.39380       1.18770790    
   2625.00000       1.02543879    
   2683.60620      0.863671899    
   2728.77808      0.739318609    
   2750.00000      0.681020617    
   2771.22192      0.623010993    
   2816.39380      0.499748915    
   2875.00000      0.340077162    
   2933.60620      0.180576652    
   2978.77808       5.77108748E-02
   3000.00000       7.25153513E-05
