   0.00000000       9.99989319    
   21.2220135       9.91507053    
   66.3938980       9.73432255    
   125.000000       9.49992275    
   183.606094       9.26571178    
   228.777985       9.08539772    
   250.000000       9.00079536    
   271.222015       8.91650772    
   316.393890       8.73738861    
   375.000000       8.50547028    
   433.606110       8.27410221    
   478.777985       8.09625530    
   500.000000       8.01292706    
   521.221985       7.93020821    
   566.393921       7.75466776    
   625.000000       7.52772903    
   683.606079       7.30166340    
   728.778015       7.12814522    
   750.000000       7.04695129    
   771.221985       6.96661854    
   816.393921       6.79636049    
   875.000000       6.57655525    
   933.606079       6.35788822    
   978.778015       6.19026375    
   1000.00000       6.11191607    
   1021.22198       6.03462315    
   1066.39392       5.87098837    
   1125.00000       5.65998125    
   1183.60608       5.45029831    
   1228.77795       5.28972769    
   1250.00000       5.21474361    
   1271.22205       5.14093494    
   1316.39392       4.98480940    
   1375.00000       4.78366232    
   1433.60608       4.58393431    
   1478.77795       4.43109322    
   1500.00000       4.35976028    
   1521.22205       4.28964233    
   1566.39392       4.14139891    
   1625.00000       3.95049834    
   1683.60608       3.76101565    
   1728.77795       3.61605310    
   1750.00000       3.54840827    
   1771.22205       3.48193574    
   1816.39392       3.34140921    
   1875.00000       3.16044426    
   1933.60608       2.98079872    
   1978.77795       2.84332657    
   2000.00000       2.77915645    
   2021.22205       2.71603608    
   2066.39380       2.58253717    
   2125.00000       2.41052103    
   2183.60620       2.23963690    
   2228.77808       2.10875821    
   2250.00000       2.04761338    
   2271.22192       1.98732495    
   2316.39380       1.85968781    
   2375.00000       1.69502759    
   2433.60620       1.53123558    
   2478.77808       1.40560746    
   2500.00000       1.34683359    
   2521.22192       1.28866494    
   2566.39380       1.16532743    
   2625.00000       1.00593352    
   2683.60620      0.847084999    
   2728.77808      0.725009739    
   2750.00000      0.667792678    
   2771.22192      0.610888839    
   2816.39380      0.489998758    
   2875.00000      0.333425909    
   2933.60620      0.177039027    
   2978.77808       5.65793999E-02
   3000.00000       7.10934473E-05
