   0.00000000       9.99989796    
   21.2220135       9.91867256    
   66.3938980       9.74558544    
   125.000000       9.52109814    
   183.606094       9.29675102    
   228.777985       9.12398624    
   250.000000       9.04290295    
   271.222015       8.96205425    
   316.393890       8.79018021    
   375.000000       8.56754112    
   433.606110       8.34531116    
   478.777985       8.17438507    
   500.000000       8.09425068    
   521.221985       8.01457024    
   566.393921       7.84536171    
   625.000000       7.62643242    
   683.606079       7.40815401    
   728.778015       7.24045277    
   750.000000       7.16190863    
   771.221985       7.08400631    
   816.393921       6.91873503    
   875.000000       6.70512247    
   933.606079       6.49235821    
   978.778015       6.32905006    
   1000.00000       6.25262785    
   1021.22198       6.17699194    
   1066.39392       6.01665878    
   1125.00000       5.80960703    
   1183.60608       5.60354233    
   1228.77795       5.44549465    
   1250.00000       5.37158108    
   1271.22205       5.29854441    
   1316.39392       5.14381361    
   1375.00000       4.94411755    
   1433.60608       4.74548101    
   1478.77795       4.59320164    
   1500.00000       4.52201223    
   1521.22205       4.45173025    
   1566.39392       4.30288315    
   1625.00000       4.11083698    
   1683.60608       3.91984963    
   1728.77795       3.77345252    
   1750.00000       3.70501757    
   1771.22205       3.63745832    
   1816.39392       3.49437547    
   1875.00000       3.30975103    
   1933.60608       3.12611270    
   1978.77795       2.98531199    
   2000.00000       2.91947317    
   2021.22205       2.85441923    
   2066.39380       2.71658850    
   2125.00000       2.53865290    
   2183.60620       2.36156368    
   2228.77808       2.22569203    
   2250.00000       2.16211486    
   2271.22192       2.09917831    
   2316.39380       1.96573067    
   2375.00000       1.79329598    
   2433.60620       1.62151062    
   2478.77808       1.48956585    
   2500.00000       1.42776215    
   2521.22192       1.36641121    
   2566.39380       1.23618007    
   2625.00000       1.06768513    
   2683.60620      0.899598181    
   2728.77808      0.770311475    
   2750.00000      0.709672570    
   2771.22192      0.649268031    
   2816.39380      0.520868242    
   2875.00000      0.354484230    
   2933.60620      0.188239425    
   2978.77808       6.01617396E-02
   3000.00000       7.55953079E-05
