   0.00000000       9.99989796    
   21.2220135       9.91910648    
   66.3938980       9.74694061    
   125.000000       9.52364635    
   183.606094       9.30048561    
   228.777985       9.12862968    
   250.000000       9.04796982    
   271.222015       8.96753502    
   316.393890       8.79653263    
   375.000000       8.57501030    
   433.606110       8.35388088    
   478.777985       8.18378639    
   500.000000       8.10403633    
   521.221985       8.02472210    
   566.393921       7.85627651    
   625.000000       7.63831186    
   683.606079       7.42097139    
   728.778015       7.25397062    
   750.000000       7.17574549    
   771.221985       7.09813595    
   816.393921       6.93346548    
   875.000000       6.72059917    
   933.606079       6.50854683    
   978.778015       6.34575891    
   1000.00000       6.26956892    
   1021.22198       6.19413233    
   1066.39392       6.03419781    
   1125.00000       5.82762337    
   1183.60608       5.62199593    
   1228.77795       5.46425295    
   1250.00000       5.39046860    
   1271.22205       5.31752539    
   1316.39392       5.16296339    
   1375.00000       4.96344376    
   1433.60608       4.76494026    
   1478.77795       4.61272907    
   1500.00000       4.54155827    
   1521.22205       4.47125673    
   1566.39392       4.32233810    
   1625.00000       4.13015509    
   1683.60608       3.93898773    
   1728.77795       3.79241896    
   1750.00000       3.72388935    
   1771.22205       3.65619969    
   1816.39392       3.51280951    
   1875.00000       3.32774544    
   1933.60608       3.14362717    
   1978.77795       3.00242615    
   2000.00000       2.93638659    
   2021.22205       2.87109995    
   2066.39380       2.73274755    
   2125.00000       2.55409932    
   2183.60620       2.37626290    
   2228.77808       2.23978996    
   2250.00000       2.17591977    
   2271.22192       2.11266422    
   2316.39380       1.97851658    
   2375.00000       1.80514503    
   2433.60620       1.63239634    
   2478.77808       1.49969018    
   2500.00000       1.43752122    
   2521.22192       1.37578678    
   2566.39380       1.24472439    
   2625.00000       1.07513213    
   2683.60620      0.905931294    
   2728.77808      0.775775015    
   2750.00000      0.714723468    
   2771.22192      0.653896749    
   2816.39380      0.524591267    
   2875.00000      0.357024014    
   2933.60620      0.189590275    
   2978.77808       6.05937913E-02
   3000.00000       7.61382616E-05
