   0.00000000       9.99989700    
   21.2220135       9.91774940    
   66.3938980       9.74269772    
   125.000000       9.51566982    
   183.606094       9.28879356    
   228.777985       9.11409473    
   250.000000       9.03210831    
   271.222015       8.95037842    
   316.393890       8.77664661    
   375.000000       8.55162907    
   433.606110       8.32705593    
   478.777985       8.15435505    
   500.000000       8.07340145    
   521.221985       7.99294233    
   566.393921       7.82211018    
   625.000000       7.60112619    
   683.606079       7.38085079    
   728.778015       7.21165752    
   750.000000       7.13243341    
   771.221985       7.05390739    
   816.393921       6.88735676    
   875.000000       6.67215490    
   933.606079       6.45787525    
   978.778015       6.29345942    
   1000.00000       6.21654272    
   1021.22198       6.14048100    
   1066.39392       5.97930002    
   1125.00000       5.77123213    
   1183.60608       5.56423759    
   1228.77795       5.40554094    
   1250.00000       5.33135223    
   1271.22205       5.25811672    
   1316.39392       5.10302639    
   1375.00000       4.90295649    
   1433.60608       4.70403767    
   1478.77795       4.55161238    
   1500.00000       4.48038578    
   1521.22205       4.41014481    
   1566.39392       4.26145077    
   1625.00000       4.06969643    
   1683.60608       3.87909317    
   1728.77795       3.73306251    
   1750.00000       3.66482973    
   1771.22205       3.59754848    
   1816.39392       3.45512009    
   1875.00000       3.27143288    
   1933.60608       3.08881760    
   1978.77795       2.94886994    
   2000.00000       2.88345861    
   2021.22205       2.81890059    
   2066.39380       2.68218040    
   2125.00000       2.50576282    
   2183.60620       2.33026528    
   2228.77808       2.19567418    
   2250.00000       2.13272095    
   2271.22192       2.07046390    
   2316.39380       1.93850732    
   2375.00000       1.76806772    
   2433.60620       1.59833372    
   2478.77808       1.46801019    
   2500.00000       1.40698409    
   2521.22192       1.34645009    
   2566.39380       1.21798849    
   2625.00000       1.05182993    
   2683.60620      0.886114776    
   2728.77808      0.758679569    
   2750.00000      0.698919177    
   2771.22192      0.639413476    
   2816.39380      0.512941897    
   2875.00000      0.349077046    
   2933.60620      0.185363472    
   2978.77808       5.92418909E-02
   3000.00000       7.44393546E-05
