   0.00000000       9.99989700    
   21.2220135       9.91822052    
   66.3938980       9.74417210    
   125.000000       9.51844120    
   183.606094       9.29285622    
   228.777985       9.11914444    
   250.000000       9.03761864    
   271.222015       8.95633888    
   316.393890       8.78355503    
   375.000000       8.55975151    
   433.606110       8.33637524    
   478.777985       8.16457939    
   500.000000       8.08404446    
   521.221985       8.00398254    
   566.393921       7.83397961    
   625.000000       7.61404467    
   683.606079       7.39478874    
   728.778015       7.22635698    
   750.000000       7.14748001    
   771.221985       7.06927252    
   816.393921       6.90337467    
   875.000000       6.68898392    
   933.606079       6.47547817    
   978.778015       6.31162739    
   1000.00000       6.23496294    
   1021.22198       6.15911865    
   1066.39392       5.99837017    
   1125.00000       5.79082060    
   1183.60608       5.58430099    
   1228.77795       5.42593575    
   1250.00000       5.35188723    
   1271.22205       5.27875280    
   1316.39392       5.12384605    
   1375.00000       4.92396688    
   1433.60608       4.72519207    
   1478.77795       4.57284117    
   1500.00000       4.50163364    
   1521.22205       4.43137169    
   1566.39392       4.28259945    
   1625.00000       4.09069586    
   1683.60608       3.89989614    
   1728.77795       3.75367856    
   1750.00000       3.68534255    
   1771.22205       3.61791921    
   1816.39392       3.47515678    
   1875.00000       3.29099107    
   1933.60608       3.10785341    
   1978.77795       2.96747017    
   2000.00000       2.90184069    
   2021.22205       2.83702946    
   2066.39380       2.69974232    
   2125.00000       2.52254987    
   2183.60620       2.34623981    
   2228.77808       2.21099520    
   2250.00000       2.14772344    
   2271.22192       2.08511949    
   2316.39380       1.95240188    
   2375.00000       1.78094399    
   2433.60620       1.61016297    
   2478.77808       1.47901189    
   2500.00000       1.41758883    
   2521.22192       1.35663795    
   2566.39380       1.22727323    
   2625.00000       1.05992210    
   2683.60620      0.892996430    
   2728.77808      0.764616251    
   2750.00000      0.704407454    
   2771.22192      0.644442976    
   2816.39380      0.516987324    
   2875.00000      0.351836771    
   2933.60620      0.186831295    
   2978.77808       5.97113594E-02
   3000.00000       7.50293257E-05
