   0.00000000       9.99989891    
   21.2220135       9.91952133    
   66.3938980       9.74823952    
   125.000000       9.52608967    
   183.606094       9.30406666    
   228.777985       9.13308239    
   250.000000       9.05282784    
   271.222015       8.97278976    
   316.393890       8.80262375    
   375.000000       8.58217239    
   433.606110       8.36209774    
   478.777985       8.19280243    
   500.000000       8.11342144    
   521.221985       8.03445816    
   566.393921       7.86674356    
   625.000000       7.64970350    
   683.606079       7.43326235    
   728.778015       7.26693344    
   750.000000       7.18901443    
   771.221985       7.11168575    
   816.393921       6.94759178    
   875.000000       6.73544168    
   933.606079       6.52407122    
   978.778015       6.36178255    
   1000.00000       6.28581524    
   1021.22198       6.21057081    
   1066.39392       6.05101824    
   1125.00000       5.84490204    
   1183.60608       5.63969374    
   1228.77795       5.48224306    
   1250.00000       5.40858316    
   1271.22205       5.33572960    
   1316.39392       5.18132973    
   1375.00000       4.98197937    
   1433.60608       4.78360319    
   1478.77795       4.63145828    
   1500.00000       4.56030464    
   1521.22205       4.48998499    
   1566.39392       4.34099722    
   1625.00000       4.14868402    
   1683.60608       3.95734406    
   1728.77795       3.81061077    
   1750.00000       3.74199033    
   1771.22205       3.67417550    
   1816.39392       3.53049088    
   1875.00000       3.34500504    
   1933.60608       3.16042662    
   1978.77795       3.01884174    
   2000.00000       2.95260978    
   2021.22205       2.88709998    
   2066.39380       2.74824762    
   2125.00000       2.56891584    
   2183.60620       2.39036298    
   2228.77808       2.25331330    
   2250.00000       2.18916225    
   2271.22192       2.12560058    
   2316.39380       1.99078131    
   2375.00000       1.81651115    
   2433.60620       1.64283848    
   2478.77808       1.50940204    
   2500.00000       1.44688284    
   2521.22192       1.38478029    
   2566.39380       1.25292075    
   2625.00000       1.08227587    
   2683.60620      0.912006497    
   2728.77808      0.781016052    
   2750.00000      0.719568670    
   2771.22192      0.658336997    
   2816.39380      0.528162718    
   2875.00000      0.359460384    
   2933.60620      0.190886125    
   2978.77808       6.10082597E-02
   3000.00000       7.66591183E-05
