   0.00000000       9.99989891    
   21.2220135       9.91991997    
   66.3938980       9.74948597    
   125.000000       9.52843189    
   183.606094       9.30750179    
   228.777985       9.13735199    
   250.000000       9.05748749    
   271.222015       8.97782993    
   316.393890       8.80846500    
   375.000000       8.58904076    
   433.606110       8.36997795    
   478.777985       8.20144939    
   500.000000       8.12242126    
   521.221985       8.04379463    
   566.393921       7.87678099    
   625.000000       7.66062784    
   683.606079       7.44504929    
   728.778015       7.27936506    
   750.000000       7.20173931    
   771.221985       7.12468052    
   816.393921       6.96113920    
   875.000000       6.74967527    
   933.606079       6.53895950    
   978.778015       6.37715006    
   1000.00000       6.30139589    
   1021.22198       6.22633553    
   1066.39392       6.06714964    
   1125.00000       5.86147261    
   1183.60608       5.65666676    
   1228.77795       5.49949694    
   1250.00000       5.42595577    
   1271.22205       5.35318851    
   1316.39392       5.19894457    
   1375.00000       4.99975634    
   1433.60608       4.80150318    
   1478.77795       4.64942169    
   1500.00000       4.57828426    
   1521.22205       4.50794697    
   1566.39392       4.35889387    
   1625.00000       4.16645527    
   1683.60608       3.97495031    
   1728.77795       3.82805920    
   1750.00000       3.75935173    
   1771.22205       3.69141698    
   1816.39392       3.54745030    
   1875.00000       3.36156011    
   1933.60608       3.17654037    
   1978.77795       3.03458738    
   2000.00000       2.96817088    
   2021.22205       2.90244699    
   2066.39380       2.76311517    
   2125.00000       2.58312798    
   2183.60620       2.40388775    
   2228.77808       2.26628494    
   2250.00000       2.20186448    
   2271.22192       2.13800931    
   2316.39380       2.00254607    
   2375.00000       1.82741404    
   2433.60620       1.65285504    
   2478.77808       1.51871824    
   2500.00000       1.45586300    
   2521.22192       1.39340746    
   2566.39380       1.26078320    
   2625.00000       1.08912849    
   2683.60620      0.917834163    
   2728.77808      0.786043584    
   2750.00000      0.724216521    
   2771.22192      0.662596345    
   2816.39380      0.531588674    
   2875.00000      0.361797512    
   2933.60620      0.192129180    
   2978.77808       6.14058413E-02
   3000.00000       7.71587511E-05
