   0.00000000       9.99989986    
   21.2220135       9.92030239    
   66.3938980       9.75068092    
   125.000000       9.53067875    
   183.606094       9.31079483    
   228.777985       9.14144707    
   250.000000       9.06195545    
   271.222015       8.98266315    
   316.393890       8.81406689    
   375.000000       8.59562778    
   433.606110       8.37753487    
   478.777985       8.20974064    
   500.000000       8.13105202    
   521.221985       8.05274773    
   566.393921       7.88640642    
   625.000000       7.67110443    
   683.606079       7.45635319    
   728.778015       7.29128647    
   750.000000       7.21394300    
   771.221985       7.13714218    
   816.393921       6.97413111    
   875.000000       6.76332569    
   933.606079       6.55323792    
   978.778015       6.39188766    
   1000.00000       6.31633854    
   1021.22198       6.24145460    
   1066.39392       6.08262062    
   1125.00000       5.87736511    
   1183.60608       5.67294502    
   1228.77795       5.51604414    
   1250.00000       5.44261789    
   1271.22205       5.36993265    
   1316.39392       5.21583843    
   1375.00000       5.01680660    
   1433.60608       4.81867075    
   1478.77795       4.66665030    
   1500.00000       4.59552908    
   1521.22205       4.52517509    
   1566.39392       4.37605906    
   1625.00000       4.18350029    
   1683.60608       3.99183726    
   1728.77795       3.84479499    
   1750.00000       3.77600408    
   1771.22205       3.70795441    
   1816.39392       3.56371689    
   1875.00000       3.37743902    
   1933.60608       3.19199610    
   1978.77795       3.04969049    
   2000.00000       2.98309684    
   2021.22205       2.91716766    
   2066.39380       2.77737594    
   2125.00000       2.59676027    
   2183.60620       2.41686082    
   2228.77808       2.27872753    
   2250.00000       2.21404862    
   2271.22192       2.14991212    
   2316.39380       2.01383090    
   2375.00000       1.83787215    
   2433.60620       1.66246319    
   2478.77808       1.52765453    
   2500.00000       1.46447694    
   2521.22192       1.40168285    
   2566.39380       1.26832497    
   2625.00000       1.09570193    
   2683.60620      0.923424304    
   2728.77808      0.790866256    
   2750.00000      0.728674948    
   2771.22192      0.666682124    
   2816.39380      0.534875035    
   2875.00000      0.364039391    
   2933.60620      0.193321586    
   2978.77808       6.17872216E-02
   3000.00000       7.76380257E-05
