   0.00000000       9.99990082    
   21.2220135       9.92135811    
   66.3938980       9.75397968    
   125.000000       9.53688145    
   183.606094       9.31988716    
   228.777985       9.15275097    
   250.000000       9.07429028    
   271.222015       8.99600506    
   316.393890       8.82953167    
   375.000000       8.61381149    
   433.606110       8.39839745    
   478.777985       8.23263073    
   500.000000       8.15487862    
   521.221985       8.07746506    
   566.393921       7.91298056    
   625.000000       7.70002747    
   683.606079       7.48756027    
   728.778015       7.32420015    
   750.000000       7.24763393    
   771.221985       7.17154646    
   816.393921       7.00999975    
   875.000000       6.80101299    
   933.606079       6.59265947    
   978.778015       6.43257713    
   1000.00000       6.35759401    
   1021.22198       6.28319788    
   1066.39392       6.12533522    
   1125.00000       5.92124462    
   1183.60608       5.71789026    
   1228.77795       5.56173372    
   1250.00000       5.48862267    
   1271.22205       5.41616631    
   1316.39392       5.26248503    
   1375.00000       5.06388426    
   1433.60608       4.86607456    
   1478.77795       4.71422291    
   1500.00000       4.64314604    
   1521.22205       4.57274580    
   1566.39392       4.42345715    
   1625.00000       4.23056746    
   1683.60608       4.03846836    
   1728.77795       3.89100909    
   1750.00000       3.82198811    
   1771.22205       3.75362110    
   1816.39392       3.60863686    
   1875.00000       3.42128921    
   1933.60608       3.23467827    
   1978.77795       3.09139848    
   2000.00000       3.02431655    
   2021.22205       2.95782065    
   2066.39380       2.81675911    
   2125.00000       2.63440776    
   2183.60620       2.45268869    
   2228.77808       2.31309080    
   2250.00000       2.24769807    
   2271.22192       2.18278408    
   2316.39380       2.04499722    
   2375.00000       1.86675560    
   2433.60620       1.68899906    
   2478.77808       1.55233502    
   2500.00000       1.48826742    
   2521.22192       1.42453825    
   2566.39380       1.28915465    
   2625.00000       1.11385667    
   2683.60620      0.938863754    
   2728.77808      0.804185927    
   2750.00000      0.740988731    
   2771.22192      0.677966714    
   2816.39380      0.543951631    
   2875.00000      0.370231271    
   2933.60620      0.196614936    
   2978.77808       6.28405735E-02
   3000.00000       7.89617479E-05
