   0.00000000       9.99989986    
   21.2220135       9.92066860    
   66.3938980       9.75182724    
   125.000000       9.53283405    
   183.606094       9.31395340    
   228.777985       9.14537334    
   250.000000       9.06624031    
   271.222015       8.98729706    
   316.393890       8.81943893    
   375.000000       8.60194492    
   433.606110       8.38478184    
   478.777985       8.21769238    
   500.000000       8.13932896    
   521.221985       8.06133366    
   566.393921       7.89563799    
   625.000000       7.68115139    
   683.606079       7.46719360    
   728.778015       7.30272007    
   750.000000       7.22564602    
   771.221985       7.14909315    
   816.393921       6.98659039    
   875.000000       6.77641726    
   933.606079       6.56693172    
   978.778015       6.40602160    
   1000.00000       6.33066940    
   1021.22198       6.25595474    
   1066.39392       6.09745789    
   1125.00000       5.89260674    
   1183.60608       5.68855715    
   1228.77795       5.53191471    
   1250.00000       5.45859766    
   1271.22205       5.38599205    
   1316.39392       5.23204088    
   1375.00000       5.03315878    
   1433.60608       4.83513594    
   1478.77795       4.68317461    
   1500.00000       4.61206818    
   1521.22205       4.54169846    
   1566.39392       4.39252234    
   1625.00000       4.19984818    
   1683.60608       4.00803375    
   1728.77795       3.86084676    
   1750.00000       3.79197598    
   1771.22205       3.72381592    
   1816.39392       3.57931900    
   1875.00000       3.39266968    
   1933.60608       3.20682073    
   1978.77795       3.06417656    
   2000.00000       2.99741340    
   2021.22205       2.93128753    
   2066.39380       2.79105473    
   2125.00000       2.60983586    
   2183.60620       2.42930460    
   2228.77808       2.29066253    
   2250.00000       2.22573566    
   2271.22192       2.16132903    
   2316.39380       2.02465558    
   2375.00000       1.84790373    
   2433.60620       1.67167938    
   2478.77808       1.53622627    
   2500.00000       1.47273958    
   2521.22192       1.40962076    
   2566.39380       1.27555931    
   2625.00000       1.10200727    
   2683.60620      0.928786576    
   2728.77808      0.795492232    
   2750.00000      0.732951641    
   2771.22192      0.670601368    
   2816.39380      0.538027406    
   2875.00000      0.366189867    
   2933.60620      0.194465384    
   2978.77808       6.21530563E-02
   3000.00000       7.80977643E-05
