   0.00000000       9.99990082    
   21.2220135       9.92102051    
   66.3938980       9.75292587    
   125.000000       9.53489971    
   183.606094       9.31698227    
   228.777985       9.14913940    
   250.000000       9.07034969    
   271.222015       8.99174213    
   316.393890       8.82459164    
   375.000000       8.60800266    
   433.606110       8.39173222    
   478.777985       8.22531796    
   500.000000       8.14726639    
   521.221985       8.06956768    
   566.393921       7.90449047    
   625.000000       7.69078684    
   683.606079       7.47758961    
   728.778015       7.31368446    
   750.000000       7.23686981    
   771.221985       7.16055489    
   816.393921       6.99853992    
   875.000000       6.78897238    
   933.606079       6.58006430    
   978.778015       6.41957712    
   1000.00000       6.34441280    
   1021.22198       6.26986074    
   1066.39392       6.11168814    
   1125.00000       5.90722466    
   1183.60608       5.70352983    
   1228.77795       5.54713535    
   1250.00000       5.47392368    
   1271.22205       5.40139389    
   1316.39392       5.24758101    
   1375.00000       5.04884243    
   1433.60608       4.85092831    
   1478.77795       4.69902277    
   1500.00000       4.62793159    
   1521.22205       4.55754614    
   1566.39392       4.40831232    
   1625.00000       4.21552849    
   1683.60608       4.02356863    
   1728.77795       3.87624240    
   1750.00000       3.80729508    
   1771.22205       3.73902941    
   1816.39392       3.59428358    
   1875.00000       3.40727782    
   1933.60608       3.22104001    
   1978.77795       3.07807136    
   2000.00000       3.01114535    
   2021.22205       2.94483066    
   2066.39380       2.80417490    
   2125.00000       2.62237787    
   2183.60620       2.44124031    
   2228.77808       2.30211020    
   2250.00000       2.23694563    
   2271.22192       2.17228007    
   2316.39380       2.03503823    
   2375.00000       1.85752606    
   2433.60620       1.68051970    
   2478.77808       1.54444838    
   2500.00000       1.48066521    
   2521.22192       1.41723478    
   2566.39380       1.28249848    
   2625.00000       1.10805535    
   2683.60620      0.933930099    
   2728.77808      0.799929619    
   2750.00000      0.737053871    
   2771.22192      0.674360693    
   2816.39380      0.541051209    
   2875.00000      0.368252635    
   2933.60620      0.195562541    
   2978.77808       6.25039712E-02
   3000.00000       7.85387529E-05
