   0.00000000       9.99990177    
   21.2220135       9.92199135    
   66.3938980       9.75596046    
   125.000000       9.54060459    
   183.606094       9.32534409    
   228.777985       9.15953541    
   250.000000       9.08169365    
   271.222015       9.00401306    
   316.393890       8.83881474    
   375.000000       8.62472630    
   433.606110       8.41091919    
   478.777985       8.24637127    
   500.000000       8.16917992    
   521.221985       8.09230137    
   566.393921       7.92893219    
   625.000000       7.71738911    
   683.606079       7.50629282    
   728.778015       7.34395742    
   750.000000       7.26785755    
   771.221985       7.19219875    
   816.393921       7.03153086    
   875.000000       6.82363653    
   933.606079       6.61632395    
   978.778015       6.45700312    
   1000.00000       6.38235998    
   1021.22198       6.30825615    
   1066.39392       6.15097761    
   1125.00000       5.94758606    
   1183.60608       5.74487209    
   1228.77795       5.58916235    
   1250.00000       5.51624107    
   1271.22205       5.44392157    
   1316.39392       5.29048920    
   1375.00000       5.09214783    
   1433.60608       4.89453363    
   1478.77795       4.74278450    
   1500.00000       4.67173386    
   1521.22205       4.60130644    
   1566.39392       4.45191383    
   1625.00000       4.25882626    
   1683.60608       4.06646538    
   1728.77795       3.91875625    
   1750.00000       3.84959745    
   1771.22205       3.78104019    
   1816.39392       3.63560748    
   1875.00000       3.44761801    
   1933.60608       3.26030612    
   1978.77795       3.11644173    
   2000.00000       3.04906631    
   2021.22205       2.98223042    
   2066.39380       2.84040689    
   2125.00000       2.65701365    
   2183.60620       2.47420216    
   2228.77808       2.33372474    
   2250.00000       2.26790380    
   2271.22192       2.20252299    
   2316.39380       2.06371188    
   2375.00000       1.88409960    
   2433.60620       1.70493364    
   2478.77808       1.56715548    
   2500.00000       1.50255346    
   2521.22192       1.43826282    
   2566.39380       1.30166280    
   2625.00000       1.12475872    
   2683.60620      0.948135257    
   2728.77808      0.812184513    
   2750.00000      0.748383284    
   2771.22192      0.684743226    
   2816.39380      0.549402237    
   2875.00000      0.373949587    
   2933.60620      0.198592633    
   2978.77808       6.34731203E-02
   3000.00000       7.97566609E-05
