   0.00000000       9.99990273    
   21.2220135       9.92284679    
   66.3938980       9.75863647    
   125.000000       9.54563618    
   183.606094       9.33272076    
   228.777985       9.16870594    
   250.000000       9.09170055    
   271.222015       9.01483727    
   316.393890       8.85136127    
   375.000000       8.63947868    
   433.606110       8.42784500    
   478.777985       8.26494217    
   500.000000       8.18851089    
   521.221985       8.11235523    
   566.393921       7.95049238    
   625.000000       7.74085522    
   683.606079       7.53161240    
   728.778015       7.37066221    
   750.000000       7.29519367    
   771.221985       7.22011375    
   816.393921       7.06063414    
   875.000000       6.85421562    
   933.606079       6.64831066    
   978.778015       6.49001980    
   1000.00000       6.41583586    
   1021.22198       6.34212780    
   1066.39392       6.18563843    
   1125.00000       5.98319244    
   1183.60608       5.78134489    
   1228.77795       5.62623882    
   1250.00000       5.55357456    
   1271.22205       5.48144054    
   1316.39392       5.32834435    
   1375.00000       5.13035393    
   1433.60608       4.93300533    
   1478.77795       4.78139353    
   1500.00000       4.71037960    
   1521.22205       4.63991499    
   1566.39392       4.49038315    
   1625.00000       4.29702759    
   1683.60608       4.10431385    
   1728.77795       3.95626712    
   1750.00000       3.88692164    
   1771.22205       3.81810713    
   1816.39392       3.67206907    
   1875.00000       3.48321199    
   1933.60608       3.29495287    
   1978.77795       3.15029812    
   2000.00000       3.08252668    
   2021.22205       3.01523113    
   2066.39380       2.87237716    
   2125.00000       2.68757558    
   2183.60620       2.50328732    
   2228.77808       2.36162138    
   2250.00000       2.29522133    
   2271.22192       2.22920966    
   2316.39380       2.08901405    
   2375.00000       1.90754867    
   2433.60620       1.72647715    
   2478.77808       1.58719301    
   2500.00000       1.52186847    
   2521.22192       1.45681870    
   2566.39380       1.31857407    
   2625.00000       1.13949847    
   2683.60620      0.960670590    
   2728.77808      0.822998881    
   2750.00000      0.758381009    
   2771.22192      0.693905354    
   2816.39380      0.556771696    
   2875.00000      0.378976911    
   2933.60620      0.201266557    
   2978.77808       6.43283501E-02
   3000.00000       8.08314217E-05
