   0.00000000       9.99990273    
   21.2220135       9.92257309    
   66.3938980       9.75778198    
   125.000000       9.54402828    
   183.606094       9.33036423    
   228.777985       9.16577625    
   250.000000       9.08850288    
   271.222015       9.01137924    
   316.393890       8.84735203    
   375.000000       8.63476562    
   433.606110       8.42243767    
   478.777985       8.25900841    
   500.000000       8.18233490    
   521.221985       8.10594749    
   566.393921       7.94360352    
   625.000000       7.73335791    
   683.606079       7.52352285    
   728.778015       7.36212969    
   750.000000       7.28645945    
   771.221985       7.21119452    
   816.393921       7.05133533    
   875.000000       6.84444523    
   933.606079       6.63809061    
   978.778015       6.47947073    
   1000.00000       6.40513992    
   1021.22198       6.33130550    
   1066.39392       6.17456388    
   1125.00000       5.97181606    
   1183.60608       5.76969147    
   1228.77795       5.61439276    
   1250.00000       5.54164600    
   1271.22205       5.46945286    
   1316.39392       5.31624889    
   1375.00000       5.11814642    
   1433.60608       4.92071295    
   1478.77795       4.76905727    
   1500.00000       4.69803143    
   1521.22205       4.62757874    
   1566.39392       4.47809172    
   1625.00000       4.28482151    
   1683.60608       4.09222078    
   1728.77795       3.94428158    
   1750.00000       3.87499571    
   1771.22205       3.80626345    
   1816.39392       3.66041875    
   1875.00000       3.47183895    
   1933.60608       3.28388238    
   1978.77795       3.13948011    
   2000.00000       3.07183528    
   2021.22205       3.00468659    
   2066.39380       2.86216164    
   2125.00000       2.67781019    
   2183.60620       2.49399376    
   2228.77808       2.35270762    
   2250.00000       2.28649259    
   2271.22192       2.22068262    
   2316.39380       2.08092928    
   2375.00000       1.90005589    
   2433.60620       1.71959329    
   2478.77808       1.58079028    
   2500.00000       1.51569676    
   2521.22192       1.45088947    
   2566.39380       1.31317031    
   2625.00000       1.13478863    
   2683.60620      0.956665099    
   2728.77808      0.819543302    
   2750.00000      0.755186379    
   2771.22192      0.690977693    
   2816.39380      0.554416895    
   2875.00000      0.377370507    
   2933.60620      0.200412139    
   2978.77808       6.40550703E-02
   3000.00000       8.04879965E-05
