   0.00000000       9.99990273    
   21.2220135       9.92228794    
   66.3938980       9.75689030    
   125.000000       9.54235268    
   183.606094       9.32790661    
   228.777985       9.16272068    
   250.000000       9.08516979    
   271.222015       9.00777340    
   316.393890       8.84317303    
   375.000000       8.62985134    
   433.606110       8.41679859    
   478.777985       8.25282192    
   500.000000       8.17589474    
   521.221985       8.09926701    
   566.393921       7.93642139    
   625.000000       7.72554016    
   683.606079       7.51508760    
   728.778015       7.35323334    
   750.000000       7.27735281    
   771.221985       7.20189524    
   816.393921       7.04163980    
   875.000000       6.83425808    
   933.606079       6.62743473    
   978.778015       6.46847153    
   1000.00000       6.39398813    
   1021.22198       6.32002163    
   1066.39392       6.16301727    
   1125.00000       5.95995378    
   1183.60608       5.75754070    
   1228.77795       5.60204077    
   1250.00000       5.52920866    
   1271.22205       5.45695400    
   1316.39392       5.30363798    
   1375.00000       5.10541868    
   1433.60608       4.90789652    
   1478.77795       4.75619507    
   1500.00000       4.68515730    
   1521.22205       4.61471653    
   1566.39392       4.46527576    
   1625.00000       4.27209520    
   1683.60608       4.07961178    
   1728.77795       3.93178511    
   1750.00000       3.86256146    
   1771.22205       3.79391479    
   1816.39392       3.64827180    
   1875.00000       3.45998120    
   1933.60608       3.27234006    
   1978.77795       3.12820125    
   2000.00000       3.06068826    
   2021.22205       2.99369264    
   2066.39380       2.85151124    
   2125.00000       2.66762877    
   2183.60620       2.48430419    
   2228.77808       2.34341407    
   2250.00000       2.27739191    
   2271.22192       2.21179199    
   2316.39380       2.07249999    
   2375.00000       1.89224410    
   2433.60620       1.71241629    
   2478.77808       1.57411504    
   2500.00000       1.50926208    
   2521.22192       1.44470775    
   2566.39380       1.30753648    
   2625.00000       1.12987816    
   2683.60620      0.952489078    
   2728.77808      0.815940559    
   2750.00000      0.751855731    
   2771.22192      0.687925458    
   2816.39380      0.551961839    
   2875.00000      0.375695705    
   2933.60620      0.199521348    
   2978.77808       6.37701601E-02
   3000.00000       8.01299539E-05
