   0.00000000       9.99990177    
   21.2220135       9.92168140    
   66.3938980       9.75499058    
   125.000000       9.53878212    
   183.606094       9.32267284    
   228.777985       9.15621376    
   250.000000       9.07806969    
   271.222015       9.00009251    
   316.393890       8.83427048    
   375.000000       8.61938286    
   433.606110       8.40478897    
   478.777985       8.23964500    
   500.000000       8.16217899    
   521.221985       8.08503819    
   566.393921       7.92112303    
   625.000000       7.70888996    
   683.606079       7.49712229    
   728.778015       7.33428526    
   750.000000       7.25795698    
   771.221985       7.18208838    
   816.393921       7.02099037    
   875.000000       6.81256104    
   933.606079       6.60473871    
   978.778015       6.44504547    
   1000.00000       6.37023592    
   1021.22198       6.29598856    
   1066.39392       6.13842440    
   1125.00000       5.93469048    
   1183.60608       5.73166275    
   1228.77795       5.57573414    
   1250.00000       5.50272036    
   1271.22205       5.43033361    
   1316.39392       5.27677917    
   1375.00000       5.07831097    
   1433.60608       4.88060093    
   1478.77795       4.72880173    
   1500.00000       4.65773821    
   1521.22205       4.58732414    
   1566.39392       4.43798256    
   1625.00000       4.24499178    
   1683.60608       4.05275917    
   1728.77795       3.90517211    
   1750.00000       3.83608079    
   1771.22205       3.76761675    
   1816.39392       3.62240338    
   1875.00000       3.43472815    
   1933.60608       3.24775958    
   1978.77795       3.10418105    
   2000.00000       3.03694940    
   2021.22205       2.97028017    
   2066.39380       2.82882953    
   2125.00000       2.64594626    
   2183.60620       2.46366954    
   2228.77808       2.32362270    
   2250.00000       2.25801158    
   2271.22192       2.19285941    
   2316.39380       2.05454969    
   2375.00000       1.87560833    
   2433.60620       1.69713235    
   2478.77808       1.55989969    
   2500.00000       1.49555933    
   2521.22192       1.43154347    
   2566.39380       1.29553902    
   2625.00000       1.11942124    
   2683.60620      0.943596065    
   2728.77808      0.808268547    
   2750.00000      0.744763076    
   2771.22192      0.681425571    
   2816.39380      0.546733737    
   2875.00000      0.372129172    
   2933.60620      0.197624385    
   2978.77808       6.31634295E-02
   3000.00000       7.93674844E-05
