   0.00000000       9.99990368    
   21.2220135       9.92336082    
   66.3938980       9.76024342    
   125.000000       9.54865742    
   183.606094       9.33714867    
   228.777985       9.17421055    
   250.000000       9.09770775    
   271.222015       9.02133465    
   316.393890       8.85889244    
   375.000000       8.64833450    
   433.606110       8.43800545    
   478.777985       8.27609062    
   500.000000       8.20011520    
   521.221985       8.12439346    
   566.393921       7.96343517    
   625.000000       7.75494242    
   683.606079       7.54681253    
   728.778015       7.38669348    
   750.000000       7.31160355    
   771.221985       7.23687124    
   816.393921       7.07810497    
   875.000000       6.87257338    
   933.606079       6.66751337    
   978.778015       6.50984049    
   1000.00000       6.43593264    
   1021.22198       6.36246252    
   1066.39392       6.20644665    
   1125.00000       6.00456858    
   1183.60608       5.80324078    
   1228.77795       5.64849806    
   1250.00000       5.57598782    
   1271.22205       5.50396538    
   1316.39392       5.35107088    
   1375.00000       5.15329123    
   1433.60608       4.95610237    
   1478.77795       4.80457354    
   1500.00000       4.73358107    
   1521.22205       4.66309452    
   1566.39392       4.51347876    
   1625.00000       4.31996298    
   1683.60608       4.12703753    
   1728.77795       3.97878814    
   1750.00000       3.90933084    
   1771.22205       3.84036207    
   1816.39392       3.69396043    
   1875.00000       3.50458264    
   1933.60608       3.31575489    
   1978.77795       3.17062593    
   2000.00000       3.10261655    
   2021.22205       3.03504491    
   2066.39380       2.89157248    
   2125.00000       2.70592546    
   2183.60620       2.52075076    
   2228.77808       2.37837124    
   2250.00000       2.31162357    
   2271.22192       2.24523306    
   2316.39380       2.10420609    
   2375.00000       1.92162824    
   2433.60620       1.73941267    
   2478.77808       1.59922421    
   2500.00000       1.53346598    
   2521.22192       1.46796036    
   2566.39380       1.32872820    
   2625.00000       1.14834893    
   2683.60620      0.968197346    
   2728.77808      0.829492271    
   2750.00000      0.764384091    
   2771.22192      0.699406683    
   2816.39380      0.561196685    
   2875.00000      0.381995559    
   2933.60620      0.202872112    
   2978.77808       6.48418739E-02
   3000.00000       8.14767554E-05
