   0.00000000       9.99990463    
   21.2220135       9.92383385    
   66.3938980       9.76172161    
   125.000000       9.55143547    
   183.606094       9.34122181    
   228.777985       9.17927456    
   250.000000       9.10323238    
   271.222015       9.02731133    
   316.393890       8.86581993    
   375.000000       8.65648079    
   433.606110       8.44735146    
   478.777985       8.28634453    
   500.000000       8.21078968    
   521.221985       8.13546658    
   566.393921       7.97534037    
   625.000000       7.76790047    
   683.606079       7.56079388    
   728.778015       7.40143967    
   750.000000       7.32669830    
   771.221985       7.25228596    
   816.393921       7.09417582    
   875.000000       6.88945913    
   933.606079       6.68517733    
   978.778015       6.52807283    
   1000.00000       6.45441866    
   1021.22198       6.38116741    
   1066.39392       6.22558737    
   1125.00000       6.02423191    
   1183.60608       5.82338238    
   1228.77795       5.66897345    
   1250.00000       5.59660482    
   1271.22205       5.52468538    
   1316.39392       5.37197638    
   1375.00000       5.17439127    
   1433.60608       4.97734880    
   1478.77795       4.82589674    
   1500.00000       4.75492430    
   1521.22205       4.68441725    
   1566.39392       4.53472471    
   1625.00000       4.34106159    
   1683.60608       4.14794111    
   1728.77795       3.99950528    
   1750.00000       3.92994523    
   1771.22205       3.86083460    
   1816.39392       3.71409845    
   1875.00000       3.52424192    
   1933.60608       3.33489108    
   1978.77795       3.18932605    
   2000.00000       3.12109780    
   2021.22205       3.05327225    
   2066.39380       2.90923095    
   2125.00000       2.72280622    
   2183.60620       2.53681612    
   2228.77808       2.39378023    
   2250.00000       2.32671261    
   2271.22192       2.25997376    
   2316.39380       2.11818194    
   2375.00000       1.93458068    
   2433.60620       1.75131261    
   2478.77808       1.61029232    
   2500.00000       1.54413509    
   2521.22192       1.47821021    
   2566.39380       1.33806968    
   2625.00000       1.15649080    
   2683.60620      0.975121617    
   2728.77808      0.835465968    
   2750.00000      0.769906640    
   2771.22192      0.704467714    
   2816.39380      0.565267444    
   2875.00000      0.384772569    
   2933.60620      0.204349145    
   2978.77808       6.53142929E-02
   3000.00000       8.20704372E-05
