   0.00000000       9.99990463    
   21.2220135       9.92405510    
   66.3938980       9.76241493    
   125.000000       9.55274010    
   183.606094       9.34313393    
   228.777985       9.18165207    
   250.000000       9.10582733    
   271.222015       9.03011799    
   316.393890       8.86907291    
   375.000000       8.66030598    
   433.606110       8.45173931    
   478.777985       8.29115963    
   500.000000       8.21580124    
   521.221985       8.14066505    
   566.393921       7.98092985    
   625.000000       7.77398443    
   683.606079       7.56735849    
   728.778015       7.40836334    
   750.000000       7.33378553    
   771.221985       7.25952339    
   816.393921       7.10172176    
   875.000000       6.89738798    
   933.606079       6.69347095    
   978.778015       6.53663349    
   1000.00000       6.46309853    
   1021.22198       6.38994980    
   1066.39392       6.23457432    
   1125.00000       6.03346443    
   1183.60608       5.83283949    
   1228.77795       5.67858744    
   1250.00000       5.60628557    
   1271.22205       5.53441429    
   1316.39392       5.38179255    
   1375.00000       5.18429852    
   1433.60608       4.98732519    
   1478.77795       4.83590841    
   1500.00000       4.76494598    
   1521.22205       4.69442892    
   1566.39392       4.54470062    
   1625.00000       4.35096836    
   1683.60608       4.15775633    
   1728.77795       4.00923300    
   1750.00000       3.93962479    
   1771.22205       3.87044740    
   1816.39392       3.72355437    
   1875.00000       3.53347301    
   1933.60608       3.34387660    
   1978.77795       3.19810677    
   2000.00000       3.12977576    
   2021.22205       3.06183100    
   2066.39380       2.91752267    
   2125.00000       2.73073268    
   2183.60620       2.54435968    
   2228.77808       2.40101552    
   2250.00000       2.33379769    
   2271.22192       2.26689529    
   2316.39380       2.12474442    
   2375.00000       1.94066262    
   2433.60620       1.75690043    
   2478.77808       1.61548960    
   2500.00000       1.54914486    
   2521.22192       1.48302317    
   2566.39380       1.34245598    
   2625.00000       1.16031396    
   2683.60620      0.978372991    
   2728.77808      0.838271022    
   2750.00000      0.772499859    
   2771.22192      0.706844151    
   2816.39380      0.567178965    
   2875.00000      0.386076570    
   2933.60620      0.205042720    
   2978.77808       6.55361265E-02
   3000.00000       8.23492082E-05
