   0.00000000       9.99990368    
   21.2220135       9.92360210    
   66.3938980       9.76099777    
   125.000000       9.55007553    
   183.606094       9.33922768    
   228.777985       9.17679596    
   250.000000       9.10052776    
   271.222015       9.02438545    
   316.393890       8.86242867    
   375.000000       8.65249252    
   433.606110       8.44277573    
   478.777985       8.28132439    
   500.000000       8.20556355    
   521.221985       8.13004494    
   566.393921       7.96951199    
   625.000000       7.76155663    
   683.606079       7.55394936    
   728.778015       7.39422035    
   750.000000       7.31930828    
   771.221985       7.24473953    
   816.393921       7.08630848    
   875.000000       6.88119268    
   933.606079       6.67652988    
   978.778015       6.51914740    
   1000.00000       6.44536877    
   1021.22198       6.37201023    
   1066.39392       6.21621704    
   1125.00000       6.01460552    
   1183.60608       5.81352186    
   1228.77795       5.65894938    
   1250.00000       5.58651161    
   1271.22205       5.51454163    
   1316.39392       5.36174202    
   1375.00000       5.16406155    
   1433.60608       4.96694708    
   1478.77795       4.81545782    
   1500.00000       4.74447536    
   1521.22205       4.67397833    
   1566.39392       4.52432346    
   1625.00000       4.33073235    
   1683.60608       4.13770771    
   1728.77795       3.98936296    
   1750.00000       3.91985321    
   1771.22205       3.85081196    
   1816.39392       3.70423961    
   1875.00000       3.51461744    
   1933.60608       3.32552266    
   1978.77795       3.18017101    
   2000.00000       3.11205006    
   2021.22205       3.04434872    
   2066.39380       2.90058589    
   2125.00000       2.71454191    
   2183.60620       2.52895093    
   2228.77808       2.38623643    
   2250.00000       2.31932545    
   2271.22192       2.25275707    
   2316.39380       2.11133981    
   2375.00000       1.92823946    
   2433.60620       1.74548674    
   2478.77808       1.60487378    
   2500.00000       1.53891182    
   2521.22192       1.47319221    
   2566.39380       1.33349633    
   2625.00000       1.15250480    
   2683.60620      0.971731663    
   2728.77808      0.832541406    
   2750.00000      0.767202973    
   2771.22192      0.701989949    
   2816.39380      0.563274503    
   2875.00000      0.383413017    
   2933.60620      0.203626037    
   2978.77808       6.50830120E-02
   3000.00000       8.17797845E-05
