   0.00000000       9.99990368    
   21.2220135       9.92310905    
   66.3938980       9.75945663    
   125.000000       9.54717827    
   183.606094       9.33498096    
   228.777985       9.17151546    
   250.000000       9.09476662    
   271.222015       9.01815414    
   316.393890       8.85520554    
   375.000000       8.64399910    
   433.606110       8.43303108    
   478.777985       8.27063274    
   500.000000       8.19443417    
   521.221985       8.11849976    
   566.393921       7.95709896    
   625.000000       7.74804592    
   683.606079       7.53937149    
   728.778015       7.37884521    
   750.000000       7.30356979    
   771.221985       7.22866726    
   816.393921       7.06955194    
   875.000000       6.86358595    
   933.606079       6.65811253    
   978.778015       6.50013733    
   1000.00000       6.42609406    
   1021.22198       6.35250759    
   1066.39392       6.19625998    
   1125.00000       5.99410391    
   1183.60608       5.79252148    
   1228.77795       5.63760090    
   1250.00000       5.56501484    
   1271.22205       5.49293804    
   1316.39392       5.33994484    
   1375.00000       5.14206219    
   1433.60608       4.94479465    
   1478.77795       4.79322577    
   1500.00000       4.72222233    
   1521.22205       4.65174675    
   1566.39392       4.50217199    
   1625.00000       4.30873489    
   1683.60608       4.11591291    
   1728.77795       3.96776247    
   1750.00000       3.89836025    
   1771.22205       3.82946682    
   1816.39392       3.68324304    
   1875.00000       3.49412036    
   1933.60608       3.30557084    
   1978.77795       3.16067410    
   2000.00000       3.09278131    
   2021.22205       3.02534461    
   2066.39380       2.88217497    
   2125.00000       2.69694185    
   2183.60620       2.51220131    
   2228.77808       2.37017107    
   2250.00000       2.30359340    
   2271.22192       2.23738861    
   2316.39380       2.09676838    
   2375.00000       1.91473532    
   2433.60620       1.73307979    
   2478.77808       1.59333408    
   2500.00000       1.52778816    
   2521.22192       1.46250570    
   2566.39380       1.32375705    
   2625.00000       1.14401603    
   2683.60620      0.964512408    
   2728.77808      0.826313257    
   2750.00000      0.761445165    
   2771.22192      0.696713388    
   2816.39380      0.559030294    
   2875.00000      0.380517691    
   2933.60620      0.202086076    
   2978.77808       6.45904690E-02
   3000.00000       8.11608188E-05
