   0.00000000       9.99990559    
   21.2220135       9.92485619    
   66.3938980       9.76491833    
   125.000000       9.55744553    
   183.606094       9.35003185    
   228.777985       9.19022846    
   250.000000       9.11518574    
   271.222015       9.04024029    
   316.393890       8.88080692    
   375.000000       8.67410278    
   433.606110       8.46756840    
   478.777985       8.30852795    
   500.000000       8.23388004    
   521.221985       8.15942001    
   566.393921       8.00109386    
   625.000000       7.79593134    
   683.606079       7.59103918    
   728.778015       7.43333960    
   750.000000       7.35935211    
   771.221985       7.28563166    
   816.393921       7.12894154    
   875.000000       6.92598915    
   933.606079       6.72338915    
   978.778015       6.56751537    
   1000.00000       6.49441004    
   1021.22198       6.42163134    
   1066.39392       6.26699495    
   1125.00000       6.06677008    
   1183.60608       5.86695576    
   1228.77795       5.71326923    
   1250.00000       5.64120722    
   1271.22205       5.56950998    
   1316.39392       5.41720343    
   1375.00000       5.22003794    
   1433.60608       5.02331352    
   1478.77795       4.87202692    
   1500.00000       4.80109835    
   1521.22205       4.73054695    
   1566.39392       4.58068848    
   1625.00000       4.38670635    
   1683.60608       4.19316483    
   1728.77795       4.04432631    
   1750.00000       3.97454381    
   1771.22205       3.90512586    
   1816.39392       3.75766683    
   1875.00000       3.56677437    
   1933.60608       3.37629223    
   1978.77795       3.22978354    
   2000.00000       3.16108203    
   2021.22205       3.09270740    
   2066.39380       2.94743538    
   2125.00000       2.75932837    
   2183.60620       2.57157373    
   2228.77808       2.42711782    
   2250.00000       2.35935831    
   2271.22192       2.29186559    
   2316.39380       2.14841938    
   2375.00000       1.96260405    
   2433.60620       1.77705908    
   2478.77808       1.63423908    
   2500.00000       1.56721842    
   2521.22192       1.50038648    
   2566.39380       1.35828054    
   2625.00000       1.17410672    
   2683.60620      0.990102947    
   2728.77808      0.848390579    
   2750.00000      0.781855285    
   2771.22192      0.715417683    
   2816.39380      0.574074984    
   2875.00000      0.390780926    
   2933.60620      0.207544878    
   2978.77808       6.63364232E-02
   3000.00000       8.33549275E-05
