   0.00000000       9.99990463    
   21.2220135       9.92426872    
   66.3938980       9.76308060    
   125.000000       9.55399132    
   183.606094       9.34496784    
   228.777985       9.18393230    
   250.000000       9.10831547    
   271.222015       9.03280926    
   316.393890       8.87219238    
   375.000000       8.66397381    
   433.606110       8.45594788    
   478.777985       8.29577732    
   500.000000       8.22060776    
   521.221985       8.14565182    
   566.393921       7.98629093    
   625.000000       7.77981949    
   683.606079       7.57365465    
   728.778015       7.41500378    
   750.000000       7.34058285    
   771.221985       7.26646471    
   816.393921       7.10895872    
   875.000000       6.90499210    
   933.606079       6.70142508    
   978.778015       6.54484415    
   1000.00000       6.47142315    
   1021.22198       6.39837313    
   1066.39392       6.24319410    
   1125.00000       6.04231930    
   1183.60608       5.84190989    
   1228.77795       5.68780851    
   1250.00000       5.61557007    
   1271.22205       5.54374504    
   1316.39392       5.39120722    
   1375.00000       5.19380045    
   1433.60608       4.99689341    
   1478.77795       4.84551144    
   1500.00000       4.77455759    
   1521.22205       4.70403147    
   1566.39392       4.55426884    
   1625.00000       4.36046982    
   1683.60608       4.16717052    
   1728.77795       4.01856327    
   1750.00000       3.94890857    
   1771.22205       3.87966728    
   1816.39392       3.73262358    
   1875.00000       3.54232645    
   1933.60608       3.35249472    
   1978.77795       3.20652843    
   2000.00000       3.13809896    
   2021.22205       3.07003999    
   2066.39380       2.92547536    
   2125.00000       2.73833537    
   2183.60620       2.55159473    
   2228.77808       2.40795517    
   2250.00000       2.34059334    
   2271.22192       2.27353382    
   2316.39380       2.13103867    
   2375.00000       1.94649601    
   2433.60620       1.76225984    
   2478.77808       1.62047434    
   2500.00000       1.55394995    
   2521.22192       1.48763931    
   2566.39380       1.34666312    
   2625.00000       1.16398096    
   2683.60620      0.981491506    
   2728.77808      0.840961397    
   2750.00000      0.774987102    
   2771.22192      0.709123492    
   2816.39380      0.569012344    
   2875.00000      0.387327254    
   2933.60620      0.205707937    
   2978.77808       6.57488927E-02
   3000.00000       8.26165924E-05
