   0.00000000       9.99990463    
   21.2220135       9.92447281    
   66.3938980       9.76371861    
   125.000000       9.55519104    
   183.606094       9.34672642    
   228.777985       9.18611908    
   250.000000       9.11070156    
   271.222015       9.03539085    
   316.393890       8.87518501    
   375.000000       8.66749191    
   433.606110       8.45998383    
   478.777985       8.30020618    
   500.000000       8.22521782    
   521.221985       8.15043449    
   566.393921       7.99143267    
   625.000000       7.78541613    
   683.606079       7.57969332    
   728.778015       7.42137241    
   750.000000       7.34710217    
   771.221985       7.27312231    
   816.393921       7.11589956    
   875.000000       6.91228533    
   933.606079       6.70905447    
   978.778015       6.55271912    
   1000.00000       6.47940779    
   1021.22198       6.40645170    
   1066.39392       6.25146103    
   1125.00000       6.05081224    
   1183.60608       5.85060978    
   1228.77795       5.69665194    
   1250.00000       5.62447500    
   1271.22205       5.55269432    
   1316.39392       5.40023661    
   1375.00000       5.20291376    
   1433.60608       5.00607014    
   1478.77795       4.85472107    
   1500.00000       4.78377628    
   1521.22205       4.71324158    
   1566.39392       4.56344557    
   1625.00000       4.36958265    
   1683.60608       4.17619944    
   1728.77795       4.02751160    
   1750.00000       3.95781279    
   1771.22205       3.88850999    
   1816.39392       3.74132228    
   1875.00000       3.55081820    
   1933.60608       3.36076069    
   1978.77795       3.21460581    
   2000.00000       3.14608192    
   2021.22205       3.07791328    
   2066.39380       2.93310285    
   2125.00000       2.74562693    
   2183.60620       2.55853438    
   2228.77808       2.41461110    
   2250.00000       2.34711099    
   2271.22192       2.27990127    
   2316.39380       2.13707566    
   2375.00000       1.95209086    
   2433.60620       1.76740015    
   2478.77808       1.62525535    
   2500.00000       1.55855858    
   2521.22192       1.49206686    
   2566.39380       1.35069823    
   2625.00000       1.16749799    
   2683.60620      0.984482586    
   2728.77808      0.843541801    
   2750.00000      0.777372658    
   2771.22192      0.711309731    
   2816.39380      0.570770741    
   2875.00000      0.388526857    
   2933.60620      0.206345975    
   2978.77808       6.59529641E-02
   3000.00000       8.28730408E-05
