   0.00000000       9.99990559    
   21.2220135       9.92503643    
   66.3938980       9.76548100    
   125.000000       9.55850506    
   183.606094       9.35158348    
   228.777985       9.19215775    
   250.000000       9.11729050    
   271.222015       9.04251766    
   316.393890       8.88344574    
   375.000000       8.67720604    
   433.606110       8.47112942    
   478.777985       8.31243515    
   500.000000       8.23794651    
   521.221985       8.16363907    
   566.393921       8.00563049    
   625.000000       7.80086899    
   683.606079       7.59636688    
   728.778015       7.43895817    
   750.000000       7.36510372    
   771.221985       7.29150486    
   816.393921       7.13506556    
   875.000000       6.93242359    
   933.606079       6.73011971    
   978.778015       6.57446241    
   1000.00000       6.50145388    
   1021.22198       6.42875910    
   1066.39392       6.27428865    
   1125.00000       6.07426262    
   1183.60608       5.87463093    
   1228.77795       5.72107172    
   1250.00000       5.64906406    
   1271.22205       5.57740545    
   1316.39392       5.42516994    
   1375.00000       5.22807884    
   1433.60608       5.03141022    
   1478.77795       4.88015270    
   1500.00000       4.80923176    
   1521.22205       4.73867273    
   1566.39392       4.58878469    
   1625.00000       4.39474678    
   1683.60608       4.20113087    
   1728.77795       4.05222130    
   1750.00000       3.98239994    
   1771.22205       3.91292787    
   1816.39392       3.76534128    
   1875.00000       3.57426643    
   1933.60608       3.38358521    
   1978.77795       3.23691010    
   2000.00000       3.16812539    
   2021.22205       3.09965396    
   2066.39380       2.95416522    
   2125.00000       2.76576161    
   2183.60620       2.57769656    
   2228.77808       2.43299031    
   2250.00000       2.36510897    
   2271.22192       2.29748344    
   2316.39380       2.15374589    
   2375.00000       1.96754050    
   2433.60620       1.78159451    
   2478.77808       1.63845754    
   2500.00000       1.57128477    
   2521.22192       1.50429296    
   2566.39380       1.36184084    
   2625.00000       1.17720985    
   2683.60620      0.992742002    
   2728.77808      0.850667357    
   2750.00000      0.783960164    
   2771.22192      0.717346609    
   2816.39380      0.575626493    
   2875.00000      0.391839355    
   2933.60620      0.208107829    
   2978.77808       6.65164739E-02
   3000.00000       8.35812025E-05
