   0.00000000       9.99990559    
   21.2220135       9.92466831    
   66.3938980       9.76433086    
   125.000000       9.55634212    
   183.606094       9.34841347    
   228.777985       9.18821621    
   250.000000       9.11299038    
   271.222015       9.03786564    
   316.393890       8.87805462    
   375.000000       8.67086601    
   433.606110       8.46385574    
   478.777985       8.30445385    
   500.000000       8.22963905    
   521.221985       8.15502071    
   566.393921       7.99636412    
   625.000000       7.79078341    
   683.606079       7.58548450    
   728.778015       7.42748117    
   750.000000       7.35335493    
   771.221985       7.27950764    
   816.393921       7.12255669    
   875.000000       6.91928005    
   933.606079       6.71637106    
   978.778015       6.56027174    
   1000.00000       6.48706532    
   1021.22198       6.41420031    
   1066.39392       6.25939035    
   1125.00000       6.05895758    
   1183.60608       5.85895300    
   1228.77795       5.70513439    
   1250.00000       5.63301563    
   1271.22205       5.56127787    
   1316.39392       5.40889692    
   1375.00000       5.21165466    
   1433.60608       5.01487207    
   1478.77795       4.86355448    
   1500.00000       4.79261780    
   1521.22205       4.72207499    
   1566.39392       4.57224703    
   1625.00000       4.37832308    
   1683.60608       4.18485928    
   1728.77795       4.03609467    
   1750.00000       3.96635294    
   1771.22205       3.89699149    
   1816.39392       3.74966502    
   1875.00000       3.55896282    
   1933.60608       3.36868858    
   1978.77795       3.22235298    
   2000.00000       3.15373850    
   2021.22205       3.08546472    
   2066.39380       2.94041872    
   2125.00000       2.75262046    
   2183.60620       2.56519008    
   2228.77808       2.42099500    
   2250.00000       2.35336256    
   2271.22192       2.28600812    
   2316.39380       2.14286590    
   2375.00000       1.95745718    
   2433.60620       1.77233040    
   2478.77808       1.62984097    
   2500.00000       1.56297886    
   2521.22192       1.49631345    
   2566.39380       1.35456848    
   2625.00000       1.17087126    
   2683.60620      0.987351358    
   2728.77808      0.846016824    
   2750.00000      0.779660761    
   2771.22192      0.713406563    
   2816.39380      0.572457373    
   2875.00000      0.389677405    
   2933.60620      0.206957936    
   2978.77808       6.61486909E-02
   3000.00000       8.31190118E-05
