   0.00000000       9.99990654    
   21.2220135       9.92568588    
   66.3938980       9.76751232    
   125.000000       9.56232357    
   183.606094       9.35718155    
   228.777985       9.19911766    
   250.000000       9.12488556    
   271.222015       9.05073261    
   316.393890       8.89296818    
   375.000000       8.68840313    
   433.606110       8.48397541    
   478.777985       8.32653046    
   500.000000       8.25261879    
   521.221985       8.17885971    
   566.393921       8.02199459    
   625.000000       7.81867981    
   683.606079       7.61558485    
   728.778015       7.45922756    
   750.000000       7.38585234    
   771.221985       7.31269312    
   816.393921       7.15715599    
   875.000000       6.95563459    
   933.606079       6.75439978    
   978.778015       6.59952497    
   1000.00000       6.52686501    
   1021.22198       6.45447063    
   1066.39392       6.30059958    
   1125.00000       6.10129261    
   1183.60608       5.90231848    
   1228.77795       5.74921846    
   1250.00000       5.67740583    
   1271.22205       5.60588884    
   1316.39392       5.45390844    
   1375.00000       5.25708437    
   1433.60608       5.06061792    
   1478.77795       4.90946579    
   1500.00000       4.83857250    
   1521.22205       4.76798582    
   1566.39392       4.61799240    
   1625.00000       4.42375183    
   1683.60608       4.22986889    
   1728.77795       4.08070326    
   1750.00000       4.01074028    
   1771.22205       3.94107342    
   1816.39392       3.79302740    
   1875.00000       3.60129428    
   1933.60608       3.40989447    
   1978.77795       3.26261973    
   2000.00000       3.19353414    
   2021.22205       3.12471390    
   2066.39380       2.97844315    
   2125.00000       2.78897071    
   2183.60620       2.59978437    
   2228.77808       2.45417595    
   2250.00000       2.38585496    
   2271.22192       2.31775045    
   2316.39380       2.17296147    
   2375.00000       1.98534906    
   2433.60620       1.79795623    
   2478.77808       1.65367556    
   2500.00000       1.58595407    
   2521.22192       1.51838589    
   2566.39380       1.37468469    
   2625.00000       1.18840468    
   2683.60620       1.00226259    
   2728.77808      0.858880937    
   2750.00000      0.791553497    
   2771.22192      0.724305332    
   2816.39380      0.581223667    
   2875.00000      0.395657659    
   2933.60620      0.210138723    
   2978.77808       6.71660379E-02
   3000.00000       8.43974994E-05
