   0.00000000       9.99990559    
   21.2220135       9.92520905    
   66.3938980       9.76602077    
   125.000000       9.55951977    
   183.606094       9.35307217    
   228.777985       9.19400787    
   250.000000       9.11931038    
   271.222015       9.04470158    
   316.393890       8.88597775    
   375.000000       8.68018341    
   433.606110       8.47454453    
   478.777985       8.31618309    
   500.000000       8.24184799    
   521.221985       8.16768646    
   566.393921       8.00998116    
   625.000000       7.80560446    
   683.606079       7.60147619    
   728.778015       7.44434738    
   750.000000       7.37062025    
   771.221985       7.29713821    
   816.393921       7.14093876    
   875.000000       6.93859482    
   933.606079       6.73657513    
   978.778015       6.58112574    
   1000.00000       6.50821018    
   1021.22198       6.43559504    
   1066.39392       6.28128386    
   1125.00000       6.08144903    
   1183.60608       5.88199234    
   1228.77795       5.72855520    
   1250.00000       5.65659904    
   1271.22205       5.58497810    
   1316.39392       5.43281031    
   1375.00000       5.23579025    
   1433.60608       5.03917551    
   1478.77795       4.88794613    
   1500.00000       4.81703234    
   1521.22205       4.74646616    
   1566.39392       4.59654999    
   1625.00000       4.40245819    
   1683.60608       4.20877171    
   1728.77795       4.05979395    
   1750.00000       3.98993468    
   1771.22205       3.92041087    
   1816.39392       3.77270222    
   1875.00000       3.58145213    
   1933.60608       3.39057994    
   1978.77795       3.24374557    
   2000.00000       3.17488074    
   2021.22205       3.10631657    
   2066.39380       2.96061969    
   2125.00000       2.77193213    
   2183.60620       2.58356881    
   2228.77808       2.43862295    
   2250.00000       2.37062454    
   2271.22192       2.30287170    
   2316.39380       2.15885472    
   2375.00000       1.97227514    
   2433.60620       1.78594446    
   2478.77808       1.64250338    
   2500.00000       1.57518482    
   2521.22192       1.50803971    
   2566.39380       1.36525559    
   2625.00000       1.18018615    
   2683.60620      0.995273173    
   2728.77808      0.852851033    
   2750.00000      0.785978913    
   2771.22192      0.719196677    
   2816.39380      0.577114582    
   2875.00000      0.392854482    
   2933.60620      0.208647773    
   2978.77808       6.66891709E-02
   3000.00000       8.37982225E-05
