   0.00000000       9.99990654    
   21.2220135       9.92553329    
   66.3938980       9.76703548    
   125.000000       9.56142807    
   183.606094       9.35586929    
   228.777985       9.19748497    
   250.000000       9.12310410    
   271.222015       9.04880619    
   316.393890       8.89073467    
   375.000000       8.68577671    
   433.606110       8.48096180    
   478.777985       8.32322407    
   500.000000       8.24917698    
   521.221985       8.17528915    
   566.393921       8.01815605    
   625.000000       7.81450176    
   683.606079       7.61107683    
   728.778015       7.45447350    
   750.000000       7.38098526    
   771.221985       7.30772305    
   816.393921       7.15197420    
   875.000000       6.95019007    
   933.606079       6.74870443    
   978.778015       6.59364605    
   1000.00000       6.52090454    
   1021.22198       6.44843960    
   1066.39392       6.29442787    
   1125.00000       6.09495211    
   1183.60608       5.89582396    
   1228.77795       5.74261618    
   1250.00000       5.67075777    
   1271.22205       5.59920740    
   1316.39392       5.44716740    
   1375.00000       5.25028086    
   1433.60608       5.05376673    
   1478.77795       4.90258980    
   1500.00000       4.83169031    
   1521.22205       4.76110983    
   1566.39392       4.61114120    
   1625.00000       4.41694832    
   1683.60608       4.22312784    
   1728.77795       4.07402229    
   1750.00000       4.00409269    
   1771.22205       3.93447137    
   1816.39392       3.78653312    
   1875.00000       3.59495449    
   1933.60608       3.40372300    
   1978.77795       3.25658917    
   2000.00000       3.18757415    
   2021.22205       3.11883545    
   2066.39380       2.97274828    
   2125.00000       2.78352666    
   2183.60620       2.59460330    
   2228.77808       2.44920659    
   2250.00000       2.38098860    
   2271.22192       2.31299639    
   2316.39380       2.16845417    
   2375.00000       1.98117173    
   2433.60620       1.79411817    
   2478.77808       1.65010583    
   2500.00000       1.58251309    
   2521.22192       1.51508009    
   2566.39380       1.37167192    
   2625.00000       1.18577862    
   2683.60620       1.00002933    
   2728.77808      0.856954277    
   2750.00000      0.789772332    
   2771.22192      0.722672999    
   2816.39380      0.579910755    
   2875.00000      0.394761980    
   2933.60620      0.209662333    
   2978.77808       6.70136735E-02
   3000.00000       8.42060181E-05
