   0.00000000       9.99990654    
   21.2220135       9.92537498    
   66.3938980       9.76653957    
   125.000000       9.56049347    
   183.606094       9.35449982    
   228.777985       9.19578266    
   250.000000       9.12124634    
   271.222015       9.04679680    
   316.393890       8.88840580    
   375.000000       8.68303776    
   433.606110       8.47782040    
   478.777985       8.31977654    
   500.000000       8.24558926    
   521.221985       8.17156696    
   566.393921       8.01415348    
   625.000000       7.81014585    
   683.606079       7.60637665    
   728.778015       7.44951582    
   750.000000       7.37591076    
   771.221985       7.30254126    
   816.393921       7.14657164    
   875.000000       6.94451332    
   933.606079       6.74276638    
   978.778015       6.58751678    
   1000.00000       6.51468992    
   1021.22198       6.44215155    
   1066.39392       6.28799295    
   1125.00000       6.08834171    
   1183.60608       5.88905239    
   1228.77795       5.73573256    
   1250.00000       5.66382599    
   1271.22205       5.59224129    
   1316.39392       5.44013882    
   1375.00000       5.24318695    
   1433.60608       5.04662371    
   1478.77795       4.89542055    
   1500.00000       4.82451439    
   1521.22205       4.75394058    
   1566.39392       4.60399818    
   1625.00000       4.40985441    
   1683.60608       4.21609926    
   1728.77795       4.06705666    
   1750.00000       3.99716139    
   1771.22205       3.92758775    
   1816.39392       3.77976203    
   1875.00000       3.58834410    
   1933.60608       3.39728880    
   1978.77795       3.25030136    
   2000.00000       3.18135977    
   2021.22205       3.11270666    
   2066.39380       2.96681046    
   2125.00000       2.77785039    
   2183.60620       2.58920121    
   2228.77808       2.44402504    
   2250.00000       2.37591457    
   2271.22192       2.30803967    
   2316.39380       2.16375446    
   2375.00000       1.97681630    
   2433.60620       1.79011667    
   2478.77808       1.64638388    
   2500.00000       1.57892537    
   2521.22192       1.51163340    
   2566.39380       1.36853063    
   2625.00000       1.18304074    
   2683.60620      0.997700870    
   2728.77808      0.854945481    
   2750.00000      0.787915230    
   2771.22192      0.720971107    
   2816.39380      0.578541815    
   2875.00000      0.393828154    
   2933.60620      0.209165633    
   2978.77808       6.68548048E-02
   3000.00000       8.40063731E-05
