   0.00000000       9.99990654    
   21.2220135       9.92583179    
   66.3938980       9.76796913    
   125.000000       9.56318283    
   183.606094       9.35844135    
   228.777985       9.20068359    
   250.000000       9.12659359    
   271.222015       9.05258083    
   316.393890       8.89511013    
   375.000000       8.69092178    
   433.606110       8.48686504    
   478.777985       8.32970142    
   500.000000       8.25591946    
   521.221985       8.18228340    
   566.393921       8.02567577    
   625.000000       7.82268667    
   683.606079       7.61990833    
   728.778015       7.46378803    
   750.000000       7.39052010    
   771.221985       7.31746006    
   816.393921       7.16212559    
   875.000000       6.96085691    
   933.606079       6.75986242    
   978.778015       6.60516310    
   1000.00000       6.53258181    
   1021.22198       6.46025515    
   1066.39392       6.30651903    
   1125.00000       6.10737324    
   1183.60608       5.90854740    
   1228.77795       5.75555086    
   1250.00000       5.68378210    
   1271.22205       5.61229658    
   1316.39392       5.46037388    
   1375.00000       5.26360989    
   1433.60608       5.06718922    
   1478.77795       4.91606045    
   1500.00000       4.84517336    
   1521.22205       4.77458048    
   1566.39392       4.62456369    
   1625.00000       4.43027735    
   1683.60608       4.23633432    
   1728.77795       4.08711100    
   1750.00000       4.01711655    
   1771.22205       3.94740558    
   1816.39392       3.79925632    
   1875.00000       3.60737514    
   1933.60608       3.41581345    
   1978.77795       3.26840401    
   2000.00000       3.19925070    
   2021.22205       3.13035178    
   2066.39380       2.98390508    
   2125.00000       2.79419231    
   2183.60620       2.60475373    
   2228.77808       2.45894241    
   2250.00000       2.39052224    
   2271.22192       2.32230997    
   2316.39380       2.17728472    
   2375.00000       1.98935568    
   2433.60620       1.80163729    
   2478.77808       1.65709925    
   2500.00000       1.58925438    
   2521.22192       1.52155650    
   2566.39380       1.37757432    
   2625.00000       1.19092333    
   2683.60620       1.00440454    
   2728.77808      0.860728860    
   2750.00000      0.793261886    
   2771.22192      0.725870907    
   2816.39380      0.582482934    
   2875.00000      0.396516711    
   2933.60620      0.210595638    
   2978.77808       6.73121810E-02
   3000.00000       8.45811519E-05
