   0.00000000       9.99990654    
   21.2220135       9.92597198    
   66.3938980       9.76840782    
   125.000000       9.56400681    
   183.606094       9.35964966    
   228.777985       9.20218468    
   250.000000       9.12823296    
   271.222015       9.05435371    
   316.393890       8.89716530    
   375.000000       8.69333744    
   433.606110       8.48963737    
   478.777985       8.33274269    
   500.000000       8.25908470    
   521.221985       8.18556786    
   566.393921       8.02920628    
   625.000000       7.82652998    
   683.606079       7.62405491    
   728.778015       7.46816158    
   750.000000       7.39499712    
   771.221985       7.32203197    
   816.393921       7.16689205    
   875.000000       6.96586514    
   933.606079       6.76510143    
   978.778015       6.61057091    
   1000.00000       6.53806496    
   1021.22198       6.46580315    
   1066.39392       6.31219625    
   1125.00000       6.11320591    
   1183.60608       5.91452169    
   1228.77795       5.76162434    
   1250.00000       5.68989754    
   1271.22205       5.61844254    
   1316.39392       5.46657515    
   1375.00000       5.26986885    
   1433.60608       5.07349157    
   1478.77795       4.92238569    
   1500.00000       4.85150480    
   1521.22205       4.78090572    
   1566.39392       4.63086605    
   1625.00000       4.43653584    
   1683.60608       4.24253511    
   1728.77795       4.09325695    
   1750.00000       4.02323151    
   1771.22205       3.95347857    
   1816.39392       3.80523038    
   1875.00000       3.61320710    
   1933.60608       3.42149043    
   1978.77795       3.27395153    
   2000.00000       3.20473337    
   2021.22205       3.13575935    
   2066.39380       2.98914385    
   2125.00000       2.79920030    
   2183.60620       2.60951996    
   2228.77808       2.46351385    
   2250.00000       2.39499879    
   2271.22192       2.32668328    
   2316.39380       2.18143106    
   2375.00000       1.99319839    
   2433.60620       1.80516779    
   2478.77808       1.66038311    
   2500.00000       1.59241986    
   2521.22192       1.52459753    
   2566.39380       1.38034582    
   2625.00000       1.19333887    
   2683.60620       1.00645900    
   2728.77808      0.862501204    
   2750.00000      0.794900417    
   2771.22192      0.727372468    
   2816.39380      0.583690763    
   2875.00000      0.397340655    
   2933.60620      0.211033866    
   2978.77808       6.74523413E-02
   3000.00000       8.47572956E-05
