   0.00000000       9.99990749    
   21.2220135       9.92635918    
   66.3938980       9.76961803    
   125.000000       9.56628227    
   183.606094       9.36298466    
   228.777985       9.20633125    
   250.000000       9.13275719    
   271.222015       9.05924797    
   316.393890       8.90283871    
   375.000000       8.70000839    
   433.606110       8.49729061    
   478.777985       8.34114075    
   500.000000       8.26782608    
   521.221985       8.19463634    
   566.393921       8.03895664    
   625.000000       7.83714151    
   683.606079       7.63550520    
   728.778015       7.48023796    
   750.000000       7.40735865    
   771.221985       7.33465576    
   816.393921       7.18005371    
   875.000000       6.97969437    
   933.606079       6.77956772    
   978.778015       6.62550306    
   1000.00000       6.55320501    
   1021.22198       6.48112249    
   1066.39392       6.32787275    
   1125.00000       6.12931013    
   1183.60608       5.93101835    
   1228.77795       5.77839470    
   1250.00000       5.70678377    
   1271.22205       5.63541317    
   1316.39392       5.48369789    
   1375.00000       5.28715086    
   1433.60608       5.09089422    
   1478.77795       4.93985081    
   1500.00000       4.86898661    
   1521.22205       4.79837084    
   1566.39392       4.64826822    
   1625.00000       4.45381784    
   1683.60608       4.25965786    
   1728.77795       4.11022711    
   1750.00000       4.04011774    
   1771.22205       3.97024846    
   1816.39392       3.82172632    
   1875.00000       3.62931108    
   1933.60608       3.43716621    
   1978.77795       3.28927016    
   2000.00000       3.21987271    
   2021.22205       3.15069079    
   2066.39380       3.00360942    
   2125.00000       2.81302905    
   2183.60620       2.62268066    
   2228.77808       2.47613692    
   2250.00000       2.40736008    
   2271.22192       2.33875895    
   2316.39380       2.19288039    
   2375.00000       2.00380945    
   2433.60620       1.81491673    
   2478.77808       1.66945052    
   2500.00000       1.60116041    
   2521.22192       1.53299463    
   2566.39380       1.38799882    
   2625.00000       1.20000923    
   2683.60620       1.01213169    
   2728.77808      0.867395222    
   2750.00000      0.799424827    
   2771.22192      0.731518805    
   2816.39380      0.587025762    
   2875.00000      0.399615765    
   2933.60620      0.212243959    
   2978.77808       6.78393841E-02
   3000.00000       8.52436788E-05
