   0.00000000       9.99990749    
   21.2220135       9.92610645    
   66.3938980       9.76882839    
   125.000000       9.56479740    
   183.606094       9.36080742    
   228.777985       9.20362568    
   250.000000       9.12980461    
   271.222015       9.05605316    
   316.393890       8.89913559    
   375.000000       8.69565487    
   433.606110       8.49229527    
   478.777985       8.33565998    
   500.000000       8.26212120    
   521.221985       8.18871784    
   566.393921       8.03259277    
   625.000000       7.83021593    
   683.606079       7.62803221    
   728.778015       7.47235632    
   750.000000       7.39929104    
   771.221985       7.32641649    
   816.393921       7.17146349    
   875.000000       6.97066879    
   933.606079       6.77012634    
   978.778015       6.61575747    
   1000.00000       6.54332399    
   1021.22198       6.47112417    
   1066.39392       6.31764126    
   1125.00000       6.11879969    
   1183.60608       5.92025185    
   1228.77795       5.76744938    
   1250.00000       5.69576263    
   1271.22205       5.62433720    
   1316.39392       5.47252274    
   1375.00000       5.27587175    
   1433.60608       5.07953644    
   1478.77795       4.92845201    
   1500.00000       4.85757685    
   1521.22205       4.78697205    
   1566.39392       4.63691044    
   1625.00000       4.44253874    
   1683.60608       4.24848270    
   1728.77795       4.09915113    
   1750.00000       4.02909708    
   1771.22205       3.95930362    
   1816.39392       3.81096005    
   1875.00000       3.61880064    
   1933.60608       3.42693543    
   1978.77795       3.27927232    
   2000.00000       3.20999193    
   2021.22205       3.14094567    
   2066.39380       2.99416828    
   2125.00000       2.80400348    
   2183.60620       2.61409116    
   2228.77808       2.46789837    
   2250.00000       2.39929247    
   2271.22192       2.33087778    
   2316.39380       2.18540788    
   2375.00000       1.99688411    
   2433.60620       1.80855405    
   2478.77808       1.66353261    
   2500.00000       1.59545577    
   2521.22192       1.52751410    
   2566.39380       1.38300407    
   2625.00000       1.19565582    
   2683.60620       1.00842929    
   2728.77808      0.864201128    
   2750.00000      0.796471894    
   2771.22192      0.728812695    
   2816.39380      0.584849119    
   2875.00000      0.398130894    
   2933.60620      0.211454183    
   2978.77808       6.75867796E-02
   3000.00000       8.49262360E-05
