   0.00000000       9.99990749    
   21.2220135       9.92623520    
   66.3938980       9.76923084    
   125.000000       9.56555557    
   183.606094       9.36191940    
   228.777985       9.20500660    
   250.000000       9.13131142    
   271.222015       9.05768394    
   316.393890       8.90102577    
   375.000000       8.69787693    
   433.606110       8.49484539    
   478.777985       8.33845711    
   500.000000       8.26503277    
   521.221985       8.19173908    
   566.393921       8.03584099    
   625.000000       7.83375120    
   683.606079       7.63184690    
   728.778015       7.47637939    
   750.000000       7.40340900    
   771.221985       7.33062220    
   816.393921       7.17584848    
   875.000000       6.97527599    
   933.606079       6.77494526    
   978.778015       6.62073231    
   1000.00000       6.54836750    
   1021.22198       6.47622776    
   1066.39392       6.32286358    
   1125.00000       6.12416458    
   1183.60608       5.92574739    
   1228.77795       5.77303600    
   1250.00000       5.70138836    
   1271.22205       5.62999058    
   1316.39392       5.47822714    
   1375.00000       5.28162909    
   1433.60608       5.08533382    
   1478.77795       4.93427038    
   1500.00000       4.86340094    
   1521.22205       4.79279041    
   1566.39392       4.64270782    
   1625.00000       4.44829607    
   1683.60608       4.25418663    
   1728.77795       4.10480452    
   1750.00000       4.03472233    
   1771.22205       3.96489024    
   1816.39392       3.81645560    
   1875.00000       3.62416553    
   1933.60608       3.43215752    
   1978.77795       3.28437567    
   2000.00000       3.21503544    
   2021.22205       3.14591980    
   2066.39380       2.99898744    
   2125.00000       2.80861044    
   2183.60620       2.61847568    
   2228.77808       2.47210360    
   2250.00000       2.40341043    
   2271.22192       2.33490062    
   2316.39380       2.18922210    
   2375.00000       2.00041914    
   2433.60620       1.81180179    
   2478.77808       1.66655338    
   2500.00000       1.59836769    
   2521.22192       1.53031158    
   2566.39380       1.38555360    
   2625.00000       1.19787800    
   2683.60620       1.01031911    
   2728.77808      0.865831494    
   2750.00000      0.797979176    
   2771.22192      0.730193973    
   2816.39380      0.585960150    
   2875.00000      0.398888826    
   2933.60620      0.211857304    
   2978.77808       6.77157193E-02
   3000.00000       8.50882643E-05
