   0.00000000       9.99990749    
   21.2220135       9.92647743    
   66.3938980       9.76998901    
   125.000000       9.56697941    
   183.606094       9.36400700    
   228.777985       9.20760250    
   250.000000       9.13414383    
   271.222015       9.06074810    
   316.393890       8.90457726    
   375.000000       8.70205307    
   433.606110       8.49963570    
   478.777985       8.34371376    
   500.000000       8.27050495    
   521.221985       8.19741535    
   566.393921       8.04194450    
   625.000000       7.84039354    
   683.606079       7.63901424    
   728.778015       7.48393869    
   750.000000       7.41114712    
   771.221985       7.33852434    
   816.393921       7.18408680    
   875.000000       6.98393250    
   933.606079       6.78400087    
   978.778015       6.63007927    
   1000.00000       6.55784464    
   1021.22198       6.48581696    
   1066.39392       6.33267689    
   1125.00000       6.13424540    
   1183.60608       5.93607378    
   1228.77795       5.78353357    
   1250.00000       5.71195841    
   1271.22205       5.64061356    
   1316.39392       5.48894548    
   1375.00000       5.29244709    
   1433.60608       5.09622717    
   1478.77795       4.94520330    
   1500.00000       4.87434387    
   1521.22205       4.80372286    
   1566.39392       4.65360117    
   1625.00000       4.45911407    
   1683.60608       4.26490498    
   1728.77795       4.11542749    
   1750.00000       4.04529238    
   1771.22205       3.97538757    
   1816.39392       3.82678175    
   1875.00000       3.63424611    
   1933.60608       3.44197011    
   1978.77795       3.29396462    
   2000.00000       3.22451234    
   2021.22205       3.15526652    
   2066.39380       3.00804257    
   2125.00000       2.81726670    
   2183.60620       2.62671399    
   2228.77808       2.48000526    
   2250.00000       2.41114807    
   2271.22192       2.34245968    
   2316.39380       2.19638920    
   2375.00000       2.00706124    
   2433.60620       1.81790435    
   2478.77808       1.67222929    
   2500.00000       1.60383904    
   2521.22192       1.53556788    
   2566.39380       1.39034414    
   2625.00000       1.20205343    
   2683.60620       1.01387012    
   2728.77808      0.868894994    
   2750.00000      0.800811350    
   2771.22192      0.732789457    
   2816.39380      0.588047802    
   2875.00000      0.400312990    
   2933.60620      0.212614790    
   2978.77808       6.79579899E-02
   3000.00000       8.53927340E-05
