   0.00000000       9.99990845    
   21.2220135       9.92680550    
   66.3938980       9.77101231    
   125.000000       9.56890488    
   183.606094       9.36682892    
   228.777985       9.21111107    
   250.000000       9.13797283    
   271.222015       9.06488895    
   316.393890       8.90937710    
   375.000000       8.70769787    
   433.606110       8.50611210    
   478.777985       8.35081959    
   500.000000       8.27790165    
   521.221985       8.20508862    
   566.393921       8.05019379    
   625.000000       7.84937334    
   683.606079       7.64870310    
   728.778015       7.49415779    
   750.000000       7.42160749    
   771.221985       7.34920645    
   816.393921       7.19522381    
   875.000000       6.99563456    
   933.606079       6.79624224    
   978.778015       6.64271450    
   1000.00000       6.57065630    
   1021.22198       6.49877977    
   1066.39392       6.34594202    
   1125.00000       6.14787292    
   1183.60608       5.95003319    
   1228.77795       5.79772472    
   1250.00000       5.72624779    
   1271.22205       5.65497398    
   1316.39392       5.50343466    
   1375.00000       5.30707121    
   1433.60608       5.11095333    
   1478.77795       4.95998192    
   1500.00000       4.88913679    
   1521.22205       4.81850195    
   1566.39392       4.66832733    
   1625.00000       4.47373772    
   1683.60608       4.27939415    
   1728.77795       4.12978745    
   1750.00000       4.05958128    
   1771.22205       3.98957825    
   1816.39392       3.84074068    
   1875.00000       3.64787340    
   1933.60608       3.45523500    
   1978.77795       3.30692720    
   2000.00000       3.23732328    
   2021.22205       3.16790175    
   2066.39380       3.02028322    
   2125.00000       2.82896876    
   2183.60620       2.63785052    
   2228.77808       2.49068713    
   2250.00000       2.42160821    
   2271.22192       2.35267830    
   2316.39380       2.20607758    
   2375.00000       2.01604033    
   2433.60620       1.82615387    
   2478.77808       1.67990232    
   2500.00000       1.61123538    
   2521.22192       1.54267359    
   2566.39380       1.39682007    
   2625.00000       1.20769787    
   2683.60620       1.01867056    
   2728.77808      0.873036385    
   2750.00000      0.804639995    
   2771.22192      0.736298084    
   2816.39380      0.590869963    
   2875.00000      0.402238220    
   2933.60620      0.213638783    
   2978.77808       6.82855099E-02
   3000.00000       8.58043131E-05
