   0.00000000       9.99990749    
   21.2220135       9.92670059    
   66.3938980       9.77068520    
   125.000000       9.56828976    
   183.606094       9.36592770    
   228.777985       9.20999050    
   250.000000       9.13674927    
   271.222015       9.06356621    
   316.393890       8.90784359    
   375.000000       8.70589352    
   433.606110       8.50404263    
   478.777985       8.34854984    
   500.000000       8.27553844    
   521.221985       8.20263672    
   566.393921       8.04755783    
   625.000000       7.84650421    
   683.606079       7.64560747    
   728.778015       7.49089241    
   750.000000       7.41826534    
   771.221985       7.34579325    
   816.393921       7.19166565    
   875.000000       6.99189568    
   933.606079       6.79233074    
   978.778015       6.63867712    
   1000.00000       6.56656265    
   1021.22198       6.49463797    
   1066.39392       6.34170341    
   1125.00000       6.14351892    
   1183.60608       5.94557285    
   1228.77795       5.79319048    
   1250.00000       5.72168207    
   1271.22205       5.65038538    
   1316.39392       5.49880505    
   1375.00000       5.30239820    
   1433.60608       5.10624790    
   1478.77795       4.95525980    
   1500.00000       4.88441038    
   1521.22205       4.81377983    
   1566.39392       4.66362190    
   1625.00000       4.46906519    
   1683.60608       4.27476454    
   1728.77795       4.12519932    
   1750.00000       4.05501556    
   1771.22205       3.98504400    
   1816.39392       3.83628058    
   1875.00000       3.64351916    
   1933.60608       3.45099664    
   1978.77795       3.30278540    
   2000.00000       3.23323011    
   2021.22205       3.16386461    
   2066.39380       3.01637220    
   2125.00000       2.82522964    
   2183.60620       2.63429213    
   2228.77808       2.48727393    
   2250.00000       2.41826606    
   2271.22192       2.34941316    
   2316.39380       2.20298195    
   2375.00000       2.01317143    
   2433.60620       1.82351804    
   2478.77808       1.67745066    
   2500.00000       1.60887206    
   2521.22192       1.54040325    
   2566.39380       1.39475083    
   2625.00000       1.20589435    
   2683.60620       1.01713669    
   2728.77808      0.871713161    
   2750.00000      0.803416669    
   2771.22192      0.735177040    
   2816.39380      0.589968264    
   2875.00000      0.401623070    
   2933.60620      0.213311598    
   2978.77808       6.81808591E-02
   3000.00000       8.56728075E-05
