   0.00000000       9.99990845    
   21.2220135       9.92700195    
   66.3938980       9.77162743    
   125.000000       9.57006073    
   183.606094       9.36852360    
   228.777985       9.21321774    
   250.000000       9.14027214    
   271.222015       9.06737614    
   316.393890       8.91226006    
   375.000000       8.71108627    
   433.606110       8.51000023    
   478.777985       8.35508633    
   500.000000       8.28234196    
   521.221985       8.20969486    
   566.393921       8.05514717    
   625.000000       7.85476398    
   683.606079       7.65452003    
   728.778015       7.50029278    
   750.000000       7.42788792    
   771.221985       7.35561943    
   816.393921       7.20191050    
   875.000000       7.00266027    
   933.606079       6.80359125    
   978.778015       6.65030050    
   1000.00000       6.57834768    
   1021.22198       6.50656271    
   1066.39392       6.35390568    
   1125.00000       6.15605450    
   1183.60608       5.95841360    
   1228.77795       5.80624437    
   1250.00000       5.73482656    
   1271.22205       5.66359568    
   1316.39392       5.51213360    
   1375.00000       5.31585073    
   1433.60608       5.11979437    
   1478.77795       4.96885490    
   1500.00000       4.89801836    
   1521.22205       4.82737494    
   1566.39392       4.67716837    
   1625.00000       4.48251772    
   1683.60608       4.28809309    
   1728.77795       4.13840914    
   1750.00000       4.06816006    
   1771.22205       3.99809790    
   1816.39392       3.84912133    
   1875.00000       3.65605474    
   1933.60608       3.46319890    
   1978.77795       3.31470966    
   2000.00000       3.24501467    
   2021.22205       3.17548752    
   2066.39380       3.02763247    
   2125.00000       2.83599424    
   2183.60620       2.64453673    
   2228.77808       2.49710011    
   2250.00000       2.42788815    
   2271.22192       2.35881329    
   2316.39380       2.21189427    
   2375.00000       2.02143121    
   2433.60620       1.83110678    
   2478.77808       1.68450904    
   2500.00000       1.61567605    
   2521.22192       1.54693973    
   2566.39380       1.40070808    
   2625.00000       1.21108675    
   2683.60620       1.02155256    
   2728.77808      0.875522733    
   2750.00000      0.806938648    
   2771.22192      0.738404572    
   2816.39380      0.592564344    
   2875.00000      0.403394073    
   2933.60620      0.214253560    
   2978.77808       6.84821382E-02
   3000.00000       8.60514192E-05
