   0.00000000       9.99990749    
   21.2220135       9.92659187    
   66.3938980       9.77034473    
   125.000000       9.56764793    
   183.606094       9.36498737    
   228.777985       9.20882130    
   250.000000       9.13547421    
   271.222015       9.06218624    
   316.393890       8.90624428    
   375.000000       8.70401382    
   433.606110       8.50188541    
   478.777985       8.34618187    
   500.000000       8.27307415    
   521.221985       8.20007992    
   566.393921       8.04480934    
   625.000000       7.84351254    
   683.606079       7.64237928    
   728.778015       7.48748827    
   750.000000       7.41478062    
   771.221985       7.34223461    
   816.393921       7.18795538    
   875.000000       6.98799706    
   933.606079       6.78825283    
   978.778015       6.63446808    
   1000.00000       6.56229496    
   1021.22198       6.49031973    
   1066.39392       6.33728409    
   1125.00000       6.13897896    
   1183.60608       5.94092226    
   1228.77795       5.78846264    
   1250.00000       5.71692181    
   1271.22205       5.64560175    
   1316.39392       5.49397802    
   1375.00000       5.29752636    
   1433.60608       5.10134220    
   1478.77795       4.95033646    
   1500.00000       4.87948227    
   1521.22205       4.80885649    
   1566.39392       4.65871620    
   1625.00000       4.46419334    
   1683.60608       4.26993752    
   1728.77795       4.12041521    
   1750.00000       4.05025578    
   1771.22205       3.98031664    
   1816.39392       3.83163023    
   1875.00000       3.63897943    
   1933.60608       3.44657755    
   1978.77795       3.29846716    
   2000.00000       3.22896218    
   2021.22205       3.15965533    
   2066.39380       3.01229429    
   2125.00000       2.82133126    
   2183.60620       2.63058209    
   2228.77808       2.48371553    
   2250.00000       2.41478133    
   2271.22192       2.34600902    
   2316.39380       2.19975424    
   2375.00000       2.01018000    
   2433.60620       1.82076979    
   2478.77808       1.67489445    
   2500.00000       1.60640812    
   2521.22192       1.53803599    
   2566.39380       1.39259350    
   2625.00000       1.20401394    
   2683.60620       1.01553750    
   2728.77808      0.870333493    
   2750.00000      0.802141249    
   2771.22192      0.734008133    
   2816.39380      0.589028060    
   2875.00000      0.400981694    
   2933.60620      0.212970465    
   2978.77808       6.80717528E-02
   3000.00000       8.55356921E-05
