   0.00000000       9.99990845    
   21.2220135       9.92690563    
   66.3938980       9.77132607    
   125.000000       9.56949520    
   183.606094       9.36769390    
   228.777985       9.21218681    
   250.000000       9.13914680    
   271.222015       9.06615829    
   316.393890       8.91084862    
   375.000000       8.70942688    
   433.606110       8.50809669    
   478.777985       8.35299778    
   500.000000       8.28016853    
   521.221985       8.20743942    
   566.393921       8.05272198    
   625.000000       7.85212469    
   683.606079       7.65167236    
   728.778015       7.49728918    
   750.000000       7.42481327    
   771.221985       7.35247993    
   816.393921       7.19863701    
   875.000000       6.99922085    
   933.606079       6.79999352    
   978.778015       6.64658689    
   1000.00000       6.57458210    
   1021.22198       6.50275230    
   1066.39392       6.35000706    
   1125.00000       6.15204906    
   1183.60608       5.95431089    
   1228.77795       5.80207348    
   1250.00000       5.73062658    
   1271.22205       5.65937471    
   1316.39392       5.50787497    
   1375.00000       5.31155252    
   1433.60608       5.11546612    
   1478.77795       4.96451139    
   1500.00000       4.89367008    
   1521.22205       4.82303095    
   1566.39392       4.67284012    
   1625.00000       4.47821951    
   1683.60608       4.28383446    
   1728.77795       4.13418818    
   1750.00000       4.06396008    
   1771.22205       3.99392700    
   1816.39392       3.84501839    
   1875.00000       3.65204954    
   1933.60608       3.45930004    
   1978.77795       3.31089973    
   2000.00000       3.24124932    
   2021.22205       3.17177367    
   2066.39380       3.02403450    
   2125.00000       2.83255482    
   2183.60620       2.64126348    
   2228.77808       2.49396062    
   2250.00000       2.42481375    
   2271.22192       2.35580969    
   2316.39380       2.20904660    
   2375.00000       2.01879215    
   2433.60620       1.82868207    
   2478.77808       1.68225372    
   2500.00000       1.61350203    
   2521.22192       1.54485118    
   2566.39380       1.39880466    
   2625.00000       1.20942771    
   2683.60620       1.02014160    
   2728.77808      0.874305487    
   2750.00000      0.805813313    
   2771.22192      0.737373352    
   2816.39380      0.591734827    
   2875.00000      0.402828217    
   2933.60620      0.213952586    
   2978.77808       6.83858767E-02
   3000.00000       8.59304491E-05
