   0.00000000       9.99990845    
   21.2220135       9.92718315    
   66.3938980       9.77219296    
   125.000000       9.57112408    
   183.606094       9.37008190    
   228.777985       9.21515560    
   250.000000       9.14238644    
   271.222015       9.06966305    
   316.393890       8.91491127    
   375.000000       8.71420383    
   433.606110       8.51357746    
   478.777985       8.35901070    
   500.000000       8.28642750    
   521.221985       8.21393299    
   566.393921       8.05970287    
   625.000000       7.85972309    
   683.606079       7.65987062    
   728.778015       7.50593662    
   750.000000       7.43366480    
   771.221985       7.36151886    
   816.393921       7.20806122    
   875.000000       7.00912333    
   933.606079       6.81035185    
   978.778015       6.65727854    
   1000.00000       6.58542299    
   1021.22198       6.51372147    
   1066.39392       6.36123180    
   1125.00000       6.16358042    
   1183.60608       5.96612310    
   1228.77795       5.81408167    
   1250.00000       5.74271774    
   1271.22205       5.67152643    
   1316.39392       5.52013540    
   1375.00000       5.32392740    
   1433.60608       5.12792683    
   1478.77795       4.97701693    
   1500.00000       4.90618801    
   1521.22205       4.83553696    
   1566.39392       4.68530083    
   1625.00000       4.49059391    
   1683.60608       4.29609489    
   1728.77795       4.14633989    
   1750.00000       4.07605124    
   1771.22205       4.00593472    
   1816.39392       3.85683060    
   1875.00000       3.66358089    
   1933.60608       3.47052479    
   1978.77795       3.32186866    
   2000.00000       3.25208998    
   2021.22205       3.18246555    
   2066.39380       3.03439283    
   2125.00000       2.84245682    
   2183.60620       2.65068746    
   2228.77808       2.50299954    
   2250.00000       2.43366504    
   2271.22192       2.36445665    
   2316.39380       2.21724510    
   2375.00000       2.02639031    
   2433.60620       1.83566284    
   2478.77808       1.68874669    
   2500.00000       1.61976087    
   2521.22192       1.55086410    
   2566.39380       1.40428472    
   2625.00000       1.21420407    
   2683.60620       1.02420366    
   2728.77808      0.877809942    
   2750.00000      0.809053123    
   2771.22192      0.740342379    
   2816.39380      0.594122946    
   2875.00000      0.404457331    
   2933.60620      0.214819103    
   2978.77808       6.86630234E-02
   3000.00000       8.62787274E-05
