   0.00000000       9.99990845    
   21.2220135       9.92742729    
   66.3938980       9.77295780    
   125.000000       9.57256126    
   183.606094       9.37218952    
   228.777985       9.21777534    
   250.000000       9.14524460    
   271.222015       9.07275486    
   316.393890       8.91849518    
   375.000000       8.71841812    
   433.606110       8.51841164    
   478.777985       8.36431599    
   500.000000       8.29194927    
   521.221985       8.21966171    
   566.393921       8.06586266    
   625.000000       7.86642694    
   683.606079       7.66710424    
   728.778015       7.51356554    
   750.000000       7.44147444    
   771.221985       7.36949396    
   816.393921       7.21637583    
   875.000000       7.01785994    
   933.606079       6.81949091    
   978.778015       6.66671181    
   1000.00000       6.59498787    
   1021.22198       6.52339935    
   1066.39392       6.37113523    
   1125.00000       6.17375469    
   1183.60608       5.97654438    
   1228.77795       5.82467604    
   1250.00000       5.75338602    
   1271.22205       5.68224716    
   1316.39392       5.53095293    
   1375.00000       5.33484507    
   1433.60608       5.13892078    
   1478.77795       4.98805094    
   1500.00000       4.91723251    
   1521.22205       4.84657097    
   1566.39392       4.69629478    
   1625.00000       4.50151205    
   1683.60608       4.30691242    
   1728.77795       4.15706062    
   1750.00000       4.08671904    
   1771.22205       4.01652956    
   1816.39392       3.86725211    
   1875.00000       3.67375469    
   1933.60608       3.48042822    
   1978.77795       3.33154631    
   2000.00000       3.26165438    
   2021.22205       3.19189858    
   2066.39380       3.04353166    
   2125.00000       2.85119343    
   2183.60620       2.65900183    
   2228.77808       2.51097417    
   2250.00000       2.44147444    
   2271.22192       2.37208581    
   2316.39380       2.22447848    
   2375.00000       2.03309393    
   2433.60620       1.84182191    
   2478.77808       1.69447517    
   2500.00000       1.62528288    
   2521.22192       1.55616915    
   2566.39380       1.40911961    
   2625.00000       1.21841812    
   2683.60620       1.02778757    
   2728.77808      0.880901814    
   2750.00000      0.811911523    
   2771.22192      0.742961884    
   2816.39380      0.596229911    
   2875.00000      0.405894697    
   2933.60620      0.215583593    
   2978.77808       6.89075366E-02
   3000.00000       8.65860129E-05
