   0.00000000       9.99990845    
   21.2220135       9.92734909    
   66.3938980       9.77271366    
   125.000000       9.57210159    
   183.606094       9.37151623    
   228.777985       9.21693802    
   250.000000       9.14433098    
   271.222015       9.07176685    
   316.393890       8.91734982    
   375.000000       8.71707153    
   433.606110       8.51686764    
   478.777985       8.36262035    
   500.000000       8.29018497    
   521.221985       8.21783161    
   566.393921       8.06389427    
   625.000000       7.86428499    
   683.606079       7.66479301    
   728.778015       7.51112795    
   750.000000       7.43897915    
   771.221985       7.36694574    
   816.393921       7.21371889    
   875.000000       7.01506853    
   933.606079       6.81657076    
   978.778015       6.66369772    
   1000.00000       6.59193182    
   1021.22198       6.52030706    
   1066.39392       6.36797094    
   1125.00000       6.17050362    
   1183.60608       5.97321463    
   1228.77795       5.82129097    
   1250.00000       5.74997711    
   1271.22205       5.67882156    
   1316.39392       5.52749634    
   1375.00000       5.33135653    
   1433.60608       5.13540840    
   1478.77795       4.98452520    
   1500.00000       4.91370344    
   1521.22205       4.84304523    
   1566.39392       4.69278240    
   1625.00000       4.49802351    
   1683.60608       4.30345583    
   1728.77795       4.15363550    
   1750.00000       4.08331060    
   1771.22205       4.01314402    
   1816.39392       3.86392212    
   1875.00000       3.67050385    
   1933.60608       3.47726393    
   1978.77795       3.32845402    
   2000.00000       3.25859857    
   2021.22205       3.18888474    
   2066.39380       3.04061151    
   2125.00000       2.84840178    
   2183.60620       2.65634513    
   2228.77808       2.50842619    
   2250.00000       2.43897915    
   2271.22192       2.36964822    
   2316.39380       2.22216725    
   2375.00000       2.03095198    
   2433.60620       1.83985400    
   2478.77808       1.69264483    
   2500.00000       1.62351847    
   2521.22192       1.55447400    
   2566.39380       1.40757477    
   2625.00000       1.21707165    
   2683.60620       1.02664244    
   2728.77808      0.879913926    
   2750.00000      0.810998201    
   2771.22192      0.742124856    
   2816.39380      0.595556736    
   2875.00000      0.405435443    
   2933.60620      0.215339333    
   2978.77808       6.88294098E-02
   3000.00000       8.64878311E-05
