   0.00000000       9.99990845    
   21.2220135       9.92726803    
   66.3938980       9.77245903    
   125.000000       9.57162285    
   183.606094       9.37081432    
   228.777985       9.21606541    
   250.000000       9.14337921    
   271.222015       9.07073689    
   316.393890       8.91615582    
   375.000000       8.71566772    
   433.606110       8.51525688    
   478.777985       8.36085320    
   500.000000       8.28834534    
   521.221985       8.21592236    
   566.393921       8.06184292    
   625.000000       7.86205196    
   683.606079       7.66238356    
   728.778015       7.50858641    
   750.000000       7.43637753    
   771.221985       7.36428928    
   816.393921       7.21094894    
   875.000000       7.01215792    
   933.606079       6.81352615    
   978.778015       6.66055536    
   1000.00000       6.58874512    
   1021.22198       6.51708317    
   1066.39392       6.36467171    
   1125.00000       6.16711426    
   1183.60608       5.96974277    
   1228.77795       5.81776142    
   1250.00000       5.74642324    
   1271.22205       5.67525005    
   1316.39392       5.52389288    
   1375.00000       5.32771969    
   1433.60608       5.13174582    
   1478.77795       4.98084974    
   1500.00000       4.91002417    
   1521.22205       4.83936977    
   1566.39392       4.68911982    
   1625.00000       4.49438620    
   1683.60608       4.29985237    
   1728.77795       4.15006351    
   1750.00000       4.07975674    
   1771.22205       4.00961494    
   1816.39392       3.86045027    
   1875.00000       3.66711473    
   1933.60608       3.47396469    
   1978.77795       3.32523012    
   2000.00000       3.25541210    
   2021.22205       3.18574214    
   2066.39380       3.03756714    
   2125.00000       2.84549141    
   2183.60620       2.65357542    
   2228.77808       2.50576949    
   2250.00000       2.43637776    
   2271.22192       2.36710668    
   2316.39380       2.21975756    
   2375.00000       2.02871871    
   2433.60620       1.83780217    
   2478.77808       1.69073641    
   2500.00000       1.62167895    
   2521.22192       1.55270672    
   2566.39380       1.40596402    
   2625.00000       1.21566784    
   2683.60620       1.02544856    
   2728.77808      0.878883898    
   2750.00000      0.810045958    
   2771.22192      0.741252244    
   2816.39380      0.594854772    
   2875.00000      0.404956609    
   2933.60620      0.215084642    
   2978.77808       6.87479526E-02
   3000.00000       8.63854584E-05
