   0.00000000       9.99990845    
   21.2220135       9.92709446    
   66.3938980       9.77191639    
   125.000000       9.57060337    
   183.606094       9.36931896    
   228.777985       9.21420670    
   250.000000       9.14135075    
   271.222015       9.06854343    
   316.393890       8.91361332    
   375.000000       8.71267796    
   433.606110       8.51182652    
   478.777985       8.35708904    
   500.000000       8.28442764    
   521.221985       8.21185875    
   566.393921       8.05747223    
   625.000000       7.85729551    
   683.606079       7.65725136    
   728.778015       7.50317335    
   750.000000       7.43083668    
   771.221985       7.35863066    
   816.393921       7.20504999    
   875.000000       7.00595951    
   933.606079       6.80704212    
   978.778015       6.65386248    
   1000.00000       6.58195925    
   1021.22198       6.51021671    
   1066.39392       6.35764551    
   1125.00000       6.15989590    
   1183.60608       5.96234894    
   1228.77795       5.81024456    
   1250.00000       5.73885441    
   1271.22205       5.66764355    
   1316.39392       5.51621819    
   1375.00000       5.31997347    
   1433.60608       5.12394524    
   1478.77795       4.97302151    
   1500.00000       4.90218830    
   1521.22205       4.83154106    
   1566.39392       4.68131924    
   1625.00000       4.48663998    
   1683.60608       4.29217768    
   1728.77795       4.14245701    
   1750.00000       4.07218790    
   1771.22205       4.00209808    
   1816.39392       3.85305643    
   1875.00000       3.65989637    
   1933.60608       3.46693826    
   1978.77795       3.31836390    
   2000.00000       3.24862623    
   2021.22205       3.17904925    
   2066.39380       3.03108311    
   2125.00000       2.83929300    
   2183.60620       2.64767623    
   2228.77808       2.50011134    
   2250.00000       2.43083692    
   2271.22192       2.36169386    
   2316.39380       2.21462560    
   2375.00000       2.02396250    
   2433.60620       1.83343244    
   2478.77808       1.68667209    
   2500.00000       1.61776102    
   2521.22192       1.54894280    
   2566.39380       1.40253365    
   2625.00000       1.21267796    
   2683.60620       1.02290583    
   2728.77808      0.876690209    
   2750.00000      0.808017910    
   2771.22192      0.739393711    
   2816.39380      0.593359888    
   2875.00000      0.403936803    
   2933.60620      0.214542240    
   2978.77808       6.85744658E-02
   3000.00000       8.61674489E-05
