   0.00000000       9.99990845    
   21.2220135       9.92750263    
   66.3938980       9.77319145    
   125.000000       9.57300186    
   183.606094       9.37283516    
   228.777985       9.21857834    
   250.000000       9.14612103    
   271.222015       9.07370281    
   316.393890       8.91959286    
   375.000000       8.71970940    
   433.606110       8.51989365    
   478.777985       8.36594105    
   500.000000       8.29364204    
   521.221985       8.22141743    
   566.393921       8.06774998    
   625.000000       7.86848164    
   683.606079       7.66932106    
   728.778015       7.51590347    
   750.000000       7.44386768    
   771.221985       7.37193775    
   816.393921       7.21892357    
   875.000000       7.02053690    
   933.606079       6.82229137    
   978.778015       6.66960287    
   1000.00000       6.59791851    
   1021.22198       6.52636528    
   1066.39392       6.37417030    
   1125.00000       6.17687225    
   1183.60608       5.97973824    
   1228.77795       5.82792282    
   1250.00000       5.75665522    
   1271.22205       5.68553257    
   1316.39392       5.53426790    
   1375.00000       5.33819103    
   1433.60608       5.14229012    
   1478.77795       4.99143219    
   1500.00000       4.92061663    
   1521.22205       4.84995222    
   1566.39392       4.69966412    
   1625.00000       4.50485754    
   1683.60608       4.31022739    
   1728.77795       4.16034651    
   1750.00000       4.08998823    
   1771.22205       4.01977587    
   1816.39392       3.87044573    
   1875.00000       3.67687249    
   1933.60608       3.48346305    
   1978.77795       3.33451200    
   2000.00000       3.26458549    
   2021.22205       3.19478941    
   2066.39380       3.04633212    
   2125.00000       2.85387063    
   2183.60620       2.66154981    
   2228.77808       2.51341820    
   2250.00000       2.44386768    
   2271.22192       2.37442374    
   2316.39380       2.22669506    
   2375.00000       2.03514814    
   2433.60620       1.84370935    
   2478.77808       1.69623077    
   2500.00000       1.62697518    
   2521.22192       1.55779481    
   2566.39380       1.41060126    
   2625.00000       1.21970963    
   2683.60620       1.02888584    
   2728.77808      0.881849349    
   2750.00000      0.812787473    
   2771.22192      0.743764639    
   2816.39380      0.596875608    
   2875.00000      0.406335175    
   2933.60620      0.215817884    
   2978.77808       6.89824745E-02
   3000.00000       8.66801784E-05
