   0.00000000       9.99990940    
   21.2220135       9.92770958    
   66.3938980       9.77383900    
   125.000000       9.57421780    
   183.606094       9.37461758    
   228.777985       9.22079468    
   250.000000       9.14853954    
   271.222015       9.07631874    
   316.393890       8.92262554    
   375.000000       8.72327518    
   433.606110       8.52398491    
   478.777985       8.37043095    
   500.000000       8.29831409    
   521.221985       8.22626495    
   566.393921       8.07296181    
   625.000000       7.87415409    
   683.606079       7.67544174    
   728.778015       7.52235937    
   750.000000       7.45047569    
   771.221985       7.37868643    
   816.393921       7.22595930    
   875.000000       7.02792978    
   933.606079       6.83002472    
   978.778015       6.67758512    
   1000.00000       6.60601234    
   1021.22198       6.53455448    
   1066.39392       6.38255024    
   1125.00000       6.18548155    
   1183.60608       5.98855686    
   1228.77795       5.83688784    
   1250.00000       5.76568222    
   1271.22205       5.69460487    
   1316.39392       5.54342127    
   1375.00000       5.34742975    
   1433.60608       5.15159321    
   1478.77795       5.00076866    
   1500.00000       4.92996216    
   1521.22205       4.85928869    
   1566.39392       4.70896721    
   1625.00000       4.51409626    
   1683.60608       4.31938076    
   1728.77795       4.16941833    
   1750.00000       4.09901524    
   1771.22205       4.02874088    
   1816.39392       3.87926435    
   1875.00000       3.68548155    
   1933.60608       3.49184322    
   1978.77795       3.34270120    
   2000.00000       3.27267885    
   2021.22205       3.20277166    
   2066.39380       3.05406547    
   2125.00000       2.86126328    
   2183.60620       2.66858554    
   2228.77808       2.52016640    
   2250.00000       2.45047593    
   2271.22192       2.38087940    
   2316.39380       2.23281598    
   2375.00000       2.04082084    
   2433.60620       1.84892118    
   2478.77808       1.70107818    
   2500.00000       1.63164783    
   2521.22192       1.56228399    
   2566.39380       1.41469252    
   2625.00000       1.22327554    
   2683.60620       1.03191853    
   2728.77808      0.884465694    
   2750.00000      0.815206289    
   2771.22192      0.745981216    
   2816.39380      0.598658562    
   2875.00000      0.407551467    
   2933.60620      0.216464803    
   2978.77808       6.91893846E-02
   3000.00000       8.69401993E-05
