   0.00000000       9.99990940    
   21.2220135       9.92757416    
   66.3938980       9.77341652    
   125.000000       9.57342434    
   183.606094       9.37345409    
   228.777985       9.21934795    
   250.000000       9.14696121    
   271.222015       9.07461166    
   316.393890       8.92064667    
   375.000000       8.72094822    
   433.606110       8.52131462    
   478.777985       8.36750031    
   500.000000       8.29526424    
   521.221985       8.22310066    
   566.393921       8.06956005    
   625.000000       7.87045193    
   683.606079       7.67144680    
   728.778015       7.51814604    
   750.000000       7.44616270    
   771.221985       7.37428188    
   816.393921       7.22136736    
   875.000000       7.02310514    
   933.606079       6.82497740    
   978.778015       6.67237520    
   1000.00000       6.60072994    
   1021.22198       6.52920961    
   1066.39392       6.37708092    
   1125.00000       6.17986250    
   1183.60608       5.98280144    
   1228.77795       5.83103657    
   1250.00000       5.75979042    
   1271.22205       5.68868399    
   1316.39392       5.53744745    
   1375.00000       5.34140015    
   1433.60608       5.14552164    
   1478.77795       4.99467516    
   1500.00000       4.92386293    
   1521.22205       4.85319519    
   1566.39392       4.70289564    
   1625.00000       4.50806665    
   1683.60608       4.31340647    
   1728.77795       4.16349745    
   1750.00000       4.09312391    
   1771.22205       4.02289009    
   1816.39392       3.87350869    
   1875.00000       3.67986274    
   1933.60608       3.48637390    
   1978.77795       3.33735657    
   2000.00000       3.26739669    
   2021.22205       3.19756198    
   2066.39380       3.04901814    
   2125.00000       2.85643840    
   2183.60620       2.66399360    
   2228.77808       2.51576209    
   2250.00000       2.44616294    
   2271.22192       2.37666607    
   2316.39380       2.22882104    
   2375.00000       2.03711867    
   2433.60620       1.84551966    
   2478.77808       1.69791448    
   2500.00000       1.62859821    
   2521.22192       1.55935407    
   2566.39380       1.41202223    
   2625.00000       1.22094822    
   2683.60620       1.02993929    
   2728.77808      0.882758081    
   2750.00000      0.813627601    
   2771.22192      0.744534552    
   2816.39380      0.597494900    
   2875.00000      0.406757653    
   2933.60620      0.216042578    
   2978.77808       6.90543428E-02
   3000.00000       8.67704948E-05
