   0.00000000       9.99990940    
   21.2220135       9.92764282    
   66.3938980       9.77363205    
   125.000000       9.57382965    
   183.606094       9.37404823    
   228.777985       9.22008610    
   250.000000       9.14776707    
   271.222015       9.07548332    
   316.393890       8.92165661    
   375.000000       8.72213650    
   433.606110       8.52267742    
   478.777985       8.36899662    
   500.000000       8.29682159    
   521.221985       8.22471619    
   566.393921       8.07129669    
   625.000000       7.87234163    
   683.606079       7.67348623    
   728.778015       7.52029657    
   750.000000       7.44836426    
   771.221985       7.37653017    
   816.393921       7.22371149    
   875.000000       7.02556801    
   933.606079       6.82755375    
   978.778015       6.67503452    
   1000.00000       6.60342598    
   1021.22198       6.53193760    
   1066.39392       6.37987280    
   1125.00000       6.18273067    
   1183.60608       5.98573923    
   1228.77795       5.83402300    
   1250.00000       5.76279783    
   1271.22205       5.69170618    
   1316.39392       5.54049683    
   1375.00000       5.34447765    
   1433.60608       5.14862061    
   1478.77795       4.99778557    
   1500.00000       4.92697620    
   1521.22205       4.85630560    
   1566.39392       4.70599461    
   1625.00000       4.51114464    
   1683.60608       4.31645584    
   1728.77795       4.16651964    
   1750.00000       4.09613132    
   1771.22205       4.02587652    
   1816.39392       3.87644672    
   1875.00000       3.68273067    
   1933.60608       3.48916554    
   1978.77795       3.34008455    
   2000.00000       3.27009296    
   2021.22205       3.20022130    
   2066.39380       3.05159450    
   2125.00000       2.85890126    
   2183.60620       2.66633749    
   2228.77808       2.51801038    
   2250.00000       2.44836450    
   2271.22192       2.37881660    
   2316.39380       2.23086023    
   2375.00000       2.03900838    
   2433.60620       1.84725595    
   2478.77808       1.69952941    
   2500.00000       1.63015485    
   2521.22192       1.56084955    
   2566.39380       1.41338527    
   2625.00000       1.22213614    
   2683.60620       1.03094959    
   2728.77808      0.883629739    
   2750.00000      0.814433396    
   2771.22192      0.745272994    
   2816.39380      0.598088861    
   2875.00000      0.407162845    
   2933.60620      0.216258094    
   2978.77808       6.91232756E-02
   3000.00000       8.68571224E-05
