   0.00000000       9.99990940    
   21.2220135       9.92777252    
   66.3938980       9.77403736    
   125.000000       9.57459068    
   183.606094       9.37516403    
   228.777985       9.22147369    
   250.000000       9.14928055    
   271.222015       9.07712078    
   316.393890       8.92355537    
   375.000000       8.72436810    
   433.606110       8.52523899    
   478.777985       8.37180614    
   500.000000       8.29974651    
   521.221985       8.22774982    
   566.393921       8.07455921    
   625.000000       7.87589264    
   683.606079       7.67731762    
   728.778015       7.52433777    
   750.000000       7.45250082    
   771.221985       7.38075447    
   816.393921       7.22811556    
   875.000000       7.03019524    
   933.606079       6.83239460    
   978.778015       6.68003130    
   1000.00000       6.60849237    
   1021.22198       6.53706408    
   1066.39392       6.38511848    
   1125.00000       6.18811989    
   1183.60608       5.99125957    
   1228.77795       5.83963490    
   1250.00000       5.76844835    
   1271.22205       5.69738483    
   1316.39392       5.54622650    
   1375.00000       5.35026073    
   1433.60608       5.15444422    
   1478.77795       5.00363016    
   1500.00000       4.93282604    
   1521.22205       4.86214972    
   1566.39392       4.71181822    
   1625.00000       4.51692772    
   1683.60608       4.32218599    
   1728.77795       4.17219830    
   1750.00000       4.10178185    
   1771.22205       4.03148842    
   1816.39392       3.88196683    
   1875.00000       3.68811965    
   1933.60608       3.49441123    
   1978.77795       3.34521079    
   2000.00000       3.27515912    
   2021.22205       3.20521808    
   2066.39380       3.05643535    
   2125.00000       2.86352897    
   2183.60620       2.67074156    
   2228.77808       2.52223444    
   2250.00000       2.45250106    
   2271.22192       2.38285780    
   2316.39380       2.23469162    
   2375.00000       2.04255939    
   2433.60620       1.85051835    
   2478.77808       1.70256376    
   2500.00000       1.63307977    
   2521.22192       1.56365967    
   2566.39380       1.41594625    
   2625.00000       1.22436833    
   2683.60620       1.03284788    
   2728.77808      0.885267496    
   2750.00000      0.815947533    
   2771.22192      0.746660531    
   2816.39380      0.599204957    
   2875.00000      0.407924205    
   2933.60620      0.216663048    
   2978.77808       6.92527965E-02
   3000.00000       8.70198855E-05
