   0.00000000       9.99990940    
   21.2220135       9.92800140    
   66.3938980       9.77475262    
   125.000000       9.57593536    
   183.606094       9.37713528    
   228.777985       9.22392464    
   250.000000       9.15195465    
   271.222015       9.08001328    
   316.393890       8.92690754    
   375.000000       8.72831059    
   433.606110       8.52976227    
   478.777985       8.37676907    
   500.000000       8.30491257    
   521.221985       8.23310947    
   566.393921       8.08032036    
   625.000000       7.88216400    
   683.606079       7.68408442    
   728.778015       7.53147459    
   750.000000       7.45980644    
   771.221985       7.38821459    
   816.393921       7.23589373    
   875.000000       7.03836823    
   933.606079       6.84094381    
   978.778015       6.68885612    
   1000.00000       6.61743975    
   1021.22198       6.54611731    
   1066.39392       6.39438295    
   1125.00000       6.19763708    
   1183.60608       6.00100851    
   1228.77795       5.84954596    
   1250.00000       5.77842808    
   1271.22205       5.70741415    
   1316.39392       5.55634594    
   1375.00000       5.36047459    
   1433.60608       5.16472864    
   1478.77795       5.01395178    
   1500.00000       4.94315767    
   1521.22205       4.87247181    
   1566.39392       4.72210264    
   1625.00000       4.52714109    
   1683.60608       4.33230543    
   1728.77795       4.18222761    
   1750.00000       4.11176157    
   1771.22205       4.04139900    
   1816.39392       3.89171600    
   1875.00000       3.69763708    
   1933.60608       3.50367570    
   1978.77795       3.35426402    
   2000.00000       3.28410649    
   2021.22205       3.21404243    
   2066.39380       3.06498432    
   2125.00000       2.87170172    
   2183.60620       2.67851973    
   2228.77808       2.52969480    
   2250.00000       2.45980644    
   2271.22192       2.38999462    
   2316.39380       2.24145842    
   2375.00000       2.04883051    
   2433.60620       1.85627997    
   2478.77808       1.70792270    
   2500.00000       1.63824558    
   2521.22192       1.56862247    
   2566.39380       1.42046928    
   2625.00000       1.22831059    
   2683.60620       1.03620064    
   2728.77808      0.888159871    
   2750.00000      0.818621516    
   2771.22192      0.749111056    
   2816.39380      0.601175964    
   2875.00000      0.409268826    
   2933.60620      0.217378229    
   2978.77808       6.94815367E-02
   3000.00000       8.73073441E-05
