   0.00000000       9.99990940    
   21.2220135       9.92783356    
   66.3938980       9.77422714    
   125.000000       9.57494831    
   183.606094       9.37568855    
   228.777985       9.22212505    
   250.000000       9.14999199    
   271.222015       9.07788944    
   316.393890       8.92444611    
   375.000000       8.72541618    
   433.606110       8.52644157    
   478.777985       8.37312603    
   500.000000       8.30111980    
   521.221985       8.22917461    
   566.393921       8.07609081    
   625.000000       7.87755966    
   683.606079       7.67911673    
   728.778015       7.52623510    
   750.000000       7.45444345    
   771.221985       7.38273764    
   816.393921       7.23018360    
   875.000000       7.03236818    
   933.606079       6.83466768    
   978.778015       6.68237734    
   1000.00000       6.61087132    
   1021.22198       6.53947115    
   1066.39392       6.38758183    
   1125.00000       6.19064999    
   1183.60608       5.99385166    
   1228.77795       5.84226990    
   1250.00000       5.77110147    
   1271.22205       5.70005131    
   1316.39392       5.54891682    
   1375.00000       5.35297632    
   1433.60608       5.15717840    
   1478.77795       5.00637436    
   1500.00000       4.93557310    
   1521.22205       4.86489439    
   1566.39392       4.71455240    
   1625.00000       4.51964283    
   1683.60608       4.32487631    
   1728.77795       4.17486477    
   1750.00000       4.10443497    
   1771.22205       4.03412342    
   1816.39392       3.88455892    
   1875.00000       3.69064999    
   1933.60608       3.49687433    
   1978.77795       3.34761786    
   2000.00000       3.27753806    
   2021.22205       3.20756412    
   2066.39380       3.05870819    
   2125.00000       2.86570168    
   2183.60620       2.67280960    
   2228.77808       2.52421784    
   2250.00000       2.45444322    
   2271.22192       2.38475513    
   2316.39380       2.23649073    
   2375.00000       2.04422665    
   2433.60620       1.85205019    
   2478.77808       1.70398855    
   2500.00000       1.63445330    
   2521.22192       1.56497908    
   2566.39380       1.41714871    
   2625.00000       1.22541642    
   2683.60620       1.03373933    
   2728.77808      0.886036456    
   2750.00000      0.816658437    
   2771.22192      0.747312069    
   2816.39380      0.599728942    
   2875.00000      0.408281684    
   2933.60620      0.216853186    
   2978.77808       6.93136081E-02
   3000.00000       8.70963122E-05
