   0.00000000       9.99990940    
   21.2220135       9.92789173    
   66.3938980       9.77440929    
   125.000000       9.57529163    
   183.606094       9.37619114    
   228.777985       9.22275066    
   250.000000       9.15067387    
   271.222015       9.07862759    
   316.393890       8.92530155    
   375.000000       8.72642136    
   433.606110       8.52759457    
   478.777985       8.37439156    
   500.000000       8.30243683    
   521.221985       8.23054123    
   566.393921       8.07756042    
   625.000000       7.87915897    
   683.606079       7.68084192    
   728.778015       7.52805519    
   750.000000       7.45630598    
   771.221985       7.38464022    
   816.393921       7.23216677    
   875.000000       7.03445244    
   933.606079       6.83684731    
   978.778015       6.68462753    
   1000.00000       6.61315298    
   1021.22198       6.54177952    
   1066.39392       6.38994408    
   1125.00000       6.19307709    
   1183.60608       5.99633741    
   1228.77795       5.84479713    
   1250.00000       5.77364635    
   1271.22205       5.70260906    
   1316.39392       5.55149746    
   1375.00000       5.35558081    
   1433.60608       5.15980101    
   1478.77795       5.00900650    
   1500.00000       4.93820763    
   1521.22205       4.86752605    
   1566.39392       4.71717501    
   1625.00000       4.52224731    
   1683.60608       4.32745647    
   1728.77795       4.17742252    
   1750.00000       4.10697985    
   1771.22205       4.03665066    
   1816.39392       3.88704491    
   1875.00000       3.69307709    
   1933.60608       3.49923682    
   1978.77795       3.34992623    
   2000.00000       3.27981949    
   2021.22205       3.20981431    
   2066.39380       3.06088829    
   2125.00000       2.86778569    
   2183.60620       2.67479300    
   2228.77808       2.52612019    
   2250.00000       2.45630622    
   2271.22192       2.38657498    
   2316.39380       2.23821616    
   2375.00000       2.04582572    
   2433.60620       1.85351932    
   2478.77808       1.70535505    
   2500.00000       1.63577044    
   2521.22192       1.56624460    
   2566.39380       1.41830206    
   2625.00000       1.22642171    
   2683.60620       1.03459418    
   2728.77808      0.886774004    
   2750.00000      0.817340314    
   2771.22192      0.747936904    
   2816.39380      0.600231588    
   2875.00000      0.408624560    
   2933.60620      0.217035562    
   2978.77808       6.93719387E-02
   3000.00000       8.71696175E-05
