   0.00000000       9.99990940    
   21.2220135       9.92805290    
   66.3938980       9.77491283    
   125.000000       9.57623768    
   183.606094       9.37757874    
   228.777985       9.22447586    
   250.000000       9.15255642    
   271.222015       9.08066368    
   316.393890       8.92766190    
   375.000000       8.72919750    
   433.606110       8.53077984    
   478.777985       8.37788582    
   500.000000       8.30607414    
   521.221985       8.23431492    
   566.393921       8.08161736    
   625.000000       7.88357449    
   683.606079       7.68560648    
   728.778015       7.53308010    
   750.000000       7.46145010    
   771.221985       7.38989305    
   816.393921       7.23764372    
   875.000000       7.04020691    
   933.606079       6.84286690    
   978.778015       6.69084120    
   1000.00000       6.61945295    
   1021.22198       6.54815388    
   1066.39392       6.39646721    
   1125.00000       6.19977856    
   1183.60608       6.00320196    
   1228.77795       5.85177565    
   1250.00000       5.78067303    
   1271.22205       5.70967054    
   1316.39392       5.55862236    
   1375.00000       5.36277199    
   1433.60608       5.16704273    
   1478.77795       5.01627398    
   1500.00000       4.94548225    
   1521.22205       4.87479401    
   1566.39392       4.72441673    
   1625.00000       4.52943897    
   1683.60608       4.33458185    
   1728.77795       4.18448400    
   1750.00000       4.11400652    
   1771.22205       4.04362869    
   1816.39392       3.89390922    
   1875.00000       3.69977832    
   1933.60608       3.50575995    
   1978.77795       3.35630083    
   2000.00000       3.28611946    
   2021.22205       3.21602774    
   2066.39380       3.06690788    
   2125.00000       2.87354040    
   2183.60620       2.68026948    
   2228.77808       2.53137326    
   2250.00000       2.46145010    
   2271.22192       2.39160013    
   2316.39380       2.24298072    
   2375.00000       2.05024147    
   2433.60620       1.85757625    
   2478.77808       1.70912838    
   2500.00000       1.63940775    
   2521.22192       1.56973898    
   2566.39380       1.42148674    
   2625.00000       1.22919750    
   2683.60620       1.03695488    
   2728.77808      0.888810635    
   2750.00000      0.819223106    
   2771.22192      0.749662340    
   2816.39380      0.601619422    
   2875.00000      0.409571320    
   2933.60620      0.217539132    
   2978.77808       6.95329979E-02
   3000.00000       8.73720201E-05
