   0.00000000       9.99990940    
   21.2220135       9.92794800    
   66.3938980       9.77458477    
   125.000000       9.57561970    
   183.606094       9.37667274    
   228.777985       9.22334957    
   250.000000       9.15132713    
   271.222015       9.07933426    
   316.393890       8.92612171    
   375.000000       8.72738552    
   433.606110       8.52870083    
   478.777985       8.37560463    
   500.000000       8.30370045    
   521.221985       8.23185253    
   566.393921       8.07896900    
   625.000000       7.88069296    
   683.606079       7.68249702    
   728.778015       7.52980042    
   750.000000       7.45809269    
   771.221985       7.38646460    
   816.393921       7.23406935    
   875.000000       7.03645134    
   933.606079       6.83893824    
   978.778015       6.68678570    
   1000.00000       6.61534119    
   1021.22198       6.54399347    
   1066.39392       6.39221001    
   1125.00000       6.19540453    
   1183.60608       5.99872160    
   1228.77795       5.84722090    
   1250.00000       5.77608728    
   1271.22205       5.70506191    
   1316.39392       5.55397224    
   1375.00000       5.35807848    
   1433.60608       5.16231632    
   1478.77795       5.01153088    
   1500.00000       4.94073439    
   1521.22205       4.87005043    
   1566.39392       4.71969032    
   1625.00000       4.52474546    
   1683.60608       4.32993174    
   1728.77795       4.17987537    
   1750.00000       4.10942030    
   1771.22205       4.03907442    
   1816.39392       3.88942909    
   1875.00000       3.69540477    
   1933.60608       3.50150251    
   1978.77795       3.35214043    
   2000.00000       3.28200793    
   2021.22205       3.21197248    
   2066.39380       3.06297898    
   2125.00000       2.86978459    
   2183.60620       2.67669511    
   2228.77808       2.52794480    
   2250.00000       2.45809293    
   2271.22192       2.38832045    
   2316.39380       2.23987103    
   2375.00000       2.04735947    
   2433.60620       1.85492849    
   2478.77808       1.70666564    
   2500.00000       1.63703394    
   2521.22192       1.56745827    
   2566.39380       1.41940832    
   2625.00000       1.22738588    
   2683.60620       1.03541422    
   2728.77808      0.887481451    
   2750.00000      0.817994297    
   2771.22192      0.748536229    
   2816.39380      0.600713670    
   2875.00000      0.408953398    
   2933.60620      0.217210472    
   2978.77808       6.94278851E-02
   3000.00000       8.72399178E-05
