   0.00000000       9.99990940    
   21.2220135       9.92819500    
   66.3938980       9.77535725    
   125.000000       9.57707310    
   183.606094       9.37880325    
   228.777985       9.22599792    
   250.000000       9.15421772    
   271.222015       9.08246040    
   316.393890       8.92974472    
   375.000000       8.73164654    
   433.606110       8.53358936    
   478.777985       8.38096905    
   500.000000       8.30928326    
   521.221985       8.23764420    
   566.393921       8.08519650    
   625.000000       7.88747025    
   683.606079       7.68981028    
   728.778015       7.53751373    
   750.000000       7.46598864    
   771.221985       7.39452744    
   816.393921       7.24247551    
   875.000000       7.04528427    
   933.606079       6.84817791    
   978.778015       6.69632339    
   1000.00000       6.62501097    
   1021.22198       6.55377817    
   1066.39392       6.40222263    
   1125.00000       6.20569086    
   1183.60608       6.00925827    
   1228.77795       5.85793257    
   1250.00000       5.78687286    
   1271.22205       5.71590090    
   1316.39392       5.56490898    
   1375.00000       5.36911678    
   1433.60608       5.17343187    
   1478.77795       5.02268600    
   1500.00000       4.95190048    
   1521.22205       4.88120604    
   1566.39392       4.73080587    
   1625.00000       4.53578377    
   1683.60608       4.34086800    
   1728.77795       4.19071436    
   1750.00000       4.12020588    
   1771.22205       4.04978561    
   1816.39392       3.89996576    
   1875.00000       3.70569086    
   1933.60608       3.51151514    
   1978.77795       3.36192489    
   2000.00000       3.29167795    
   2021.22205       3.22150993    
   2066.39380       3.07221866    
   2125.00000       2.87861753    
   2183.60620       2.68510151    
   2228.77808       2.53600764    
   2250.00000       2.46598840    
   2271.22192       2.39603376    
   2316.39380       2.24718428    
   2375.00000       2.05413723    
   2433.60620       1.86115551    
   2478.77808       1.71245742    
   2500.00000       1.64261687    
   2521.22192       1.57282197    
   2566.39380       1.42429650    
   2625.00000       1.23164654    
   2683.60620       1.03903759    
   2728.77808      0.890607476    
   2750.00000      0.820884228    
   2771.22192      0.751184642    
   2816.39380      0.602843881    
   2875.00000      0.410406649    
   2933.60620      0.217983410    
   2978.77808       6.96751028E-02
   3000.00000       8.75505939E-05
