   0.00000000       9.99991035    
   21.2220135       9.92827988    
   66.3938980       9.77562428    
   125.000000       9.57757473    
   183.606094       9.37953854    
   228.777985       9.22691250    
   250.000000       9.15521526    
   271.222015       9.08353901    
   316.393890       8.93099499    
   375.000000       8.73311710    
   433.606110       8.53527641    
   478.777985       8.38281918    
   500.000000       8.31121063    
   521.221985       8.23964310    
   566.393921       8.08734512    
   625.000000       7.88980961    
   683.606079       7.69233370    
   728.778015       7.54017544    
   750.000000       7.46871328    
   771.221985       7.39731026    
   816.393921       7.24537659    
   875.000000       7.04833221    
   933.606079       6.85136652    
   978.778015       6.69961452    
   1000.00000       6.62834835    
   1021.22198       6.55715466    
   1066.39392       6.40567780    
   1125.00000       6.20924044    
   1183.60608       6.01289463    
   1228.77795       5.86162901    
   1250.00000       5.79059458    
   1271.22205       5.71964169    
   1316.39392       5.56868315    
   1375.00000       5.37292624    
   1433.60608       5.17726755    
   1478.77795       5.02653551    
   1500.00000       4.95575380    
   1521.22205       4.88505554    
   1566.39392       4.73464155    
   1625.00000       4.53959274    
   1683.60608       4.34464216    
   1728.77795       4.19445515    
   1750.00000       4.12392807    
   1771.22205       4.05348206    
   1816.39392       3.90360165    
   1875.00000       3.70924044    
   1933.60608       3.51497054    
   1978.77795       3.36530161    
   2000.00000       3.29501486    
   2021.22205       3.22480106    
   2066.39380       3.07540727    
   2125.00000       2.88166571    
   2183.60620       2.68800235    
   2228.77808       2.53879023    
   2250.00000       2.46871305    
   2271.22192       2.39869547    
   2316.39380       2.24970794    
   2375.00000       2.05647612    
   2433.60620       1.86330450    
   2478.77808       1.71445620    
   2500.00000       1.64454353    
   2521.22192       1.57467282    
   2566.39380       1.42598343    
   2625.00000       1.23311687    
   2683.60620       1.04028809    
   2728.77808      0.891686201    
   2750.00000      0.821881533    
   2771.22192      0.752098620    
   2816.39380      0.603579044    
   2875.00000      0.410908133    
   2933.60620      0.218250155    
   2978.77808       6.97604120E-02
   3000.00000       8.76578051E-05
