   0.00000000       9.99990940    
   21.2220135       9.92810249    
   66.3938980       9.77506733    
   125.000000       9.57652855    
   183.606094       9.37800407    
   228.777985       9.22500420    
   250.000000       9.15313339    
   271.222015       9.08128834    
   316.393890       8.92838573    
   375.000000       8.73004818    
   433.606110       8.53175545    
   478.777985       8.37895679    
   500.000000       8.30718899    
   521.221985       8.23547173    
   566.393921       8.08285999    
   625.000000       7.88492775    
   683.606079       7.68706656    
   728.778015       7.53462029    
   750.000000       7.46302652    
   771.221985       7.39150286    
   816.393921       7.23932171    
   875.000000       7.04197073    
   933.606079       6.84471178    
   978.778015       6.69274521    
   1000.00000       6.62138367    
   1021.22198       6.55010748    
   1066.39392       6.39846611    
   1125.00000       6.20183182    
   1183.60608       6.00530577    
   1228.77795       5.85391426    
   1250.00000       5.78282642    
   1271.22205       5.71183491    
   1316.39392       5.56080580    
   1375.00000       5.36497593    
   1433.60608       5.16926193    
   1478.77795       5.01850128    
   1500.00000       4.94771147    
   1521.22205       4.87702131    
   1566.39392       4.72663593    
   1625.00000       4.53164291    
   1683.60608       4.33676529    
   1728.77795       4.18664837    
   1750.00000       4.11615992    
   1771.22205       4.04576731    
   1816.39392       3.89601302    
   1875.00000       3.70183206    
   1933.60608       3.50775886    
   1978.77795       3.35825443    
   2000.00000       3.28805017    
   2021.22205       3.21793199    
   2066.39380       3.06875253    
   2125.00000       2.87530375    
   2183.60620       2.68194795    
   2228.77808       2.53298306    
   2250.00000       2.46302652    
   2271.22192       2.39314008    
   2316.39380       2.24444079    
   2375.00000       2.05159450    
   2433.60620       1.85881948    
   2478.77808       1.71028471    
   2500.00000       1.64052248    
   2521.22192       1.57080984    
   2566.39380       1.42246270    
   2625.00000       1.23004818    
   2683.60620       1.03767824    
   2728.77808      0.889434755    
   2750.00000      0.819800079    
   2771.22192      0.750191092    
   2816.39380      0.602044761    
   2875.00000      0.409861475    
   2933.60620      0.217693448    
   2978.77808       6.95823580E-02
   3000.00000       8.74340476E-05
