   0.00000000       9.99990940    
   21.2220135       9.92823887    
   66.3938980       9.77549362    
   125.000000       9.57732964    
   183.606094       9.37917805    
   228.777985       9.22646427    
   250.000000       9.15472698    
   271.222015       9.08301163    
   316.393890       8.93038273    
   375.000000       8.73239708    
   433.606110       8.53445053    
   478.777985       8.38191319    
   500.000000       8.31026649    
   521.221985       8.23866463    
   566.393921       8.08629322    
   625.000000       7.88866425    
   683.606079       7.69109821    
   728.778015       7.53887224    
   750.000000       7.46737909    
   771.221985       7.39594793    
   816.393921       7.24395609    
   875.000000       7.04684019    
   933.606079       6.84980583    
   978.778015       6.69800329    
   1000.00000       6.62671471    
   1021.22198       6.55550194    
   1066.39392       6.40398598    
   1125.00000       6.20750284    
   1183.60608       6.01111412    
   1228.77795       5.85981941    
   1250.00000       5.78877258    
   1271.22205       5.71781063    
   1316.39392       5.56683540    
   1375.00000       5.37106133    
   1433.60608       5.17538977    
   1478.77795       5.02465105    
   1500.00000       4.95386744    
   1521.22205       4.88317108    
   1566.39392       4.73276377    
   1625.00000       4.53772783    
   1683.60608       4.34279442    
   1728.77795       4.19262362    
   1750.00000       4.12210608    
   1771.22205       4.05167246    
   1816.39392       3.90182161    
   1875.00000       3.70750260    
   1933.60608       3.51327896    
   1978.77795       3.36364841    
   2000.00000       3.29338121    
   2021.22205       3.22318983    
   2066.39380       3.07384634    
   2125.00000       2.88017344    
   2183.60620       2.68658233    
   2228.77808       2.53742790    
   2250.00000       2.46737933    
   2271.22192       2.39739227    
   2316.39380       2.24847245    
   2375.00000       2.05533099    
   2433.60620       1.86225247    
   2478.77808       1.71347773    
   2500.00000       1.64360034    
   2521.22192       1.57376671    
   2566.39380       1.42515767    
   2625.00000       1.23239708    
   2683.60620       1.03967583    
   2728.77808      0.891158104    
   2750.00000      0.821393311    
   2771.22192      0.751651168    
   2816.39380      0.603219151    
   2875.00000      0.410662621    
   2933.60620      0.218119562    
   2978.77808       6.97186515E-02
   3000.00000       8.76053164E-05
