   0.00000000       9.99990940    
   21.2220135       9.92814922    
   66.3938980       9.77521515    
   125.000000       9.57680607    
   183.606094       9.37841225    
   228.777985       9.22551155    
   250.000000       9.15368652    
   271.222015       9.08188629    
   316.393890       8.92907906    
   375.000000       8.73086357    
   433.606110       8.53269100    
   478.777985       8.37998390    
   500.000000       8.30825806    
   521.221985       8.23657990    
   566.393921       8.08405209    
   625.000000       7.88622570    
   683.606079       7.68846703    
   728.778015       7.53609705    
   750.000000       7.46453857    
   771.221985       7.39304686    
   816.393921       7.24093151    
   875.000000       7.04366207    
   933.606079       6.84648132    
   978.778015       6.69457150    
   1000.00000       6.62323523    
   1021.22198       6.55198097    
   1066.39392       6.40038347    
   1125.00000       6.20380163    
   1183.60608       6.00732327    
   1228.77795       5.85596514    
   1250.00000       5.78489161    
   1271.22205       5.71391058    
   1316.39392       5.56290007    
   1375.00000       5.36708975    
   1433.60608       5.17139053    
   1478.77795       5.02063751    
   1500.00000       4.94984961    
   1521.22205       4.87915707    
   1566.39392       4.72876453    
   1625.00000       4.53375626    
   1683.60608       4.33885956    
   1728.77795       4.18872404    
   1750.00000       4.11822510    
   1771.22205       4.04781866    
   1816.39392       3.89803052    
   1875.00000       3.70380163    
   1933.60608       3.50967622    
   1978.77795       3.36012793    
   2000.00000       3.28990197    
   2021.22205       3.21975827    
   2066.39380       3.07052183    
   2125.00000       2.87699533    
   2183.60620       2.68355751    
   2228.77808       2.53452682    
   2250.00000       2.46453834    
   2271.22192       2.39461708    
   2316.39380       2.24584103    
   2375.00000       2.05289245    
   2433.60620       1.86001194    
   2478.77808       1.71139371    
   2500.00000       1.64159155    
   2521.22192       1.57183683    
   2566.39380       1.42339873    
   2625.00000       1.23086405    
   2683.60620       1.03837216    
   2728.77808      0.890033305    
   2750.00000      0.820353508    
   2771.22192      0.750698268    
   2816.39380      0.602452636    
   2875.00000      0.410139740    
   2933.60620      0.217841461    
   2978.77808       6.96296990E-02
   3000.00000       8.74935358E-05
