   0.00000000       9.99991035    
   21.2220135       9.92839527    
   66.3938980       9.77598476    
   125.000000       9.57825279    
   183.606094       9.38053226    
   228.777985       9.22814751    
   250.000000       9.15656281    
   271.222015       9.08499813    
   316.393890       8.93268585    
   375.000000       8.73510456    
   433.606110       8.53755665    
   478.777985       8.38532162    
   500.000000       8.31381512    
   521.221985       8.24234486    
   566.393921       8.09025002    
   625.000000       7.89297104    
   683.606079       7.69574547    
   728.778015       7.54377365    
   750.000000       7.47239637    
   771.221985       7.40107155    
   816.393921       7.24929810    
   875.000000       7.05245304    
   933.606079       6.85567713    
   978.778015       6.70406342    
   1000.00000       6.63285923    
   1021.22198       6.56171942    
   1066.39392       6.41034889    
   1125.00000       6.21403885    
   1183.60608       6.01780987    
   1228.77795       5.86662579    
   1250.00000       5.79562616    
   1271.22205       5.72469807    
   1316.39392       5.57378483    
   1375.00000       5.37807560    
   1433.60608       5.18245268    
   1478.77795       5.03173971    
   1500.00000       4.96096277    
   1521.22205       4.89025974    
   1566.39392       4.73982668    
   1625.00000       4.54474211    
   1683.60608       4.34974432    
   1728.77795       4.19951153    
   1750.00000       4.12895966    
   1771.22205       4.05847883    
   1816.39392       3.90851712    
   1875.00000       3.71403885    
   1933.60608       3.51964140    
   1978.77795       3.36986589    
   2000.00000       3.29952598    
   2021.22205       3.22925019    
   2066.39380       3.07971764    
   2125.00000       2.88578629    
   2183.60620       2.69192386    
   2228.77808       2.54255152    
   2250.00000       2.47239637    
   2271.22192       2.40229368    
   2316.39380       2.25311947    
   2375.00000       2.05963802    
   2433.60620       1.86620939    
   2478.77808       1.71715808    
   2500.00000       1.64714801    
   2521.22192       1.57717502    
   2566.39380       1.42826390    
   2625.00000       1.23510444    
   2683.60620       1.04197836    
   2728.77808      0.893144488    
   2750.00000      0.823229730    
   2771.22192      0.753334105    
   2816.39380      0.604572773    
   2875.00000      0.411586076    
   2933.60620      0.218610734    
   2978.77808       6.98757395E-02
   3000.00000       8.78027349E-05
