   0.00000000       9.99991035    
   21.2220135       9.92846489    
   66.3938980       9.77620125    
   125.000000       9.57866001    
   183.606094       9.38112831    
   228.777985       9.22888947    
   250.000000       9.15737247    
   271.222015       9.08587360    
   316.393890       8.93370056    
   375.000000       8.73629761    
   433.606110       8.53892517    
   478.777985       8.38682365    
   500.000000       8.31537819    
   521.221985       8.24396706    
   566.393921       8.09199429    
   625.000000       7.89486933    
   683.606079       7.69779396    
   728.778015       7.54593420    
   750.000000       7.47460794    
   771.221985       7.40332985    
   816.393921       7.25165224    
   875.000000       7.05492687    
   933.606079       6.85826492    
   978.778015       6.70673466    
   1000.00000       6.63556767    
   1021.22198       6.56445980    
   1066.39392       6.41315317    
   1125.00000       6.21691990    
   1183.60608       6.02076054    
   1228.77795       5.86962557    
   1250.00000       5.79864693    
   1271.22205       5.72773409    
   1316.39392       5.57684803    
   1375.00000       5.38116741    
   1433.60608       5.18556595    
   1478.77795       5.03486395    
   1500.00000       4.96408987    
   1521.22205       4.89338398    
   1566.39392       4.74293995    
   1625.00000       4.54783392    
   1683.60608       4.35280752    
   1728.77795       4.20254755    
   1750.00000       4.13198042    
   1771.22205       4.06147909    
   1816.39392       3.91146803    
   1875.00000       3.71691990    
   1933.60608       3.52244568    
   1978.77795       3.37260628    
   2000.00000       3.30223441    
   2021.22205       3.23192143    
   2066.39380       3.08230543    
   2125.00000       2.88826013    
   2183.60620       2.69427824    
   2228.77808       2.54480982    
   2250.00000       2.47460771    
   2271.22192       2.40445399    
   2316.39380       2.25516772    
   2375.00000       2.06153607    
   2433.60620       1.86795342    
   2478.77808       1.71878016    
   2500.00000       1.64871168    
   2521.22192       1.57867718    
   2566.39380       1.42963290    
   2625.00000       1.23629773    
   2683.60620       1.04299319    
   2728.77808      0.894020021    
   2750.00000      0.824039161    
   2771.22192      0.754075885    
   2816.39380      0.605169415    
   2875.00000      0.411993086    
   2933.60620      0.218827218    
   2978.77808       6.99449852E-02
   3000.00000       8.78897481E-05
