   0.00000000       9.99991035    
   21.2220135       9.92843056    
   66.3938980       9.77609539    
   125.000000       9.57846069    
   183.606094       9.38083649    
   228.777985       9.22852612    
   250.000000       9.15697575    
   271.222015       9.08544445    
   316.393890       8.93320370    
   375.000000       8.73571396    
   433.606110       8.53825569    
   478.777985       8.38608837    
   500.000000       8.31461239    
   521.221985       8.24317265    
   566.393921       8.09113979    
   625.000000       7.89393997    
   683.606079       7.69679117    
   728.778015       7.54487658    
   750.000000       7.47352505    
   771.221985       7.40222406    
   816.393921       7.25049973    
   875.000000       7.05371571    
   933.606079       6.85699797    
   978.778015       6.70542717    
   1000.00000       6.63424158    
   1021.22198       6.56311798    
   1066.39392       6.41177988    
   1125.00000       6.21550941    
   1183.60608       6.01931620    
   1228.77795       5.86815691    
   1250.00000       5.79716825    
   1271.22205       5.72624779    
   1316.39392       5.57534838    
   1375.00000       5.37965393    
   1433.60608       5.18404198    
   1478.77795       5.03333473    
   1500.00000       4.96255875    
   1521.22205       4.89185429    
   1566.39392       4.74141598    
   1625.00000       4.54632044    
   1683.60608       4.35130787    
   1728.77795       4.20106125    
   1750.00000       4.13050127    
   1771.22205       4.06001043    
   1816.39392       3.91002345    
   1875.00000       3.71550941    
   1933.60608       3.52107286    
   1978.77795       3.37126470    
   2000.00000       3.30090857    
   2021.22205       3.23061371    
   2066.39380       3.08103848    
   2125.00000       2.88704896    
   2183.60620       2.69312572    
   2228.77808       2.54370427    
   2250.00000       2.47352529    
   2271.22192       2.40339637    
   2316.39380       2.25416493    
   2375.00000       2.06060696    
   2433.60620       1.86709964    
   2478.77808       1.71798611    
   2500.00000       1.64794612    
   2521.22192       1.57794178    
   2566.39380       1.42896271    
   2625.00000       1.23571348    
   2683.60620       1.04249644    
   2728.77808      0.893591404    
   2750.00000      0.823642910    
   2771.22192      0.753712773    
   2816.39380      0.604877353    
   2875.00000      0.411793828    
   2933.60620      0.218721226    
   2978.77808       6.99110851E-02
   3000.00000       8.78471546E-05
