   0.00000000       9.99991035    
   21.2220135       9.92831993    
   66.3938980       9.77574921    
   125.000000       9.57781029    
   183.606094       9.37988377    
   228.777985       9.22734165    
   250.000000       9.15568352    
   271.222015       9.08404636    
   316.393890       8.93158245    
   375.000000       8.73380756    
   433.606110       8.53606796    
   478.777985       8.38368893    
   500.000000       8.31211472    
   521.221985       8.24058151    
   566.393921       8.08835411    
   625.000000       7.89090776    
   683.606079       7.69351912    
   728.778015       7.54142523    
   750.000000       7.46999264    
   771.221985       7.39861679    
   816.393921       7.24673843    
   875.000000       7.04976368    
   933.606079       6.85286379    
   978.778015       6.70115995    
   1000.00000       6.62991524    
   1021.22198       6.55874014    
   1066.39392       6.40730000    
   1125.00000       6.21090698    
   1183.60608       6.01460171    
   1228.77795       5.86336422    
   1250.00000       5.79234219    
   1271.22205       5.72139788    
   1316.39392       5.57045507    
   1375.00000       5.37471485    
   1433.60608       5.17906857    
   1478.77795       5.02834320    
   1500.00000       4.95756292    
   1521.22205       4.88686323    
   1566.39392       4.73644257    
   1625.00000       4.54138136    
   1683.60608       4.34641457    
   1728.77795       4.19621134    
   1750.00000       4.12567568    
   1771.22205       4.05521774    
   1816.39392       3.90530896    
   1875.00000       3.71090722    
   1933.60608       3.51659274    
   1978.77795       3.36688685    
   2000.00000       3.29658175    
   2021.22205       3.22634649    
   2066.39380       3.07690454    
   2125.00000       2.88309693    
   2183.60620       2.68936443    
   2228.77808       2.54009676    
   2250.00000       2.46999264    
   2271.22192       2.39994526    
   2316.39380       2.25089288    
   2375.00000       2.05757427    
   2433.60620       1.86431348    
   2478.77808       1.71539462    
   2500.00000       1.64544821    
   2521.22192       1.57554197    
   2566.39380       1.42677557    
   2625.00000       1.23380721    
   2683.60620       1.04087520    
   2728.77808      0.892192721    
   2750.00000      0.822349846    
   2771.22192      0.752527773    
   2816.39380      0.603924215    
   2875.00000      0.411143601    
   2933.60620      0.218375400    
   2978.77808       6.98004737E-02
   3000.00000       8.77081475E-05
