   0.00000000       9.99991035    
   21.2220135       9.92835903    
   66.3938980       9.77586937    
   125.000000       9.57803631    
   183.606094       9.38021469    
   228.777985       9.22775269    
   250.000000       9.15613270    
   271.222015       9.08453178    
   316.393890       8.93214607    
   375.000000       8.73446941    
   433.606110       8.53682804    
   478.777985       8.38452244    
   500.000000       8.31298256    
   521.221985       8.24148178    
   566.393921       8.08932209    
   625.000000       7.89196110    
   683.606079       7.69465542    
   728.778015       7.54262400    
   750.000000       7.47121954    
   771.221985       7.39986944    
   816.393921       7.24804497    
   875.000000       7.05113602    
   933.606079       6.85429955    
   978.778015       6.70264196    
   1000.00000       6.63141775    
   1021.22198       6.56026077    
   1066.39392       6.40885639    
   1125.00000       6.21250582    
   1183.60608       6.01623917    
   1228.77795       5.86502934    
   1250.00000       5.79401875    
   1271.22205       5.72308254    
   1316.39392       5.57215500    
   1375.00000       5.37643051    
   1433.60608       5.18079615    
   1478.77795       5.03007698    
   1500.00000       4.95929813    
   1521.22205       4.88859701    
   1566.39392       4.73817015    
   1625.00000       4.54309702    
   1683.60608       4.34811401    
   1728.77795       4.19789600    
   1750.00000       4.12735176    
   1771.22205       4.05688238    
   1816.39392       3.90694666    
   1875.00000       3.71250582    
   1933.60608       3.51814890    
   1978.77795       3.36840749    
   2000.00000       3.29808474    
   2021.22205       3.22782874    
   2066.39380       3.07834029    
   2125.00000       2.88446951    
   2183.60620       2.69067097    
   2228.77808       2.54134965    
   2250.00000       2.47121954    
   2271.22192       2.40114403    
   2316.39380       2.25202942    
   2375.00000       2.05862761    
   2433.60620       1.86528122    
   2478.77808       1.71629477    
   2500.00000       1.64631581    
   2521.22192       1.57637548    
   2566.39380       1.42753518    
   2625.00000       1.23446941    
   2683.60620       1.04143834    
   2728.77808      0.892678559    
   2750.00000      0.822798967    
   2771.22192      0.752939343    
   2816.39380      0.604255259    
   2875.00000      0.411369443    
   2933.60620      0.218495518    
   2978.77808       6.98388964E-02
   3000.00000       8.77564307E-05
