   0.00000000       9.99991035    
   21.2220135       9.92855835    
   66.3938980       9.77649403    
   125.000000       9.57921028    
   183.606094       9.38193512    
   228.777985       9.22989178    
   250.000000       9.15846634    
   271.222015       9.08705711    
   316.393890       8.93507290    
   375.000000       8.73791122    
   433.606110       8.54077625    
   478.777985       8.38885498    
   500.000000       8.31749249    
   521.221985       8.24615955    
   566.393921       8.09435177    
   625.000000       7.89743567    
   683.606079       7.70056248    
   728.778015       7.54885435    
   750.000000       7.47759724    
   771.221985       7.40638256    
   816.393921       7.25483513    
   875.000000       7.05827093    
   933.606079       6.86176300    
   978.778015       6.71034575    
   1000.00000       6.63922882    
   1021.22198       6.56816435    
   1066.39392       6.41694403    
   1125.00000       6.22081423    
   1183.60608       6.02474976    
   1228.77795       5.87368107    
   1250.00000       5.80273056    
   1271.22205       5.73183775    
   1316.39392       5.58098888    
   1375.00000       5.38534641    
   1433.60608       5.18977451    
   1478.77795       5.03908777    
   1500.00000       4.96831751    
   1521.22205       4.89760780    
   1566.39392       4.74714851    
   1625.00000       4.55201292    
   1683.60608       4.35694790    
   1728.77795       4.20665121    
   1750.00000       4.13606358    
   1771.22205       4.06553411    
   1816.39392       3.91545725    
   1875.00000       3.72081423    
   1933.60608       3.52623653    
   1978.77795       3.37631083    
   2000.00000       3.30589557    
   2021.22205       3.23553228    
   2066.39380       3.08580375    
   2125.00000       2.89160419    
   2183.60620       2.69746113    
   2228.77808       2.54786253    
   2250.00000       2.47759724    
   2271.22192       2.40737438    
   2316.39380       2.25793672    
   2375.00000       2.06410217    
   2433.60620       1.87031102    
   2478.77808       1.72097301    
   2500.00000       1.65082550    
   2521.22192       1.58070791    
   2566.39380       1.43148363    
   2625.00000       1.23791087    
   2683.60620       1.04436517    
   2728.77808      0.895203590    
   2750.00000      0.825133324    
   2771.22192      0.755078614    
   2816.39380      0.605975926    
   2875.00000      0.412543297    
   2933.60620      0.219119847    
   2978.77808       7.00385794E-02
   3000.00000       8.80073712E-05
