   0.00000000       9.99991035    
   21.2220135       9.92858696    
   66.3938980       9.77658367    
   125.000000       9.57937813    
   183.606094       9.38218212    
   228.777985       9.23019886    
   250.000000       9.15880203    
   271.222015       9.08741951    
   316.393890       8.93549252    
   375.000000       8.73840523    
   433.606110       8.54134369    
   478.777985       8.38947678    
   500.000000       8.31814003    
   521.221985       8.24683189    
   566.393921       8.09507465    
   625.000000       7.89822197    
   683.606079       7.70141125    
   728.778015       7.54974937    
   750.000000       7.47851324    
   771.221985       7.40731764    
   816.393921       7.25581026    
   875.000000       7.05929565    
   933.606079       6.86283493    
   978.778015       6.71145201    
   1000.00000       6.64035082    
   1021.22198       6.56929922    
   1066.39392       6.41810560    
   1125.00000       6.22200775    
   1183.60608       6.02597237    
   1228.77795       5.87492371    
   1250.00000       5.80398178    
   1271.22205       5.73309565    
   1316.39392       5.58225775    
   1375.00000       5.38662720    
   1433.60608       5.19106388    
   1478.77795       5.04038191    
   1500.00000       4.96961308    
   1521.22205       4.89890194    
   1566.39392       4.74843788    
   1625.00000       4.55329370    
   1683.60608       4.35821676    
   1728.77795       4.20790911    
   1750.00000       4.13731527    
   1771.22205       4.06677723    
   1816.39392       3.91667986    
   1875.00000       3.72200775    
   1933.60608       3.52739835    
   1978.77795       3.37744617    
   2000.00000       3.30701756    
   2021.22205       3.23663878    
   2066.39380       3.08687568    
   2125.00000       2.89262915    
   2183.60620       2.69843626    
   2228.77808       2.54879785    
   2250.00000       2.47851324    
   2271.22192       2.40826941    
   2316.39380       2.25878501    
   2375.00000       2.06488872    
   2433.60620       1.87103355    
   2478.77808       1.72164500    
   2500.00000       1.65147316    
   2521.22192       1.58133018    
   2566.39380       1.43205082    
   2625.00000       1.23840523    
   2683.60620       1.04478550    
   2728.77808      0.895566285    
   2750.00000      0.825468600    
   2771.22192      0.755385876    
   2816.39380      0.606223106    
   2875.00000      0.412711889    
   2933.60620      0.219209537    
   2978.77808       7.00672641E-02
   3000.00000       8.80434236E-05
