   0.00000000       9.99991035    
   21.2220135       9.92861462    
   66.3938980       9.77666950    
   125.000000       9.57954025    
   183.606094       9.38241959    
   228.777985       9.23049450    
   250.000000       9.15912342    
   271.222015       9.08776760    
   316.393890       8.93589592    
   375.000000       8.73887920    
   433.606110       8.54188728    
   478.777985       8.39007378    
   500.000000       8.31876087    
   521.221985       8.24747658    
   566.393921       8.09576702    
   625.000000       7.89897633    
   683.606079       7.70222473    
   728.778015       7.55060768    
   750.000000       7.47939205    
   771.221985       7.40821505    
   816.393921       7.25674582    
   875.000000       7.06027889    
   933.606079       6.86386347    
   978.778015       6.71251345    
   1000.00000       6.64142704    
   1021.22198       6.57038832    
   1066.39392       6.41921997    
   1125.00000       6.22315216    
   1183.60608       6.02714491    
   1228.77795       5.87611580    
   1250.00000       5.80518198    
   1271.22205       5.73430157    
   1316.39392       5.58347464    
   1375.00000       5.38785553    
   1433.60608       5.19230080    
   1478.77795       5.04162359    
   1500.00000       4.97085571    
   1521.22205       4.90014315    
   1566.39392       4.74967480    
   1625.00000       4.55452204    
   1683.60608       4.35943413    
   1728.77795       4.20911503    
   1750.00000       4.13851547    
   1771.22205       4.06796885    
   1816.39392       3.91785240    
   1875.00000       3.72315240    
   1933.60608       3.52851248    
   1978.77795       3.37853503    
   2000.00000       3.30809355    
   2021.22205       3.23770022    
   2066.39380       3.08790398    
   2125.00000       2.89361215    
   2183.60620       2.69937181    
   2228.77808       2.54969525    
   2250.00000       2.47939181    
   2271.22192       2.40912771    
   2316.39380       2.25959897    
   2375.00000       2.06564283    
   2433.60620       1.87172651    
   2478.77808       1.72228956    
   2500.00000       1.65209448    
   2521.22192       1.58192706    
   2566.39380       1.43259478    
   2625.00000       1.23887932    
   2683.60620       1.04518878    
   2728.77808      0.895914137    
   2750.00000      0.825790226    
   2771.22192      0.755680621    
   2816.39380      0.606460154    
   2875.00000      0.412873626    
   2933.60620      0.219295546    
   2978.77808       7.00947791E-02
   3000.00000       8.80779917E-05
