   0.00000000       9.99991035    
   21.2220135       9.92849731    
   66.3938980       9.77630329    
   125.000000       9.57885075    
   183.606094       9.38140869    
   228.777985       9.22923756    
   250.000000       9.15775299    
   271.222015       9.08628464    
   316.393890       8.93417740    
   375.000000       8.73685837    
   433.606110       8.53956890    
   478.777985       8.38752937    
   500.000000       8.31611252    
   521.221985       8.24472809    
   566.393921       8.09281254    
   625.000000       7.89576101    
   683.606079       7.69875574    
   728.778015       7.54694843    
   750.000000       7.47564602    
   771.221985       7.40438986    
   816.393921       7.25275803    
   875.000000       7.05608845    
   933.606079       6.85947990    
   978.778015       6.70798922    
   1000.00000       6.63683939    
   1021.22198       6.56574631    
   1066.39392       6.41446972    
   1125.00000       6.21827269    
   1183.60608       6.02214622    
   1228.77795       5.87103415    
   1250.00000       5.80006552    
   1271.22205       5.72915936    
   1316.39392       5.57828617    
   1375.00000       5.38261890    
   1433.60608       5.18702793    
   1478.77795       5.03633118    
   1500.00000       4.96555853    
   1521.22205       4.89485121    
   1566.39392       4.74440193    
   1625.00000       4.54928541    
   1683.60608       4.35424566    
   1728.77795       4.20397282    
   1750.00000       4.13339853    
   1771.22205       4.06288767    
   1816.39392       3.91285372    
   1875.00000       3.71827245    
   1933.60608       3.52376246    
   1978.77795       3.37389302    
   2000.00000       3.30350614    
   2021.22205       3.23317552    
   2066.39380       3.08352041    
   2125.00000       2.88942170    
   2183.60620       2.69538379    
   2228.77808       2.54587007    
   2250.00000       2.47564602    
   2271.22192       2.40546846    
   2316.39380       2.25612950    
   2375.00000       2.06242752    
   2433.60620       1.86877227    
   2478.77808       1.71954191    
   2500.00000       1.64944589    
   2521.22192       1.57938254    
   2566.39380       1.43027580    
   2625.00000       1.23685801    
   2683.60620       1.04346979    
   2728.77808      0.894431114    
   2750.00000      0.824419200    
   2771.22192      0.754424155    
   2816.39380      0.605449557    
   2875.00000      0.412184179    
   2933.60620      0.218928859    
   2978.77808       6.99774921E-02
   3000.00000       8.79306026E-05
