   0.00000000       9.99991035    
   21.2220135       9.92852879    
   66.3938980       9.77640057    
   125.000000       9.57903385    
   183.606094       9.38167763    
   228.777985       9.22957134    
   250.000000       9.15811729    
   271.222015       9.08667850    
   316.393890       8.93463421    
   375.000000       8.73739529    
   433.606110       8.54018497    
   478.777985       8.38820553    
   500.000000       8.31681633    
   521.221985       8.24545860    
   566.393921       8.09359837    
   625.000000       7.89661551    
   683.606079       7.69967794    
   728.778015       7.54792118    
   750.000000       7.47664213    
   771.221985       7.40540695    
   816.393921       7.25381804    
   875.000000       7.05720234    
   933.606079       6.86064529    
   978.778015       6.70919180    
   1000.00000       6.63805914    
   1021.22198       6.56698036    
   1066.39392       6.41573238    
   1125.00000       6.21956968    
   1183.60608       6.02347517    
   1228.77795       5.87238550    
   1250.00000       5.80142546    
   1271.22205       5.73052645    
   1316.39392       5.57966566    
   1375.00000       5.38401127    
   1433.60608       5.18842983    
   1478.77795       5.03773832    
   1500.00000       4.96696663    
   1521.22205       4.89625788    
   1566.39392       4.74580383    
   1625.00000       4.55067778    
   1683.60608       4.35562515    
   1728.77795       4.20533991    
   1750.00000       4.13475895    
   1771.22205       4.06423855    
   1816.39392       3.91418266    
   1875.00000       3.71956992    
   1933.60608       3.52502537    
   1978.77795       3.37512732    
   2000.00000       3.30472565    
   2021.22205       3.23437858    
   2066.39380       3.08468580    
   2125.00000       2.89053583    
   2183.60620       2.69644403    
   2228.77808       2.54688692    
   2250.00000       2.47664189    
   2271.22192       2.40644121    
   2316.39380       2.25705194    
   2375.00000       2.06328225    
   2433.60620       1.86955774    
   2478.77808       1.72027242    
   2500.00000       1.65015006    
   2521.22192       1.58005905    
   2566.39380       1.43089235    
   2625.00000       1.23739541    
   2683.60620       1.04392684    
   2728.77808      0.894825399    
   2750.00000      0.824783683    
   2771.22192      0.754758239    
   2816.39380      0.605718255    
   2875.00000      0.412367493    
   2933.60620      0.219026357    
   2978.77808       7.00086728E-02
   3000.00000       8.79697909E-05
