   0.00000000       9.99991035    
   21.2220135       9.92869091    
   66.3938980       9.77690697    
   125.000000       9.57998657    
   183.606094       9.38307381    
   228.777985       9.23130798    
   250.000000       9.16001129    
   271.222015       9.08872795    
   316.393890       8.93700981    
   375.000000       8.74018860    
   433.606110       8.54338932    
   478.777985       8.39172173    
   500.000000       8.32047653    
   521.221985       8.24925613    
   566.393921       8.09768105    
   625.000000       7.90105867    
   683.606079       7.70447206    
   728.778015       7.55297804    
   750.000000       7.48181820    
   771.221985       7.41069269    
   816.393921       7.25932884    
   875.000000       7.06299305    
   933.606079       6.86670256    
   978.778015       6.71544409    
   1000.00000       6.64439821    
   1021.22198       6.57339478    
   1066.39392       6.42229652    
   1125.00000       6.22631311    
   1183.60608       6.03038263    
   1228.77795       5.87940741    
   1250.00000       5.80849600    
   1271.22205       5.73763227    
   1316.39392       5.58683538    
   1375.00000       5.39124727    
   1433.60608       5.19571638    
   1478.77795       5.04505110    
   1500.00000       4.97428656    
   1521.22205       4.90357113    
   1566.39392       4.75309038    
   1625.00000       4.55791426    
   1683.60608       4.36279440    
   1728.77795       4.21244574    
   1750.00000       4.14182949    
   1771.22205       4.07126045    
   1816.39392       3.92108989    
   1875.00000       3.72631311    
   1933.60608       3.53158903    
   1978.77795       3.38154149    
   2000.00000       3.31106496    
   2021.22205       3.24063063    
   2066.39380       3.09074306    
   2125.00000       2.89632607    
   2183.60620       2.70195484    
   2228.77808       2.55217266    
   2250.00000       2.48181796    
   2271.22192       2.41149783    
   2316.39380       2.26184607    
   2375.00000       2.06772542    
   2433.60620       1.87363994    
   2478.77808       1.72406924    
   2500.00000       1.65381002    
   2521.22192       1.58357525    
   2566.39380       1.43409681    
   2625.00000       1.24018848    
   2683.60620       1.04630220    
   2728.77808      0.896874726    
   2750.00000      0.826678276    
   2771.22192      0.756494403    
   2816.39380      0.607114732    
   2875.00000      0.413320154    
   2933.60620      0.219533056    
   2978.77808       7.01707453E-02
   3000.00000       8.81734595E-05
