   0.00000000       9.99991035    
   21.2220135       9.92866611    
   66.3938980       9.77683163    
   125.000000       9.57984447    
   183.606094       9.38286495    
   228.777985       9.23104763    
   250.000000       9.15972805    
   271.222015       9.08842087    
   316.393890       8.93665409    
   375.000000       8.73976994    
   433.606110       8.54290962    
   478.777985       8.39119530    
   500.000000       8.31992817    
   521.221985       8.24868679    
   566.393921       8.09706879    
   625.000000       7.90039349    
   683.606079       7.70375395    
   728.778015       7.55222034    
   750.000000       7.48104286    
   771.221985       7.40990114    
   816.393921       7.25850344    
   875.000000       7.06212568    
   933.606079       6.86579514    
   978.778015       6.71450758    
   1000.00000       6.64344883    
   1021.22198       6.57243395    
   1066.39392       6.42131329    
   1125.00000       6.22530317    
   1183.60608       6.02934837    
   1228.77795       5.87835550    
   1250.00000       5.80743742    
   1271.22205       5.73656797    
   1316.39392       5.58576155    
   1375.00000       5.39016342    
   1433.60608       5.19462538    
   1478.77795       5.04395580    
   1500.00000       4.97319031    
   1521.22205       4.90247583    
   1566.39392       4.75199890    
   1625.00000       4.55683041    
   1683.60608       4.36172104    
   1728.77795       4.21138144    
   1750.00000       4.14077044    
   1771.22205       4.07020855    
   1816.39392       3.92005539    
   1875.00000       3.72530317    
   1933.60608       3.53060603    
   1978.77795       3.38058090    
   2000.00000       3.31011558    
   2021.22205       3.23969436    
   2066.39380       3.08983588    
   2125.00000       2.89545894    
   2183.60620       2.70112967    
   2228.77808       2.55138111    
   2250.00000       2.48104286    
   2271.22192       2.41074038    
   2316.39380       2.26112819    
   2375.00000       2.06705999    
   2433.60620       1.87302852    
   2478.77808       1.72350061    
   2500.00000       1.65326190    
   2521.22192       1.58304858    
   2566.39380       1.43361688    
   2625.00000       1.23977017    
   2683.60620       1.04594636    
   2728.77808      0.896567762    
   2750.00000      0.826394498    
   2771.22192      0.756234407    
   2816.39380      0.606905580    
   2875.00000      0.413177490    
   2933.60620      0.219457164    
   2978.77808       7.01464713E-02
   3000.00000       8.81429587E-05
