   0.00000000       9.99991035    
   21.2220135       9.92871380    
   66.3938980       9.77697945    
   125.000000       9.58012390    
   183.606094       9.38327503    
   228.777985       9.23155689    
   250.000000       9.16028404    
   271.222015       9.08902264    
   316.393890       8.93735027    
   375.000000       8.74059010    
   433.606110       8.54384995    
   478.777985       8.39222717    
   500.000000       8.32100201    
   521.221985       8.24980164    
   566.393921       8.09826660    
   625.000000       7.90169716    
   683.606079       7.70516062    
   728.778015       7.55370426    
   750.000000       7.48256159    
   771.221985       7.41145182    
   816.393921       7.26012039    
   875.000000       7.06382465    
   933.606079       6.86757231    
   978.778015       6.71634245    
   1000.00000       6.64530897    
   1021.22198       6.57431602    
   1066.39392       6.42323923    
   1125.00000       6.22728157    
   1183.60608       6.03137493    
   1228.77795       5.88041592    
   1250.00000       5.80951166    
   1271.22205       5.73865318    
   1316.39392       5.58786535    
   1375.00000       5.39228678    
   1433.60608       5.19676304    
   1478.77795       5.04610157    
   1500.00000       4.97533798    
   1521.22205       4.90462160    
   1566.39392       4.75413704    
   1625.00000       4.55895329    
   1683.60608       4.36382437    
   1728.77795       4.21346664    
   1750.00000       4.14284515    
   1771.22205       4.07226896    
   1816.39392       3.92208219    
   1875.00000       3.72728157    
   1933.60608       3.53253198    
   1978.77795       3.38246298    
   2000.00000       3.31197548    
   2021.22205       3.24152875    
   2066.39380       3.09161305    
   2125.00000       2.89715791    
   2183.60620       2.70274639    
   2228.77808       2.55293202    
   2250.00000       2.48256135    
   2271.22192       2.41222405    
   2316.39380       2.26253486    
   2375.00000       2.06836367    
   2433.60620       1.87422633    
   2478.77808       1.72461462    
   2500.00000       1.65433574    
   2521.22192       1.58408034    
   2566.39380       1.43455720    
   2625.00000       1.24058974    
   2683.60620       1.04664338    
   2728.77808      0.897169054    
   2750.00000      0.826950371    
   2771.22192      0.756743789    
   2816.39380      0.607315361    
   2875.00000      0.413457006    
   2933.60620      0.219605848    
   2978.77808       7.01940209E-02
   3000.00000       8.82027161E-05
