   0.00000000       9.99991035    
   21.2220135       9.92864132    
   66.3938980       9.77675247    
   125.000000       9.57969570    
   183.606094       9.38264656    
   228.777985       9.23077679    
   250.000000       9.15943241    
   271.222015       9.08810139    
   316.393890       8.93628311    
   375.000000       8.73933411    
   433.606110       8.54240894    
   478.777985       8.39064598    
   500.000000       8.31935692    
   521.221985       8.24809456    
   566.393921       8.09643173    
   625.000000       7.89969969    
   683.606079       7.70300531    
   728.778015       7.55143118    
   750.000000       7.48023462    
   771.221985       7.40907574    
   816.393921       7.25764322    
   875.000000       7.06122160    
   933.606079       6.86484957    
   978.778015       6.71353149    
   1000.00000       6.64245892    
   1021.22198       6.57143259    
   1066.39392       6.42028856    
   1125.00000       6.22425032    
   1183.60608       6.02826977    
   1228.77795       5.87725925    
   1250.00000       5.80633307    
   1271.22205       5.73545885    
   1316.39392       5.58464193    
   1375.00000       5.38903379    
   1433.60608       5.19348717    
   1478.77795       5.04281378    
   1500.00000       4.97204733    
   1521.22205       4.90133381    
   1566.39392       4.75086117    
   1625.00000       4.55570030    
   1683.60608       4.36060143    
   1728.77795       4.21027184    
   1750.00000       4.13966656    
   1771.22205       4.06911230    
   1816.39392       3.91897702    
   1875.00000       3.72425008    
   1933.60608       3.52958107    
   1978.77795       3.37957931    
   2000.00000       3.30912566    
   2021.22205       3.23871803    
   2066.39380       3.08889008    
   2125.00000       2.89455485    
   2183.60620       2.70026898    
   2228.77808       2.55055571    
   2250.00000       2.48023462    
   2271.22192       2.40995097    
   2316.39380       2.26037955    
   2375.00000       2.06636620    
   2433.60620       1.87239110    
   2478.77808       1.72290766    
   2500.00000       1.65269041    
   2521.22192       1.58249950    
   2566.39380       1.43311656    
   2625.00000       1.23933411    
   2683.60620       1.04557550    
   2728.77808      0.896247804    
   2750.00000      0.826098680    
   2771.22192      0.755963266    
   2816.39380      0.606687546    
   2875.00000      0.413028717    
   2933.60620      0.219378039    
   2978.77808       7.01211616E-02
   3000.00000       8.81111555E-05
