   0.00000000       9.99991035    
   21.2220135       9.92873669    
   66.3938980       9.77705002    
   125.000000       9.58025455    
   183.606094       9.38346672    
   228.777985       9.23179626    
   250.000000       9.16054440    
   271.222015       9.08930492    
   316.393890       8.93767834    
   375.000000       8.74097443    
   433.606110       8.54429150    
   478.777985       8.39271164    
   500.000000       8.32150650    
   521.221985       8.25032425    
   566.393921       8.09882927    
   625.000000       7.90230942    
   683.606079       7.70582104    
   728.778015       7.55440092    
   750.000000       7.48327446    
   771.221985       7.41217995    
   816.393921       7.26087952    
   875.000000       7.06462240    
   933.606079       6.86840677    
   978.778015       6.71720362    
   1000.00000       6.64618206    
   1021.22198       6.57519960    
   1066.39392       6.42414379    
   1125.00000       6.22821045    
   1183.60608       6.03232622    
   1228.77795       5.88138342    
   1250.00000       5.81048584    
   1271.22205       5.73963213    
   1316.39392       5.58885288    
   1375.00000       5.39328384    
   1433.60608       5.19776678    
   1478.77795       5.04710913    
   1500.00000       4.97634649    
   1521.22205       4.90562916    
   1566.39392       4.75514078    
   1625.00000       4.55995035    
   1683.60608       4.36481237    
   1728.77795       4.21444559    
   1750.00000       4.14381933    
   1771.22205       4.07323647    
   1816.39392       3.92303371    
   1875.00000       3.72821069    
   1933.60608       3.53343630    
   1978.77795       3.38334656    
   2000.00000       3.31284904    
   2021.22205       3.24239016    
   2066.39380       3.09244752    
   2125.00000       2.89795566    
   2183.60620       2.70350575    
   2228.77808       2.55366015    
   2250.00000       2.48327446    
   2271.22192       2.41292071    
   2316.39380       2.26319528    
   2375.00000       2.06897593    
   2433.60620       1.87478864    
   2478.77808       1.72513771    
   2500.00000       1.65483999    
   2521.22192       1.58456469    
   2566.39380       1.43499863    
   2625.00000       1.24097455    
   2683.60620       1.04697061    
   2728.77808      0.897451401    
   2750.00000      0.827211380    
   2771.22192      0.756982982    
   2816.39380      0.607507765    
   2875.00000      0.413588256    
   2933.60620      0.219675645    
   2978.77808       7.02163503E-02
   3000.00000       8.82307722E-05
