   0.00000000       9.99991035    
   21.2220135       9.92879772    
   66.3938980       9.77724266    
   125.000000       9.58061695    
   183.606094       9.38399792    
   228.777985       9.23245716    
   250.000000       9.16126537    
   271.222015       9.09008408    
   316.393890       8.93858147    
   375.000000       8.74203682    
   433.606110       8.54551029    
   478.777985       8.39404869    
   500.000000       8.32289886    
   521.221985       8.25176907    
   566.393921       8.10038185    
   625.000000       7.90399933    
   683.606079       7.70764494    
   728.778015       7.55632448    
   750.000000       7.48524380    
   771.221985       7.41419077    
   816.393921       7.26297617    
   875.000000       7.06682491    
   933.606079       6.87071133    
   978.778015       6.71958208    
   1000.00000       6.64859390    
   1021.22198       6.57764006    
   1066.39392       6.42664051    
   1125.00000       6.23077583    
   1183.60608       6.03495407    
   1228.77795       5.88405466    
   1250.00000       5.81317568    
   1271.22205       5.74233532    
   1316.39392       5.59158039    
   1375.00000       5.39603662    
   1433.60608       5.20053911    
   1478.77795       5.04989100    
   1500.00000       4.97913122    
   1521.22205       4.90841103    
   1566.39392       4.75791311    
   1625.00000       4.56270313    
   1683.60608       4.36753941    
   1728.77795       4.21714878    
   1750.00000       4.14650917    
   1771.22205       4.07590771    
   1816.39392       3.92566133    
   1875.00000       3.73077583    
   1933.60608       3.53593326    
   1978.77795       3.38578677    
   2000.00000       3.31526041    
   2021.22205       3.24476862    
   2066.39380       3.09475183    
   2125.00000       2.90015841    
   2183.60620       2.70560217    
   2228.77808       2.55567098    
   2250.00000       2.48524356    
   2271.22192       2.41484427    
   2316.39380       2.26501894    
   2375.00000       2.07066607    
   2433.60620       1.87634158    
   2478.77808       1.72658205    
   2500.00000       1.65623236    
   2521.22192       1.58590233    
   2566.39380       1.43621767    
   2625.00000       1.24203706    
   2683.60620       1.04787421    
   2728.77808      0.898230970    
   2750.00000      0.827932119    
   2771.22192      0.757643461    
   2816.39380      0.608039021    
   2875.00000      0.413950652    
   2933.60620      0.219868407    
   2978.77808       7.02780038E-02
   3000.00000       8.83082466E-05
