   0.00000000       9.99991035    
   21.2220135       9.92881680    
   66.3938980       9.77730179    
   125.000000       9.58072853    
   183.606094       9.38416100    
   228.777985       9.23265934    
   250.000000       9.16148663    
   271.222015       9.09032345    
   316.393890       8.93885899    
   375.000000       8.74236298    
   433.606110       8.54588413    
   478.777985       8.39445877    
   500.000000       8.32332611    
   521.221985       8.25221157    
   566.393921       8.10085773    
   625.000000       7.90451765    
   683.606079       7.70820379    
   728.778015       7.55691385    
   750.000000       7.48584700    
   771.221985       7.41480684    
   816.393921       7.26361847    
   875.000000       7.06750011    
   933.606079       6.87141752    
   978.778015       6.72031069    
   1000.00000       6.64933300    
   1021.22198       6.57838774    
   1066.39392       6.42740583    
   1125.00000       6.23156166    
   1183.60608       6.03575945    
   1228.77795       5.88487291    
   1250.00000       5.81400013    
   1271.22205       5.74316359    
   1316.39392       5.59241629    
   1375.00000       5.39688015    
   1433.60608       5.20138836    
   1478.77795       5.05074358    
   1500.00000       4.97998476    
   1521.22205       4.90926361    
   1566.39392       4.75876236    
   1625.00000       4.56354666    
   1683.60608       4.36837530    
   1728.77795       4.21797705    
   1750.00000       4.14733315    
   1771.22205       4.07672644    
   1816.39392       3.92646670    
   1875.00000       3.73156190    
   1933.60608       3.53669834    
   1978.77795       3.38653445    
   2000.00000       3.31599951    
   2021.22205       3.24549747    
   2066.39380       3.09545803    
   2125.00000       2.90083361    
   2183.60620       2.70624447    
   2228.77808       2.55628705    
   2250.00000       2.48584700    
   2271.22192       2.41543365    
   2316.39380       2.26557803    
   2375.00000       2.07118416    
   2433.60620       1.87681746    
   2478.77808       1.72702479    
   2500.00000       1.65665901    
   2521.22192       1.58631217    
   2566.39380       1.43659127    
   2625.00000       1.24236274    
   2683.60620       1.04815114    
   2728.77808      0.898469865    
   2750.00000      0.828152955    
   2771.22192      0.757845879    
   2816.39380      0.608201802    
   2875.00000      0.414061725    
   2933.60620      0.219927475    
   2978.77808       7.02968985E-02
   3000.00000       8.83319954E-05
