   0.00000000       9.99991035    
   21.2220135       9.92877865    
   66.3938980       9.77718067    
   125.000000       9.58050156    
   183.606094       9.38382816    
   228.777985       9.23224545    
   250.000000       9.16103554    
   271.222015       9.08983517    
   316.393890       8.93829250    
   375.000000       8.74169731    
   433.606110       8.54512119    
   478.777985       8.39362144    
   500.000000       8.32245445    
   521.221985       8.25130749    
   566.393921       8.09988594    
   625.000000       7.90345955    
   683.606079       7.70706224    
   728.778015       7.55570984    
   750.000000       7.48461437    
   771.221985       7.41354847    
   816.393921       7.26230621    
   875.000000       7.06612110    
   933.606079       6.86997509    
   978.778015       6.71882200    
   1000.00000       6.64782333    
   1021.22198       6.57686043    
   1066.39392       6.42584276    
   1125.00000       6.22995615    
   1183.60608       6.03411436    
   1228.77795       5.88320112    
   1250.00000       5.81231642    
   1271.22205       5.74147129    
   1316.39392       5.59070873    
   1375.00000       5.39515686    
   1433.60608       5.19965315    
   1478.77795       5.04900217    
   1500.00000       4.97824144    
   1521.22205       4.90752220    
   1566.39392       4.75702715    
   1625.00000       4.56182384    
   1683.60608       4.36666822    
   1728.77795       4.21628475    
   1750.00000       4.14564943    
   1771.22205       4.07505417    
   1816.39392       3.92482185    
   1875.00000       3.72995615    
   1933.60608       3.53513551    
   1978.77795       3.38500690    
   2000.00000       3.31448984    
   2021.22205       3.24400854    
   2066.39380       3.09401560    
   2125.00000       2.89945459    
   2183.60620       2.70493221    
   2228.77808       2.55502844    
   2250.00000       2.48461437    
   2271.22192       2.41422963    
   2316.39380       2.26443624    
   2375.00000       2.07012606    
   2433.60620       1.87584543    
   2478.77808       1.72612059    
   2500.00000       1.65578747    
   2521.22192       1.58547497    
   2566.39380       1.43582821    
   2625.00000       1.24169755    
   2683.60620       1.04758549    
   2728.77808      0.897981882    
   2750.00000      0.827701807    
   2771.22192      0.757432461    
   2816.39380      0.607869267    
   2875.00000      0.413834870    
   2933.60620      0.219806820    
   2978.77808       7.02583045E-02
   3000.00000       8.82834938E-05
