   0.00000000       9.99991035    
   21.2220135       9.92883492    
   66.3938980       9.77735806    
   125.000000       9.58083534    
   183.606094       9.38431740    
   228.777985       9.23285389    
   250.000000       9.16169834    
   271.222015       9.09055233    
   316.393890       8.93912411    
   375.000000       8.74267483    
   433.606110       8.54624271    
   478.777985       8.39485168    
   500.000000       8.32373524    
   521.221985       8.25263596    
   566.393921       8.10131454    
   625.000000       7.90501404    
   683.606079       7.70874023    
   728.778015       7.55747938    
   750.000000       7.48642588    
   771.221985       7.41539812    
   816.393921       7.26423454    
   875.000000       7.06814766    
   933.606079       6.87209463    
   978.778015       6.72101021    
   1000.00000       6.65004158    
   1021.22198       6.57910490    
   1066.39392       6.42813969    
   1125.00000       6.23231602    
   1183.60608       6.03653145    
   1228.77795       5.88565826    
   1250.00000       5.81479073    
   1271.22205       5.74395800    
   1316.39392       5.59321785    
   1375.00000       5.39768934    
   1433.60608       5.20220327    
   1478.77795       5.05156136    
   1500.00000       4.98080301    
   1521.22205       4.91008139    
   1566.39392       4.75957727    
   1625.00000       4.56435585    
   1683.60608       4.36917734    
   1728.77795       4.21877146    
   1750.00000       4.14812374    
   1771.22205       4.07751131    
   1816.39392       3.92723894    
   1875.00000       3.73231578    
   1933.60608       3.53743243    
   1978.77795       3.38725162    
   2000.00000       3.31670833    
   2021.22205       3.24619651    
   2066.39380       3.09613514    
   2125.00000       2.90148091    
   2183.60620       2.70686078    
   2228.77808       2.55687809    
   2250.00000       2.48642564    
   2271.22192       2.41599917    
   2316.39380       2.26611400    
   2375.00000       2.07168102    
   2433.60620       1.87727392    
   2478.77808       1.72744930    
   2500.00000       1.65706825    
   2521.22192       1.58670533    
   2566.39380       1.43694961    
   2625.00000       1.24267495    
   2683.60620       1.04841673    
   2728.77808      0.898699045    
   2750.00000      0.828364789    
   2771.22192      0.758040011    
   2816.39380      0.608357966    
   2875.00000      0.414168239    
   2933.60620      0.219984144    
   2978.77808       7.03150183E-02
   3000.00000       8.83547618E-05
