   0.00000000       9.99991035    
   21.2220135       9.92875767    
   66.3938980       9.77711678    
   125.000000       9.58038044    
   183.606094       9.38365173    
   228.777985       9.23202610    
   250.000000       9.16079521    
   271.222015       9.08957577    
   316.393890       8.93799210    
   375.000000       8.74134350    
   433.606110       8.54471493    
   478.777985       8.39317608    
   500.000000       8.32199001    
   521.221985       8.25082588    
   566.393921       8.09936905    
   625.000000       7.90289640    
   683.606079       7.70645475    
   728.778015       7.55506897    
   750.000000       7.48395824    
   771.221985       7.41287851    
   816.393921       7.26160765    
   875.000000       7.06538725    
   933.606079       6.86920738    
   978.778015       6.71802950    
   1000.00000       6.64701986    
   1021.22198       6.57604742    
   1066.39392       6.42501068    
   1125.00000       6.22910166    
   1183.60608       6.03323936    
   1228.77795       5.88231087    
   1250.00000       5.81142044    
   1271.22205       5.74057102    
   1316.39392       5.58980036    
   1375.00000       5.39423990    
   1433.60608       5.19872999    
   1478.77795       5.04807520    
   1500.00000       4.97731400    
   1521.22205       4.90659523    
   1566.39392       4.75610399    
   1625.00000       4.56090641    
   1683.60608       4.36575937    
   1728.77795       4.21538448    
   1750.00000       4.14475346    
   1771.22205       4.07416439    
   1816.39392       3.92394638    
   1875.00000       3.72910166    
   1933.60608       3.53430367    
   1978.77795       3.38419414    
   2000.00000       3.31368661    
   2021.22205       3.24321628    
   2066.39380       3.09324789    
   2125.00000       2.89872074    
   2183.60620       2.70423388    
   2228.77808       2.55435848    
   2250.00000       2.48395848    
   2271.22192       2.41358876    
   2316.39380       2.26382875    
   2375.00000       2.06956291    
   2433.60620       1.87532806    
   2478.77808       1.72563946    
   2500.00000       1.65532362    
   2521.22192       1.58502936    
   2566.39380       1.43542206    
   2625.00000       1.24134362    
   2683.60620       1.04728448    
   2728.77808      0.897722185    
   2750.00000      0.827461720    
   2771.22192      0.757212400    
   2816.39380      0.607692242    
   2875.00000      0.413714141    
   2933.60620      0.219742611    
   2978.77808       7.02377632E-02
   3000.00000       8.82576860E-05
