   0.00000000       9.99991035    
   21.2220135       9.92886925    
   66.3938980       9.77746487    
   125.000000       9.58103466    
   183.606094       9.38461113    
   228.777985       9.23321819    
   250.000000       9.16209602    
   271.222015       9.09098244    
   316.393890       8.93962288    
   375.000000       8.74326134    
   433.606110       8.54691601    
   478.777985       8.39559078    
   500.000000       8.32450390    
   521.221985       8.25343323    
   566.393921       8.10217190    
   625.000000       7.90594769    
   683.606079       7.70974731    
   728.778015       7.55854130    
   750.000000       7.48751307    
   771.221985       7.41650867    
   816.393921       7.26539230    
   875.000000       7.06936407    
   933.606079       6.87336731    
   978.778015       6.72232342    
   1000.00000       6.65137339    
   1021.22198       6.58045244    
   1066.39392       6.42951870    
   1125.00000       6.23373270    
   1183.60608       6.03798294    
   1228.77795       5.88713360    
   1250.00000       5.81627607    
   1271.22205       5.74545097    
   1316.39392       5.59472418    
   1375.00000       5.39920950    
   1433.60608       5.20373392    
   1478.77795       5.05309772    
   1500.00000       4.98234081    
   1521.22205       4.91161776    
   1566.39392       4.76110792    
   1625.00000       4.56587601    
   1683.60608       4.37068319    
   1728.77795       4.22026443    
   1750.00000       4.14960957    
   1771.22205       4.07898664    
   1816.39392       3.92869020    
   1875.00000       3.73373246    
   1933.60608       3.53881145    
   1978.77795       3.38859916    
   2000.00000       3.31804013    
   2021.22205       3.24751019    
   2066.39380       3.09740782    
   2125.00000       2.90269756    
   2183.60620       2.70801854    
   2228.77808       2.55798864    
   2250.00000       2.48751307    
   2271.22192       2.41706157    
   2316.39380       2.26712132    
   2375.00000       2.07261443    
   2433.60620       1.87813163    
   2478.77808       1.72824693    
   2500.00000       1.65783715    
   2521.22192       1.58744407    
   2566.39380       1.43762290    
   2625.00000       1.24326181    
   2683.60620       1.04891586    
   2728.77808      0.899129570    
   2750.00000      0.828762829    
   2771.22192      0.758404791    
   2816.39380      0.608651340    
   2875.00000      0.414368391    
   2933.60620      0.220090598    
   2978.77808       7.03490674E-02
   3000.00000       8.83975517E-05
