   0.00000000       9.99991035    
   21.2220135       9.92885208    
   66.3938980       9.77741241    
   125.000000       9.58093739    
   183.606094       9.38446712    
   228.777985       9.23303986    
   250.000000       9.16190147    
   271.222015       9.09077168    
   316.393890       8.93937874    
   375.000000       8.74297428    
   433.606110       8.54658604    
   478.777985       8.39522934    
   500.000000       8.32412720    
   521.221985       8.25304317    
   566.393921       8.10175228    
   625.000000       7.90549088    
   683.606079       7.70925426    
   728.778015       7.55802155    
   750.000000       7.48698092    
   771.221985       7.41596508    
   816.393921       7.26482582    
   875.000000       7.06876850    
   933.606079       6.87274408    
   978.778015       6.72168064    
   1000.00000       6.65072155    
   1021.22198       6.57979250    
   1066.39392       6.42884350    
   1125.00000       6.23303890    
   1183.60608       6.03727245    
   1228.77795       5.88641119    
   1250.00000       5.81554890    
   1271.22205       5.74471998    
   1316.39392       5.59398651    
   1375.00000       5.39846516    
   1433.60608       5.20298481    
   1478.77795       5.05234575    
   1500.00000       4.98158789    
   1521.22205       4.91086531    
   1566.39392       4.76035881    
   1625.00000       4.56513214    
   1683.60608       4.36994600    
   1728.77795       4.21953344    
   1750.00000       4.14888191    
   1771.22205       4.07826424    
   1816.39392       3.92797971    
   1875.00000       3.73303890    
   1933.60608       3.53813624    
   1978.77795       3.38793945    
   2000.00000       3.31738806    
   2021.22205       3.24686694    
   2066.39380       3.09678483    
   2125.00000       2.90210199    
   2183.60620       2.70745158    
   2228.77808       2.55744505    
   2250.00000       2.48698092    
   2271.22192       2.41654134    
   2316.39380       2.26662803    
   2375.00000       2.07215738    
   2433.60620       1.87771177    
   2478.77808       1.72785640    
   2500.00000       1.65746069    
   2521.22192       1.58708239    
   2566.39380       1.43729329    
   2625.00000       1.24297452    
   2683.60620       1.04867148    
   2728.77808      0.898918808    
   2750.00000      0.828567982    
   2771.22192      0.758226216    
   2816.39380      0.608507693    
   2875.00000      0.414270401    
   2933.60620      0.220038474    
   2978.77808       7.03323931E-02
   3000.00000       8.83766043E-05
