   0.00000000       9.99991035    
   21.2220135       9.92891502    
   66.3938980       9.77760887    
   125.000000       9.58130550    
   183.606094       9.38500690    
   228.777985       9.23371124    
   250.000000       9.16263390    
   271.222015       9.09156513    
   316.393890       8.94029808    
   375.000000       8.74405479    
   433.606110       8.54782581    
   478.777985       8.39658928    
   500.000000       8.32554340    
   521.221985       8.25451183    
   566.393921       8.10333157    
   625.000000       7.90720987    
   683.606079       7.71110868    
   728.778015       7.55997753    
   750.000000       7.48898315    
   771.221985       7.41800976    
   816.393921       7.26695776    
   875.000000       7.07100868    
   933.606079       6.87508726    
   978.778015       6.72409916    
   1000.00000       6.65317392    
   1021.22198       6.58227396    
   1066.39392       6.43138313    
   1125.00000       6.23564768    
   1183.60608       6.03994465    
   1228.77795       5.88912773    
   1250.00000       5.81828403    
   1271.22205       5.74746895    
   1316.39392       5.59676027    
   1375.00000       5.40126467    
   1433.60608       5.20580387    
   1478.77795       5.05517483    
   1500.00000       4.98441982    
   1521.22205       4.91369486    
   1566.39392       4.76317739    
   1625.00000       4.56793118    
   1683.60608       4.37271976    
   1728.77795       4.22228241    
   1750.00000       4.15161753    
   1771.22205       4.08098078    
   1816.39392       3.93065190    
   1875.00000       3.73564768    
   1933.60608       3.54067564    
   1978.77795       3.39042091    
   2000.00000       3.31984067    
   2021.22205       3.24928570    
   2066.39380       3.09912801    
   2125.00000       2.90434194    
   2183.60620       2.70958352    
   2228.77808       2.55948973    
   2250.00000       2.48898315    
   2271.22192       2.41849756    
   2316.39380       2.26848292    
   2375.00000       2.07387638    
   2433.60620       1.87929094    
   2478.77808       1.72932529    
   2500.00000       1.65887666    
   2521.22192       1.58844268    
   2566.39380       1.43853295    
   2625.00000       1.24405503    
   2683.60620       1.04959047    
   2728.77808      0.899711609    
   2750.00000      0.829300880    
   2771.22192      0.758897901    
   2816.39380      0.609047949    
   2875.00000      0.414638966    
   2933.60620      0.220234498    
   2978.77808       7.03950971E-02
   3000.00000       8.84553956E-05
