   0.00000000       9.99991035    
   21.2220135       9.92888451    
   66.3938980       9.77751446    
   125.000000       9.58112907    
   183.606094       9.38474846    
   228.777985       9.23338985    
   250.000000       9.16228294    
   271.222015       9.09118462    
   316.393890       8.93985748    
   375.000000       8.74353695    
   433.606110       8.54723167    
   478.777985       8.39593792    
   500.000000       8.32486534    
   521.221985       8.25380802    
   566.393921       8.10257530    
   625.000000       7.90638590    
   683.606079       7.71022034    
   728.778015       7.55904055    
   750.000000       7.48802376    
   771.221985       7.41702986    
   816.393921       7.26593590    
   875.000000       7.06993532    
   933.606079       6.87396479    
   978.778015       6.72294044    
   1000.00000       6.65199900    
   1021.22198       6.58108521    
   1066.39392       6.43016624    
   1125.00000       6.23439789    
   1183.60608       6.03866434    
   1228.77795       5.88782597    
   1250.00000       5.81697369    
   1271.22205       5.74615192    
   1316.39392       5.59543133    
   1375.00000       5.39992332    
   1433.60608       5.20445299    
   1478.77795       5.05381918    
   1500.00000       4.98306322    
   1521.22205       4.91233921    
   1566.39392       4.76182699    
   1625.00000       4.56658983    
   1683.60608       4.37139082    
   1728.77795       4.22096539    
   1750.00000       4.15030670    
   1771.22205       4.07967949    
   1816.39392       3.92937160    
   1875.00000       3.73439765    
   1933.60608       3.53945899    
   1978.77795       3.38923192    
   2000.00000       3.31866550    
   2021.22205       3.24812698    
   2066.39380       3.09800529    
   2125.00000       2.90326881    
   2183.60620       2.70856214    
   2228.77808       2.55851007    
   2250.00000       2.48802376    
   2271.22192       2.41756034    
   2316.39380       2.26759410    
   2375.00000       2.07305264    
   2433.60620       1.87853432    
   2478.77808       1.72862148    
   2500.00000       1.65819824    
   2521.22192       1.58779097    
   2566.39380       1.43793905    
   2625.00000       1.24353731    
   2683.60620       1.04915011    
   2728.77808      0.899331748    
   2750.00000      0.828949749    
   2771.22192      0.758576035    
   2816.39380      0.608789086    
   2875.00000      0.414462358    
   2933.60620      0.220140576    
   2978.77808       7.03650564E-02
   3000.00000       8.84176479E-05
