   0.00000000       9.99991035    
   21.2220135       9.92890072    
   66.3938980       9.77756214    
   125.000000       9.58121872    
   183.606094       9.38488102    
   228.777985       9.23355389    
   250.000000       9.16246223    
   271.222015       9.09137917    
   316.393890       8.94008255    
   375.000000       8.74380207    
   433.606110       8.54753494    
   478.777985       8.39627075    
   500.000000       8.32521152    
   521.221985       8.25416756    
   566.393921       8.10296154    
   625.000000       7.90680647    
   683.606079       7.71067381    
   728.778015       7.55951881    
   750.000000       7.48851347    
   771.221985       7.41753006    
   816.393921       7.26645756    
   875.000000       7.07048321    
   933.606079       6.87453794    
   978.778015       6.72353172    
   1000.00000       6.65259886    
   1021.22198       6.58169222    
   1066.39392       6.43078709    
   1125.00000       6.23503590    
   1183.60608       6.03931761    
   1228.77795       5.88849068    
   1250.00000       5.81764269    
   1271.22205       5.74682426    
   1316.39392       5.59610987    
   1375.00000       5.40060806    
   1433.60608       5.20514250    
   1478.77795       5.05451107    
   1500.00000       4.98375559    
   1521.22205       4.91303110    
   1566.39392       4.76251650    
   1625.00000       4.56727457    
   1683.60608       4.37206888    
   1728.77795       4.22163773    
   1750.00000       4.15097570    
   1771.22205       4.08034372    
   1816.39392       3.93002510    
   1875.00000       3.73503566    
   1933.60608       3.54007983    
   1978.77795       3.38983893    
   2000.00000       3.31926537    
   2021.22205       3.24871850    
   2066.39380       3.09857845    
   2125.00000       2.90381646    
   2183.60620       2.70908356    
   2228.77808       2.55901003    
   2250.00000       2.48851347    
   2271.22192       2.41803861    
   2316.39380       2.26804781    
   2375.00000       2.07347322    
   2433.60620       1.87892056    
   2478.77808       1.72898078    
   2500.00000       1.65854454    
   2521.22192       1.58812368    
   2566.39380       1.43824220    
   2625.00000       1.24380159    
   2683.60620       1.04937494    
   2728.77808      0.899525642    
   2750.00000      0.829128981    
   2771.22192      0.758740306    
   2816.39380      0.608921230    
   2875.00000      0.414552510    
   2933.60620      0.220188528    
   2978.77808       7.03803897E-02
   3000.00000       8.84369147E-05
