   0.00000000       9.99991035    
   21.2220135       9.92894268    
   66.3938980       9.77769470    
   125.000000       9.58146763    
   183.606094       9.38524532    
   228.777985       9.23400688    
   250.000000       9.16295719    
   271.222015       9.09191418    
   316.393890       8.94070244    
   375.000000       8.74453163    
   433.606110       8.54837227    
   478.777985       8.39718914    
   500.000000       8.32616711    
   521.221985       8.25515938    
   566.393921       8.10402775    
   625.000000       7.90796709    
   683.606079       7.71192646    
   728.778015       7.56083965    
   750.000000       7.48986578    
   771.221985       7.41891098    
   816.393921       7.26789713    
   875.000000       7.07199621    
   933.606079       6.87612009    
   978.778015       6.72516537    
   1000.00000       6.65425491    
   1021.22198       6.58336782    
   1066.39392       6.43250227    
   1125.00000       6.23679733    
   1183.60608       6.04112244    
   1228.77795       5.89032507    
   1250.00000       5.81948996    
   1271.22205       5.74868059    
   1316.39392       5.59798288    
   1375.00000       5.40249872    
   1433.60608       5.20704603    
   1478.77795       5.05642176    
   1500.00000       4.98566818    
   1521.22205       4.91494179    
   1566.39392       4.76442003    
   1625.00000       4.56916523    
   1683.60608       4.37394190    
   1728.77795       4.22349405    
   1750.00000       4.15282297    
   1771.22205       4.08217812    
   1816.39392       3.93182969    
   1875.00000       3.73679733    
   1933.60608       3.54179478    
   1978.77795       3.39151454    
   2000.00000       3.32092142    
   2021.22205       3.25035191    
   2066.39380       3.10016084    
   2125.00000       2.90532947    
   2183.60620       2.71052337    
   2228.77808       2.56039095    
   2250.00000       2.48986578    
   2271.22192       2.41935968    
   2316.39380       2.26930022    
   2375.00000       2.07463384    
   2433.60620       1.87998700    
   2478.77808       1.72997272    
   2500.00000       1.65950072    
   2521.22192       1.58904231    
   2566.39380       1.43907940    
   2625.00000       1.24453127    
   2683.60620       1.04999554    
   2728.77808      0.900061011    
   2750.00000      0.829623938    
   2771.22192      0.759193957    
   2816.39380      0.609286070    
   2875.00000      0.414801389    
   2933.60620      0.220320910    
   2978.77808       7.04227313E-02
   3000.00000       8.84901237E-05
