   0.00000000       9.99991035    
   21.2220135       9.92895603    
   66.3938980       9.77773571    
   125.000000       9.58154392    
   183.606094       9.38535690    
   228.777985       9.23414612    
   250.000000       9.16310883    
   271.222015       9.09207821    
   316.393890       8.94089317    
   375.000000       8.74475479    
   433.606110       8.54862881    
   478.777985       8.39747047    
   500.000000       8.32646084    
   521.221985       8.25546360    
   566.393921       8.10435486    
   625.000000       7.90832281    
   683.606079       7.71231031    
   728.778015       7.56124449    
   750.000000       7.49028015    
   771.221985       7.41933393    
   816.393921       7.26833868    
   875.000000       7.07245970    
   933.606079       6.87660503    
   978.778015       6.72566605    
   1000.00000       6.65476227    
   1021.22198       6.58388138    
   1066.39392       6.43302774    
   1125.00000       6.23733711    
   1183.60608       6.04167557    
   1228.77795       5.89088726    
   1250.00000       5.82005596    
   1271.22205       5.74924946    
   1316.39392       5.59855700    
   1375.00000       5.40307808    
   1433.60608       5.20762968    
   1478.77795       5.05700731    
   1500.00000       4.98625422    
   1521.22205       4.91552687    
   1566.39392       4.76500368    
   1625.00000       4.56974459    
   1683.60608       4.37451601    
   1728.77795       4.22406292    
   1750.00000       4.15338898    
   1771.22205       4.08274031    
   1816.39392       3.93238258    
   1875.00000       3.73733735    
   1933.60608       3.54232025    
   1978.77795       3.39202809    
   2000.00000       3.32142901    
   2021.22205       3.25085235    
   2066.39380       3.10064578    
   2125.00000       2.90579295    
   2183.60620       2.71096444    
   2228.77808       2.56081414    
   2250.00000       2.49028015    
   2271.22192       2.41976452    
   2316.39380       2.26968408    
   2375.00000       2.07498956    
   2433.60620       1.88031387    
   2478.77808       1.73027670    
   2500.00000       1.65979373    
   2521.22192       1.58932376    
   2566.39380       1.43933594    
   2625.00000       1.24475491    
   2683.60620       1.05018568    
   2728.77808      0.900225103    
   2750.00000      0.829775631    
   2771.22192      0.759332955    
   2816.39380      0.609397888    
   2875.00000      0.414877683    
   2933.60620      0.220361471    
   2978.77808       7.04357028E-02
   3000.00000       8.85064292E-05
