   0.00000000       9.99991035    
   21.2220135       9.92897987    
   66.3938980       9.77781200    
   125.000000       9.58168793    
   183.606094       9.38556767    
   228.777985       9.23440742    
   250.000000       9.16339397    
   271.222015       9.09238625    
   316.393890       8.94125080    
   375.000000       8.74517536    
   433.606110       8.54911041    
   478.777985       8.39799976    
   500.000000       8.32701111    
   521.221985       8.25603485    
   566.393921       8.10496902    
   625.000000       7.90899134    
   683.606079       7.71303129    
   728.778015       7.56200552    
   750.000000       7.49105883    
   771.221985       7.42012930    
   816.393921       7.26916742    
   875.000000       7.07333088    
   933.606079       6.87751627    
   978.778015       6.72660637    
   1000.00000       6.65571594    
   1021.22198       6.58484650    
   1066.39392       6.43401527    
   1125.00000       6.23835182    
   1183.60608       6.04271460    
   1228.77795       5.89194345    
   1250.00000       5.82111931    
   1271.22205       5.75031853    
   1316.39392       5.59963560    
   1375.00000       5.40416670    
   1433.60608       5.20872593    
   1478.77795       5.05810738    
   1500.00000       4.98735523    
   1521.22205       4.91662741    
   1566.39392       4.76609993    
   1625.00000       4.57083321    
   1683.60608       4.37559462    
   1728.77795       4.22513199    
   1750.00000       4.15445280    
   1771.22205       4.08379698    
   1816.39392       3.93342185    
   1875.00000       3.73835182    
   1933.60608       3.54330778    
   1978.77795       3.39299321    
   2000.00000       3.32238269    
   2021.22205       3.25179291    
   2066.39380       3.10155702    
   2125.00000       2.90666413    
   2183.60620       2.71179342    
   2228.77808       2.56160951    
   2250.00000       2.49105883    
   2271.22192       2.42052531    
   2316.39380       2.27040529    
   2375.00000       2.07565808    
   2433.60620       1.88092804    
   2478.77808       1.73084795    
   2500.00000       1.66034436    
   2521.22192       1.58985269    
   2566.39380       1.43981802    
   2625.00000       1.24517512    
   2683.60620       1.05054307    
   2728.77808      0.900533378    
   2750.00000      0.830060661    
   2771.22192      0.759594142    
   2816.39380      0.609607995    
   2875.00000      0.415021002    
   2933.60620      0.220437706    
   2978.77808       7.04600886E-02
   3000.00000       8.85370682E-05
