   0.00000000       9.99991035    
   21.2220135       9.92892933    
   66.3938980       9.77765274    
   125.000000       9.58138847    
   183.606094       9.38512897    
   228.777985       9.23386288    
   250.000000       9.16279888    
   271.222015       9.09174347    
   316.393890       8.94050407    
   375.000000       8.74429798    
   433.606110       8.54810429    
   478.777985       8.39689541    
   500.000000       8.32586193    
   521.221985       8.25484276    
   566.393921       8.10368729    
   625.000000       7.90759659    
   683.606079       7.71152592    
   728.778015       7.56041765    
   750.000000       7.48943377    
   771.221985       7.41846991    
   816.393921       7.26743746    
   875.000000       7.07151270    
   933.606079       6.87561464    
   978.778015       6.72464323    
   1000.00000       6.65372562    
   1021.22198       6.58283234    
   1066.39392       6.43195438    
   1125.00000       6.23623466    
   1183.60608       6.04054594    
   1228.77795       5.88973904    
   1250.00000       5.81889963    
   1271.22205       5.74808741    
   1316.39392       5.59738445    
   1375.00000       5.40189457    
   1433.60608       5.20643806    
   1478.77795       5.05581141    
   1500.00000       4.98505688    
   1521.22205       4.91433096    
   1566.39392       4.76381207    
   1625.00000       4.56856108    
   1683.60608       4.37334347    
   1728.77795       4.22290087    
   1750.00000       4.15223265    
   1771.22205       4.08159208    
   1816.39392       3.93125319    
   1875.00000       3.73623466    
   1933.60608       3.54124689    
   1978.77795       3.39097929    
   2000.00000       3.32039237    
   2021.22205       3.24983001    
   2066.39380       3.09965515    
   2125.00000       2.90484595    
   2183.60620       2.71006322    
   2228.77808       2.55994987    
   2250.00000       2.48943377    
   2271.22192       2.41893768    
   2316.39380       2.26890016    
   2375.00000       2.07426310    
   2433.60620       1.87964630    
   2478.77808       1.72965574    
   2500.00000       1.65919518    
   2521.22192       1.58874869    
   2566.39380       1.43881190    
   2625.00000       1.24429822    
   2683.60620       1.04979718    
   2728.77808      0.899889946    
   2750.00000      0.829465806    
   2771.22192      0.759048998    
   2816.39380      0.609169483    
   2875.00000      0.414721876    
   2933.60620      0.220278606    
   2978.77808       7.04092011E-02
   3000.00000       8.84731271E-05
