   0.00000000       9.99991035    
   21.2220135       9.92896843    
   66.3938980       9.77777481    
   125.000000       9.58161736    
   183.606094       9.38546467    
   228.777985       9.23427963    
   250.000000       9.16325474    
   271.222015       9.09223557    
   316.393890       8.94107533    
   375.000000       8.74496937    
   433.606110       8.54887486    
   478.777985       8.39774036    
   500.000000       8.32674122    
   521.221985       8.25575447    
   566.393921       8.10466766    
   625.000000       7.90866423    
   683.606079       7.71267843    
   728.778015       7.56163311    
   750.000000       7.49067783    
   771.221985       7.41974020    
   816.393921       7.26876163    
   875.000000       7.07290411    
   933.606079       6.87707043    
   978.778015       6.72614574    
   1000.00000       6.65524912    
   1021.22198       6.58437395    
   1066.39392       6.43353176    
   1125.00000       6.23785496    
   1183.60608       6.04220581    
   1228.77795       5.89142656    
   1250.00000       5.82059860    
   1271.22205       5.74979544    
   1316.39392       5.59910727    
   1375.00000       5.40363359    
   1433.60608       5.20818901    
   1478.77795       5.05756855    
   1500.00000       4.98681641    
   1521.22205       4.91608858    
   1566.39392       4.76556301    
   1625.00000       4.57030010    
   1683.60608       4.37506676    
   1728.77795       4.22460890    
   1750.00000       4.15393209    
   1771.22205       4.08327961    
   1816.39392       3.93291306    
   1875.00000       3.73785520    
   1933.60608       3.54282427    
   1978.77795       3.39252067    
   2000.00000       3.32191586    
   2021.22205       3.25133252    
   2066.39380       3.10111094    
   2125.00000       2.90623760    
   2183.60620       2.71138763    
   2228.77808       2.56122017    
   2250.00000       2.49067760    
   2271.22192       2.42015290    
   2316.39380       2.27005219    
   2375.00000       2.07533073    
   2433.60620       1.88062739    
   2478.77808       1.73056829    
   2500.00000       1.66007471    
   2521.22192       1.58959377    
   2566.39380       1.43958199    
   2625.00000       1.24496937    
   2683.60620       1.05036807    
   2728.77808      0.900382459    
   2750.00000      0.829921126    
   2771.22192      0.759466231    
   2816.39380      0.609505117    
   2875.00000      0.414950818    
   2933.60620      0.220400378    
   2978.77808       7.04481453E-02
   3000.00000       8.85220725E-05
