   0.00000000       9.99991035    
   21.2220135       9.92900276    
   66.3938980       9.77788162    
   125.000000       9.58181953    
   183.606094       9.38576031    
   228.777985       9.23464775    
   250.000000       9.16365623    
   271.222015       9.09267044    
   316.393890       8.94157887    
   375.000000       8.74556160    
   433.606110       8.54955387    
   478.777985       8.39848614    
   500.000000       8.32751751    
   521.221985       8.25656033    
   566.393921       8.10553360    
   625.000000       7.90960646    
   683.606079       7.71369505    
   728.778015       7.56270504    
   750.000000       7.49177504    
   771.221985       7.42086077    
   816.393921       7.26992989    
   875.000000       7.07413197    
   933.606079       6.87835455    
   978.778015       6.72747183    
   1000.00000       6.65659332    
   1021.22198       6.58573389    
   1066.39392       6.43492365    
   1125.00000       6.23928499    
   1183.60608       6.04367018    
   1228.77795       5.89291525    
   1250.00000       5.82209778    
   1271.22205       5.75130177    
   1316.39392       5.60062742    
   1375.00000       5.40516806    
   1433.60608       5.20973396    
   1478.77795       5.05911922    
   1500.00000       4.98836851    
   1521.22205       4.91763926    
   1566.39392       4.76710796    
   1625.00000       4.57183456    
   1683.60608       4.37658691    
   1728.77795       4.22611523    
   1750.00000       4.15543127    
   1771.22205       4.08476877    
   1816.39392       3.93437767    
   1875.00000       3.73928499    
   1933.60608       3.54421616    
   1978.77795       3.39388084    
   2000.00000       3.32326007    
   2021.22205       3.25265813    
   2066.39380       3.10239530    
   2125.00000       2.90746546    
   2183.60620       2.71255612    
   2228.77808       2.56234097    
   2250.00000       2.49177504    
   2271.22192       2.42122507    
   2316.39380       2.27106881    
   2375.00000       2.07627296    
   2433.60620       1.88149285    
   2478.77808       1.73137331    
   2500.00000       1.66085076    
   2521.22192       1.59033930    
   2566.39380       1.44026148    
   2625.00000       1.24556160    
   2683.60620       1.05087173    
   2728.77808      0.900816977    
   2750.00000      0.830322802    
   2771.22192      0.759834409    
   2816.39380      0.609801233    
   2875.00000      0.415152818    
   2933.60620      0.220507815    
   2978.77808       7.04825148E-02
   3000.00000       8.85652553E-05
