   0.00000000       9.99991035    
   21.2220135       9.92903233    
   66.3938980       9.77797699    
   125.000000       9.58199787    
   183.606094       9.38602161    
   228.777985       9.23497295    
   250.000000       9.16401100    
   271.222015       9.09305382    
   316.393890       8.94202328    
   375.000000       8.74608421    
   433.606110       8.55015373    
   478.777985       8.39914417    
   500.000000       8.32820225    
   521.221985       8.25726986    
   566.393921       8.10629749    
   625.000000       7.91043758    
   683.606079       7.71459150    
   728.778015       7.56365108    
   750.000000       7.49274349    
   771.221985       7.42184973    
   816.393921       7.27096081    
   875.000000       7.07521534    
   933.606079       6.87948751    
   978.778015       6.72864151    
   1000.00000       6.65777922    
   1021.22198       6.58693409    
   1066.39392       6.43615150    
   1125.00000       6.24054623    
   1183.60608       6.04496241    
   1228.77795       5.89422894    
   1250.00000       5.82342052    
   1271.22205       5.75263119    
   1316.39392       5.60196877    
   1375.00000       5.40652180    
   1433.60608       5.21109724    
   1478.77795       5.06048727    
   1500.00000       4.98973751    
   1521.22205       4.91900730    
   1566.39392       4.76847124    
   1625.00000       4.57318830    
   1683.60608       4.37792826    
   1728.77795       4.22744465    
   1750.00000       4.15675402    
   1771.22205       4.08608198    
   1816.39392       3.93566990    
   1875.00000       3.74054623    
   1933.60608       3.54544401    
   1978.77795       3.39508080    
   2000.00000       3.32444596    
   2021.22205       3.25382781    
   2066.39380       3.10352850    
   2125.00000       2.90854859    
   2183.60620       2.71358705    
   2228.77808       2.56332970    
   2250.00000       2.49274349    
   2271.22192       2.42217088    
   2316.39380       2.27196574    
   2375.00000       2.07710409    
   2433.60620       1.88225651    
   2478.77808       1.73208368    
   2500.00000       1.66153550    
   2521.22192       1.59099710    
   2566.39380       1.44086099    
   2625.00000       1.24608421    
   2683.60620       1.05131614    
   2728.77808      0.901200354    
   2750.00000      0.830677211    
   2771.22192      0.760159194    
   2816.39380      0.610062480    
   2875.00000      0.415331036    
   2933.60620      0.220602617    
   2978.77808       7.05128312E-02
   3000.00000       8.86033522E-05
