   0.00000000       9.99991035    
   21.2220135       9.92899132    
   66.3938980       9.77784729    
   125.000000       9.58175468    
   183.606094       9.38566589    
   228.777985       9.23453045    
   250.000000       9.16352749    
   271.222015       9.09253120    
   316.393890       8.94141769    
   375.000000       8.74537277    
   433.606110       8.54933739    
   478.777985       8.39824772    
   500.000000       8.32726955    
   521.221985       8.25630283    
   566.393921       8.10525703    
   625.000000       7.90930510    
   683.606079       7.71336985    
   728.778015       7.56236267    
   750.000000       7.49142456    
   771.221985       7.42050266    
   816.393921       7.26955700    
   875.000000       7.07373953    
   933.606079       6.87794447    
   978.778015       6.72704792    
   1000.00000       6.65616369    
   1021.22198       6.58529949    
   1066.39392       6.43447876    
   1125.00000       6.23882818    
   1183.60608       6.04320240    
   1228.77795       5.89243937    
   1250.00000       5.82161903    
   1271.22205       5.75082064    
   1316.39392       5.60014200    
   1375.00000       5.40467787    
   1433.60608       5.20924044    
   1478.77795       5.05862379    
   1500.00000       4.98787212    
   1521.22205       4.91714382    
   1566.39392       4.76661444    
   1625.00000       4.57134438    
   1683.60608       4.37610102    
   1728.77795       4.22563410    
   1750.00000       4.15495205    
   1771.22205       4.08429289    
   1816.39392       3.93390965    
   1875.00000       3.73882794    
   1933.60608       3.54377151    
   1978.77795       3.39344621    
   2000.00000       3.32283044    
   2021.22205       3.25223470    
   2066.39380       3.10198498    
   2125.00000       2.90707302    
   2183.60620       2.71218276    
   2228.77808       2.56198287    
   2250.00000       2.49142456    
   2271.22192       2.42088246    
   2316.39380       2.27074409    
   2375.00000       2.07597184    
   2433.60620       1.88121629    
   2478.77808       1.73111606    
   2500.00000       1.66060281    
   2521.22192       1.59010112    
   2566.39380       1.44004440    
   2625.00000       1.24537241    
   2683.60620       1.05071080    
   2728.77808      0.900678158    
   2750.00000      0.830194473    
   2771.22192      0.759716749    
   2816.39380      0.609706640    
   2875.00000      0.415088296    
   2933.60620      0.220473498    
   2978.77808       7.04715326E-02
   3000.00000       8.85514528E-05
