   0.00000000       9.99991035    
   21.2220135       9.92901325    
   66.3938980       9.77791500    
   125.000000       9.58188152    
   183.606094       9.38585091    
   228.777985       9.23476028    
   250.000000       9.16377926    
   271.222015       9.09280300    
   316.393890       8.94173336    
   375.000000       8.74574280    
   433.606110       8.54976273    
   478.777985       8.39871407    
   500.000000       8.32775497    
   521.221985       8.25680637    
   566.393921       8.10579872    
   625.000000       7.90989494    
   683.606079       7.71400642    
   728.778015       7.56303358    
   750.000000       7.49211168    
   771.221985       7.42120409    
   816.393921       7.27028799    
   875.000000       7.07450819    
   933.606079       6.87874842    
   978.778015       6.72787809    
   1000.00000       6.65700531    
   1021.22198       6.58615065    
   1066.39392       6.43534994    
   1125.00000       6.23972321    
   1183.60608       6.04411936    
   1228.77795       5.89337158    
   1250.00000       5.82255745    
   1271.22205       5.75176382    
   1316.39392       5.60109329    
   1375.00000       5.40563822    
   1433.60608       5.21020746    
   1478.77795       5.05959463    
   1500.00000       4.98884392    
   1521.22205       4.91811466    
   1566.39392       4.76758146    
   1625.00000       4.57230473    
   1683.60608       4.37705278    
   1728.77795       4.22657728    
   1750.00000       4.15589094    
   1771.22205       4.08522463    
   1816.39392       3.93482661    
   1875.00000       3.73972297    
   1933.60608       3.54464269    
   1978.77795       3.39429760    
   2000.00000       3.32367182    
   2021.22205       3.25306439    
   2066.39380       3.10278893    
   2125.00000       2.90784168    
   2183.60620       2.71291423    
   2228.77808       2.56268430    
   2250.00000       2.49211144    
   2271.22192       2.42155361    
   2316.39380       2.27138042    
   2375.00000       2.07656169    
   2433.60620       1.88175821    
   2478.77808       1.73162007    
   2500.00000       1.66108859    
   2521.22192       1.59056783    
   2566.39380       1.44046974    
   2625.00000       1.24574316    
   2683.60620       1.05102611    
   2728.77808      0.900950134    
   2750.00000      0.830445945    
   2771.22192      0.759947181    
   2816.39380      0.609891951    
   2875.00000      0.415214747    
   2933.60620      0.220540747    
   2978.77808       7.04930425E-02
   3000.00000       8.85784902E-05
