   0.00000000       9.99991035    
   21.2220135       9.92902279    
   66.3938980       9.77794647    
   125.000000       9.58194065    
   183.606094       9.38593864    
   228.777985       9.23486900    
   250.000000       9.16389751    
   271.222015       9.09293079    
   316.393890       8.94188118    
   375.000000       8.74591732    
   433.606110       8.54996204    
   478.777985       8.39893341    
   500.000000       8.32798386    
   521.221985       8.25704288    
   566.393921       8.10605335    
   625.000000       7.91017199    
   683.606079       7.71430492    
   728.778015       7.56334877    
   750.000000       7.49243402    
   771.221985       7.42153358    
   816.393921       7.27063179    
   875.000000       7.07486916    
   933.606079       6.87912560    
   978.778015       6.72826767    
   1000.00000       6.65740013    
   1021.22198       6.58655071    
   1066.39392       6.43575907    
   1125.00000       6.24014330    
   1183.60608       6.04454947    
   1228.77795       5.89380932    
   1250.00000       5.82299805    
   1271.22205       5.75220633    
   1316.39392       5.60154009    
   1375.00000       5.40608931    
   1433.60608       5.21066189    
   1478.77795       5.06005049    
   1500.00000       4.98930025    
   1521.22205       4.91857004    
   1566.39392       4.76803589    
   1625.00000       4.57275581    
   1683.60608       4.37749958    
   1728.77795       4.22701979    
   1750.00000       4.15633154    
   1771.22205       4.08566236    
   1816.39392       3.93525696    
   1875.00000       3.74014330    
   1933.60608       3.54505157    
   1978.77795       3.39469743    
   2000.00000       3.32406688    
   2021.22205       3.25345421    
   2066.39380       3.10316634    
   2125.00000       2.90820241    
   2183.60620       2.71325755    
   2228.77808       2.56301379    
   2250.00000       2.49243402    
   2271.22192       2.42186856    
   2316.39380       2.27167916    
   2375.00000       2.07683849    
   2433.60620       1.88201261    
   2478.77808       1.73185670    
   2500.00000       1.66131675    
   2521.22192       1.59078693    
   2566.39380       1.44066942    
   2625.00000       1.24591720    
   2683.60620       1.05117416    
   2728.77808      0.901077867    
   2750.00000      0.830564022    
   2771.22192      0.760055423    
   2816.39380      0.609979033    
   2875.00000      0.415274113    
   2933.60620      0.220572323    
   2978.77808       7.05031455E-02
   3000.00000       8.85911795E-05
