   0.00000000       9.99991131    
   21.2220135       9.92906761    
   66.3938980       9.77808571    
   125.000000       9.58220291    
   183.606094       9.38632298    
   228.777985       9.23534679    
   250.000000       9.16441917    
   271.222015       9.09349537    
   316.393890       8.94253540    
   375.000000       8.74668598    
   433.606110       8.55084419    
   478.777985       8.39990234    
   500.000000       8.32899094    
   521.221985       8.25808907    
   566.393921       8.10717773    
   625.000000       7.91139555    
   683.606079       7.71562529    
   728.778015       7.56474113    
   750.000000       7.49385929    
   771.221985       7.42298937    
   816.393921       7.27214909    
   875.000000       7.07646370    
   933.606079       6.88079405    
   978.778015       6.72998953    
   1000.00000       6.65914631    
   1021.22198       6.58831692    
   1066.39392       6.43756676    
   1125.00000       6.24200058    
   1183.60608       6.04645205    
   1228.77795       5.89574289    
   1250.00000       5.82494545    
   1271.22205       5.75416327    
   1316.39392       5.60351467    
   1375.00000       5.40808201    
   1433.60608       5.21266842    
   1478.77795       5.06206417    
   1500.00000       4.99131584    
   1521.22205       4.92058420    
   1566.39392       4.77004242    
   1625.00000       4.57474852    
   1683.60608       4.37947416    
   1728.77795       4.22897673    
   1750.00000       4.15827847    
   1771.22205       4.08759642    
   1816.39392       3.93715930    
   1875.00000       3.74200034    
   1933.60608       3.54685926    
   1978.77795       3.39646387    
   2000.00000       3.32581282    
   2021.22205       3.25517607    
   2066.39380       3.10483456    
   2125.00000       2.90979719    
   2183.60620       2.71477532    
   2228.77808       2.56446934    
   2250.00000       2.49385953    
   2271.22192       2.42326117    
   2316.39380       2.27299953    
   2375.00000       2.07806230    
   2433.60620       1.88313675    
   2478.77808       1.73290229    
   2500.00000       1.66232467    
   2521.22192       1.59175527    
   2566.39380       1.44155192    
   2625.00000       1.24668646    
   2683.60620       1.05182827    
   2728.77808      0.901642203    
   2750.00000      0.831085742    
   2771.22192      0.760533571    
   2816.39380      0.610363603    
   2875.00000      0.415536463    
   2933.60620      0.220711872    
   2978.77808       7.05477744E-02
   3000.00000       8.86472699E-05
