   0.00000000       9.99991131    
   21.2220135       9.92905903    
   66.3938980       9.77805996    
   125.000000       9.58215523    
   183.606094       9.38625240    
   228.777985       9.23525906    
   250.000000       9.16432285    
   271.222015       9.09339142    
   316.393890       8.94241524    
   375.000000       8.74654484    
   433.606110       8.55068302    
   478.777985       8.39972401    
   500.000000       8.32880592    
   521.221985       8.25789642    
   566.393921       8.10697079    
   625.000000       7.91117096    
   683.606079       7.71538305    
   728.778015       7.56448555    
   750.000000       7.49359751    
   771.221985       7.42272186    
   816.393921       7.27187061    
   875.000000       7.07617092    
   933.606079       6.88048744    
   978.778015       6.72967339    
   1000.00000       6.65882540    
   1021.22198       6.58799267    
   1066.39392       6.43723488    
   1125.00000       6.24165916    
   1183.60608       6.04610252    
   1228.77795       5.89538765    
   1250.00000       5.82458782    
   1271.22205       5.75380421    
   1316.39392       5.60315228    
   1375.00000       5.40771580    
   1433.60608       5.21229982    
   1478.77795       5.06169462    
   1500.00000       4.99094582    
   1521.22205       4.92021418    
   1566.39392       4.76967382    
   1625.00000       4.57438278    
   1683.60608       4.37911129    
   1728.77795       4.22861767    
   1750.00000       4.15792084    
   1771.22205       4.08724117    
   1816.39392       3.93680978    
   1875.00000       3.74165940    
   1933.60608       3.54652739    
   1978.77795       3.39613938    
   2000.00000       3.32549214    
   2021.22205       3.25485969    
   2066.39380       3.10452819    
   2125.00000       2.90950441    
   2183.60620       2.71449661    
   2228.77808       2.56420207    
   2250.00000       2.49359775    
   2271.22192       2.42300558    
   2316.39380       2.27275705    
   2375.00000       2.07783747    
   2433.60620       1.88293028    
   2478.77808       1.73271024    
   2500.00000       1.66213953    
   2521.22192       1.59157741    
   2566.39380       1.44138992    
   2625.00000       1.24654520    
   2683.60620       1.05170822    
   2728.77808      0.901538551    
   2750.00000      0.830989957    
   2771.22192      0.760445774    
   2816.39380      0.610292971    
   2875.00000      0.415488273    
   2933.60620      0.220686242    
   2978.77808       7.05395788E-02
   3000.00000       8.86369671E-05
