   0.00000000       9.99991131    
   21.2220135       9.92907524    
   66.3938980       9.77811050    
   125.000000       9.58224964    
   183.606094       9.38639069    
   228.777985       9.23543167    
   250.000000       9.16451073    
   271.222015       9.09359455    
   316.393890       8.94265079    
   375.000000       8.74682236    
   433.606110       8.55099964    
   478.777985       8.40007305    
   500.000000       8.32916927    
   521.221985       8.25827312    
   566.393921       8.10737514    
   625.000000       7.91161108    
   683.606079       7.71585798    
   728.778015       7.56498671    
   750.000000       7.49411058    
   771.221985       7.42324591    
   816.393921       7.27241659    
   875.000000       7.07674456    
   933.606079       6.88108778    
   978.778015       6.73029280    
   1000.00000       6.65945387    
   1021.22198       6.58862829    
   1066.39392       6.43788528    
   1125.00000       6.24232769    
   1183.60608       6.04678679    
   1228.77795       5.89608383    
   1250.00000       5.82528830    
   1271.22205       5.75450802    
   1316.39392       5.60386276    
   1375.00000       5.40843296    
   1433.60608       5.21302176    
   1478.77795       5.06241894    
   1500.00000       4.99167109    
   1521.22205       4.92093897    
   1566.39392       4.77039576    
   1625.00000       4.57509947    
   1683.60608       4.37982178    
   1728.77795       4.22932148    
   1750.00000       4.15862179    
   1771.22205       4.08793688    
   1816.39392       3.93749428    
   1875.00000       3.74232745    
   1933.60608       3.54717779    
   1978.77795       3.39677501    
   2000.00000       3.32612038    
   2021.22205       3.25547934    
   2066.39380       3.10512829    
   2125.00000       2.91007805    
   2183.60620       2.71504259    
   2228.77808       2.56472588    
   2250.00000       2.49411058    
   2271.22192       2.42350650    
   2316.39380       2.27323198    
   2375.00000       2.07827783    
   2433.60620       1.88333488    
   2478.77808       1.73308659    
   2500.00000       1.66250229    
   2521.22192       1.59192586    
   2566.39380       1.44170749    
   2625.00000       1.24682188    
   2683.60620       1.05194354    
   2728.77808      0.901741624    
   2750.00000      0.831177652    
   2771.22192      0.760617793    
   2816.39380      0.610431373    
   2875.00000      0.415582687    
   2933.60620      0.220736459    
   2978.77808       7.05556422E-02
   3000.00000       8.86571506E-05
