   0.00000000       9.99991131    
   21.2220135       9.92904186    
   66.3938980       9.77800560    
   125.000000       9.58205223    
   183.606094       9.38610172    
   228.777985       9.23507214    
   250.000000       9.16411877    
   271.222015       9.09317112    
   316.393890       8.94215965    
   375.000000       8.74624443    
   433.606110       8.55033779    
   478.777985       8.39934540    
   500.000000       8.32841206    
   521.221985       8.25748825    
   566.393921       8.10653114    
   625.000000       7.91069221    
   683.606079       7.71486664    
   728.778015       7.56394100    
   750.000000       7.49304008    
   771.221985       7.42215252    
   816.393921       7.27127695    
   875.000000       7.07554722    
   933.606079       6.87983513    
   978.778015       6.72899961    
   1000.00000       6.65814257    
   1021.22198       6.58730173    
   1066.39392       6.43652773    
   1125.00000       6.24093294    
   1183.60608       6.04535866    
   1228.77795       5.89463139    
   1250.00000       5.82382584    
   1271.22205       5.75303841    
   1316.39392       5.60237980    
   1375.00000       5.40693665    
   1433.60608       5.21151495    
   1478.77795       5.06090689    
   1500.00000       4.99015713    
   1521.22205       4.91942644    
   1566.39392       4.76888895    
   1625.00000       4.57360315    
   1683.60608       4.37833929    
   1728.77795       4.22785187    
   1750.00000       4.15715933    
   1771.22205       4.08648491    
   1816.39392       3.93606591    
   1875.00000       3.74093294    
   1933.60608       3.54582024    
   1978.77795       3.39544845    
   2000.00000       3.32480931    
   2021.22205       3.25418639    
   2066.39380       3.10387564    
   2125.00000       2.90888047    
   2183.60620       2.71390295    
   2228.77808       2.56363273    
   2250.00000       2.49304008    
   2271.22192       2.42246079    
   2316.39380       2.27224040    
   2375.00000       2.07735896    
   2433.60620       1.88249063    
   2478.77808       1.73230135    
   2500.00000       1.66174531    
   2521.22192       1.59119868    
   2566.39380       1.44104469    
   2625.00000       1.24624431    
   2683.60620       1.05145228    
   2728.77808      0.901317835    
   2750.00000      0.830785871    
   2771.22192      0.760258734    
   2816.39380      0.610142529    
   2875.00000      0.415385664    
   2933.60620      0.220631659    
   2978.77808       7.05221221E-02
   3000.00000       8.86150301E-05
