   0.00000000       9.99991131    
   21.2220135       9.92905140    
   66.3938980       9.77803326    
   125.000000       9.58210468    
   183.606094       9.38617897    
   228.777985       9.23516750    
   250.000000       9.16422367    
   271.222015       9.09328365    
   316.393890       8.94229031    
   375.000000       8.74639797    
   433.606110       8.55051327    
   478.777985       8.39953899    
   500.000000       8.32861328    
   521.221985       8.25769711    
   566.393921       8.10675526    
   625.000000       7.91093636    
   683.606079       7.71513033    
   728.778015       7.56421900    
   750.000000       7.49332476    
   771.221985       7.42244339    
   816.393921       7.27157974    
   875.000000       7.07586575    
   933.606079       6.88016796    
   978.778015       6.72934341    
   1000.00000       6.65849113    
   1021.22198       6.58765459    
   1066.39392       6.43688869    
   1125.00000       6.24130344    
   1183.60608       6.04573822    
   1228.77795       5.89501762    
   1250.00000       5.82421494    
   1271.22205       5.75342941    
   1316.39392       5.60277414    
   1375.00000       5.40733433    
   1433.60608       5.21191549    
   1478.77795       5.06130886    
   1500.00000       4.99055958    
   1521.22205       4.91982889    
   1566.39392       4.76928949    
   1625.00000       4.57400084    
   1683.60608       4.37873316    
   1728.77795       4.22824287    
   1750.00000       4.15754795    
   1771.22205       4.08687067    
   1816.39392       3.93644571    
   1875.00000       3.74130368    
   1933.60608       3.54618120    
   1978.77795       3.39580107    
   2000.00000       3.32515788    
   2021.22205       3.25452995    
   2066.39380       3.10420871    
   2125.00000       2.90919900    
   2183.60620       2.71420598    
   2228.77808       2.56392336    
   2250.00000       2.49332476    
   2271.22192       2.42273879    
   2316.39380       2.27250409    
   2375.00000       2.07760310    
   2433.60620       1.88271511    
   2478.77808       1.73251009    
   2500.00000       1.66194654    
   2521.22192       1.59139204    
   2566.39380       1.44122088    
   2625.00000       1.24639785    
   2683.60620       1.05158293    
   2728.77808      0.901430488    
   2750.00000      0.830890000    
   2771.22192      0.760354161    
   2816.39380      0.610219300    
   2875.00000      0.415438056    
   2933.60620      0.220659524    
   2978.77808       7.05310330E-02
   3000.00000       8.86262278E-05
