   0.00000000       9.99991131    
   21.2220135       9.92909050    
   66.3938980       9.77815628    
   125.000000       9.58233643    
   183.606094       9.38651752    
   228.777985       9.23558903    
   250.000000       9.16468334    
   271.222015       9.09378147    
   316.393890       8.94286728    
   375.000000       8.74707699    
   433.606110       8.55129242    
   478.777985       8.40039349    
   500.000000       8.32950211    
   521.221985       8.25861931    
   566.393921       8.10774803    
   625.000000       7.91201591    
   683.606079       7.71629524    
   728.778015       7.56544733    
   750.000000       7.49458218    
   771.221985       7.42372751    
   816.393921       7.27291918    
   875.000000       7.07727242    
   933.606079       6.88163996    
   978.778015       6.73086262    
   1000.00000       6.66003132    
   1021.22198       6.58921289    
   1066.39392       6.43848324    
   1125.00000       6.24294233    
   1183.60608       6.04741669    
   1228.77795       5.89672375    
   1250.00000       5.82593298    
   1271.22205       5.75515604    
   1316.39392       5.60451603    
   1375.00000       5.40909243    
   1433.60608       5.21368599    
   1478.77795       5.06308556    
   1500.00000       4.99233818    
   1521.22205       4.92160559    
   1566.39392       4.77105999    
   1625.00000       4.57575941    
   1683.60608       4.38047552    
   1728.77795       4.22996902    
   1750.00000       4.15926600    
   1771.22205       4.08857679    
   1816.39392       3.93812394    
   1875.00000       3.74294209    
   1933.60608       3.54777622    
   1978.77795       3.39735961    
   2000.00000       3.32669806    
   2021.22205       3.25604916    
   2066.39380       3.10568047    
   2125.00000       2.91060591    
   2183.60620       2.71554494    
   2228.77808       2.56520772    
   2250.00000       2.49458241    
   2271.22192       2.42396736    
   2316.39380       2.27366900    
   2375.00000       2.07868266    
   2433.60620       1.88370693    
   2478.77808       1.73343265    
   2500.00000       1.66283584    
   2521.22192       1.59224629    
   2566.39380       1.44199955    
   2625.00000       1.24707651    
   2683.60620       1.05216002    
   2728.77808      0.901928425    
   2750.00000      0.831350386    
   2771.22192      0.760776043    
   2816.39380      0.610558629    
   2875.00000      0.415669531    
   2933.60620      0.220782638    
   2978.77808       7.05704093E-02
   3000.00000       8.86757189E-05
