   0.00000000       9.99991131    
   21.2220135       9.92908287    
   66.3938980       9.77813435    
   125.000000       9.58229351    
   183.606094       9.38645554    
   228.777985       9.23551178    
   250.000000       9.16459942    
   271.222015       9.09368992    
   316.393890       8.94276142    
   375.000000       8.74695206    
   433.606110       8.55114937    
   478.777985       8.40023613    
   500.000000       8.32933903    
   521.221985       8.25844955    
   566.393921       8.10756588    
   625.000000       7.91181803    
   683.606079       7.71608114    
   728.778015       7.56522179    
   750.000000       7.49435139    
   771.221985       7.42349148    
   816.393921       7.27267313    
   875.000000       7.07701397    
   933.606079       6.88136959    
   978.778015       6.73058367    
   1000.00000       6.65974855    
   1021.22198       6.58892679    
   1066.39392       6.43819046    
   1125.00000       6.24264097    
   1183.60608       6.04710817    
   1228.77795       5.89641047    
   1250.00000       5.82561731    
   1271.22205       5.75483894    
   1316.39392       5.60419607    
   1375.00000       5.40876961    
   1433.60608       5.21336079    
   1478.77795       5.06275940    
   1500.00000       4.99201155    
   1521.22205       4.92127943    
   1566.39392       4.77073479    
   1625.00000       4.57543659    
   1683.60608       4.38015556    
   1728.77795       4.22965193    
   1750.00000       4.15895081    
   1771.22205       4.08826351    
   1816.39392       3.93781567    
   1875.00000       3.74264121    
   1933.60608       3.54748321    
   1978.77795       3.39707351    
   2000.00000       3.32641530    
   2021.22205       3.25577021    
   2066.39380       3.10541010    
   2125.00000       2.91034746    
   2183.60620       2.71529913    
   2228.77808       2.56497169    
   2250.00000       2.49435139    
   2271.22192       2.42374182    
   2316.39380       2.27345514    
   2375.00000       2.07848454    
   2433.60620       1.88352478    
   2478.77808       1.73326313    
   2500.00000       1.66267252    
   2521.22192       1.59208941    
   2566.39380       1.44185650    
   2625.00000       1.24695194    
   2683.60620       1.05205405    
   2728.77808      0.901836991    
   2750.00000      0.831265807    
   2771.22192      0.760698557    
   2816.39380      0.610496342    
   2875.00000      0.415627003    
   2933.60620      0.220760033    
   2978.77808       7.05631822E-02
   3000.00000       8.86666239E-05
