   0.00000000       9.99991131    
   21.2220135       9.92911053    
   66.3938980       9.77821922    
   125.000000       9.58245373    
   183.606094       9.38669014    
   228.777985       9.23580360    
   250.000000       9.16491699    
   271.222015       9.09403419    
   316.393890       8.94316006    
   375.000000       8.74742031    
   433.606110       8.55168724    
   478.777985       8.40082645    
   500.000000       8.32995319    
   521.221985       8.25908661    
   566.393921       8.10825062    
   625.000000       7.91256380    
   683.606079       7.71688557    
   728.778015       7.56607056    
   750.000000       7.49522018    
   771.221985       7.42437887    
   816.393921       7.27359819    
   875.000000       7.07798624    
   933.606079       6.88238621    
   978.778015       6.73163319    
   1000.00000       6.66081285    
   1021.22198       6.59000349    
   1066.39392       6.43929243    
   1125.00000       6.24377298    
   1183.60608       6.04826784    
   1228.77795       5.89758921    
   1250.00000       5.82680416    
   1271.22205       5.75603151    
   1316.39392       5.60539961    
   1375.00000       5.40998411    
   1433.60608       5.21458387    
   1478.77795       5.06398678    
   1500.00000       4.99324036    
   1521.22205       4.92250681    
   1566.39392       4.77195787    
   1625.00000       4.57665110    
   1683.60608       4.38135910    
   1728.77795       4.23084497    
   1750.00000       4.16013718    
   1771.22205       4.08944225    
   1816.39392       3.93897510    
   1875.00000       3.74377298    
   1933.60608       3.54858494    
   1978.77795       3.39814997    
   2000.00000       3.32747936    
   2021.22205       3.25681973    
   2066.39380       3.10642672    
   2125.00000       2.91131949    
   2183.60620       2.71622396    
   2228.77808       2.56585884    
   2250.00000       2.49522018    
   2271.22192       2.42459059    
   2316.39380       2.27425981    
   2375.00000       2.07923031    
   2433.60620       1.88420999    
   2478.77808       1.73390043    
   2500.00000       1.66328681    
   2521.22192       1.59267962    
   2566.39380       1.44239438    
   2625.00000       1.24742067    
   2683.60620       1.05245280    
   2728.77808      0.902180970    
   2750.00000      0.831583798    
   2771.22192      0.760989964    
   2816.39380      0.610730708    
   2875.00000      0.415786922    
   2933.60620      0.220845073    
   2978.77808       7.05903843E-02
   3000.00000       8.87008136E-05
