   0.00000000       9.99991131    
   21.2220135       9.92910385    
   66.3938980       9.77819920    
   125.000000       9.58241653    
   183.606094       9.38663483    
   228.777985       9.23573494    
   250.000000       9.16484261    
   271.222015       9.09395313    
   316.393890       8.94306660    
   375.000000       8.74731064    
   433.606110       8.55156136    
   478.777985       8.40068817    
   500.000000       8.32980919    
   521.221985       8.25893784    
   566.393921       8.10808945    
   625.000000       7.91238880    
   683.606079       7.71669722    
   728.778015       7.56587172    
   750.000000       7.49501657    
   771.221985       7.42417097    
   816.393921       7.27338123    
   875.000000       7.07775831    
   933.606079       6.88214779    
   978.778015       6.73138714    
   1000.00000       6.66056299    
   1021.22198       6.58975077    
   1066.39392       6.43903399    
   1125.00000       6.24350739    
   1183.60608       6.04799604    
   1228.77795       5.89731264    
   1250.00000       5.82652569    
   1271.22205       5.75575161    
   1316.39392       5.60511732    
   1375.00000       5.40969944    
   1433.60608       5.21429729    
   1478.77795       5.06369877    
   1500.00000       4.99295235    
   1521.22205       4.92221880    
   1566.39392       4.77167130    
   1625.00000       4.57636595    
   1683.60608       4.38107681    
   1728.77795       4.23056507    
   1750.00000       4.15985918    
   1771.22205       4.08916569    
   1816.39392       3.93870306    
   1875.00000       3.74350762    
   1933.60608       3.54832649    
   1978.77795       3.39789748    
   2000.00000       3.32722974    
   2021.22205       3.25657344    
   2066.39380       3.10618830    
   2125.00000       2.91109157    
   2183.60620       2.71600699    
   2228.77808       2.56565094    
   2250.00000       2.49501634    
   2271.22192       2.42439151    
   2316.39380       2.27407098    
   2375.00000       2.07905531    
   2433.60620       1.88404918    
   2478.77808       1.73375094    
   2500.00000       1.66314280    
   2521.22192       1.59254122    
   2566.39380       1.44226825    
   2625.00000       1.24731076    
   2683.60620       1.05235922    
   2728.77808      0.902100265    
   2750.00000      0.831509233    
   2771.22192      0.760921657    
   2816.39380      0.610675752    
   2875.00000      0.415749401    
   2933.60620      0.220825136    
   2978.77808       7.05839992E-02
   3000.00000       8.86927955E-05
