   0.00000000       9.99991131    
   21.2220135       9.92909718    
   66.3938980       9.77817822    
   125.000000       9.58237743    
   183.606094       9.38657761    
   228.777985       9.23566341    
   250.000000       9.16476440    
   271.222015       9.09386921    
   316.393890       8.94296932    
   375.000000       8.74719620    
   433.606110       8.55142975    
   478.777985       8.40054321    
   500.000000       8.32965946    
   521.221985       8.25878143    
   566.393921       8.10792255    
   625.000000       7.91220617    
   683.606079       7.71650028    
   728.778015       7.56566381    
   750.000000       7.49480391    
   771.221985       7.42395401    
   816.393921       7.27315474    
   875.000000       7.07752037    
   933.606079       6.88189888    
   978.778015       6.73113012    
   1000.00000       6.66030264    
   1021.22198       6.58948755    
   1066.39392       6.43876457    
   1125.00000       6.24323082    
   1183.60608       6.04771233    
   1228.77795       5.89702415    
   1250.00000       5.82623529    
   1271.22205       5.75545979    
   1316.39392       5.60482311    
   1375.00000       5.40940237    
   1433.60608       5.21399784    
   1478.77795       5.06339884    
   1500.00000       4.99265146    
   1521.22205       4.92191839    
   1566.39392       4.77137184    
   1625.00000       4.57606888    
   1683.60608       4.38078213    
   1728.77795       4.23027325    
   1750.00000       4.15956879    
   1771.22205       4.08887768    
   1816.39392       3.93841958    
   1875.00000       3.74323082    
   1933.60608       3.54805708    
   1978.77795       3.39763427    
   2000.00000       3.32696939    
   2021.22205       3.25631690    
   2066.39380       3.10593963    
   2125.00000       2.91085386    
   2183.60620       2.71578074    
   2228.77808       2.56543398    
   2250.00000       2.49480391    
   2271.22192       2.42418385    
   2316.39380       2.27387428    
   2375.00000       2.07887292    
   2433.60620       1.88388169    
   2478.77808       1.73359513    
   2500.00000       1.66299248    
   2521.22192       1.59239686    
   2566.39380       1.44213665    
   2625.00000       1.24719608    
   2683.60620       1.05226171    
   2728.77808      0.902016163    
   2750.00000      0.831431448    
   2771.22192      0.760850370    
   2816.39380      0.610618412    
   2875.00000      0.415710300    
   2933.60620      0.220804334    
   2978.77808       7.05773458E-02
   3000.00000       8.86844355E-05
