   0.00000000       9.99991131    
   21.2220135       9.92911625    
   66.3938980       9.77823830    
   125.000000       9.58248997    
   183.606094       9.38674259    
   228.777985       9.23586941    
   250.000000       9.16498852    
   271.222015       9.09411144    
   316.393890       8.94324970    
   375.000000       8.74752617    
   433.606110       8.55180836    
   478.777985       8.40095901    
   500.000000       8.33009148    
   521.221985       8.25923061    
   566.393921       8.10840511    
   625.000000       7.91273117    
   683.606079       7.71706676    
   728.778015       7.56626177    
   750.000000       7.49541569    
   771.221985       7.42457867    
   816.393921       7.27380610    
   875.000000       7.07820463    
   933.606079       6.88261509    
   978.778015       6.73186922    
   1000.00000       6.66105223    
   1021.22198       6.59024572    
   1066.39392       6.43953991    
   1125.00000       6.24402761    
   1183.60608       6.04852867    
   1228.77795       5.89785433    
   1250.00000       5.82707119    
   1271.22205       5.75629997    
   1316.39392       5.60567045    
   1375.00000       5.41025734    
   1433.60608       5.21485901    
   1478.77795       5.06426287    
   1500.00000       4.99351692    
   1521.22205       4.92278290    
   1566.39392       4.77223301    
   1625.00000       4.57692432    
   1683.60608       4.38162947    
   1728.77795       4.23111296    
   1750.00000       4.16040421    
   1771.22205       4.08970737    
   1816.39392       3.93923593    
   1875.00000       3.74402761    
   1933.60608       3.54883289    
   1978.77795       3.39839220    
   2000.00000       3.32771873    
   2021.22205       3.25705576    
   2066.39380       3.10665560    
   2125.00000       2.91153812    
   2183.60620       2.71643209    
   2228.77808       2.56605864    
   2250.00000       2.49541569    
   2271.22192       2.42478156    
   2316.39380       2.27444077    
   2375.00000       2.07939816    
   2433.60620       1.88436413    
   2478.77808       1.73404384    
   2500.00000       1.66342509    
   2521.22192       1.59281242    
   2566.39380       1.44251537    
   2625.00000       1.24752617    
   2683.60620       1.05254245    
   2728.77808      0.902258337    
   2750.00000      0.831655324    
   2771.22192      0.761055529    
   2816.39380      0.610783458    
   2875.00000      0.415822893    
   2933.60620      0.220864221    
   2978.77808       7.05965012E-02
   3000.00000       8.87085043E-05
