   0.00000000       9.99991131    
   21.2220135       9.92912769    
   66.3938980       9.77827454    
   125.000000       9.58255672    
   183.606094       9.38684177    
   228.777985       9.23599243    
   250.000000       9.16512299    
   271.222015       9.09425735    
   316.393890       8.94341850    
   375.000000       8.74772453    
   433.606110       8.55203533    
   478.777985       8.40120888    
   500.000000       8.33035183    
   521.221985       8.25949955    
   566.393921       8.10869408    
   625.000000       7.91304684    
   683.606079       7.71740675    
   728.778015       7.56662035    
   750.000000       7.49578285    
   771.221985       7.42495346    
   816.393921       7.27419710    
   875.000000       7.07861567    
   933.606079       6.88304472    
   978.778015       6.73231268    
   1000.00000       6.66150188    
   1021.22198       6.59070063    
   1066.39392       6.44000578    
   1125.00000       6.24450588    
   1183.60608       6.04901886    
   1228.77795       5.89835215    
   1250.00000       5.82757282    
   1271.22205       5.75680399    
   1316.39392       5.60617876    
   1375.00000       5.41077089    
   1433.60608       5.21537638    
   1478.77795       5.06478167    
   1500.00000       4.99403620    
   1521.22205       4.92330170    
   1566.39392       4.77275038    
   1625.00000       4.57743788    
   1683.60608       4.38213825    
   1728.77795       4.23161745    
   1750.00000       4.16090584    
   1771.22205       4.09020567    
   1816.39392       3.93972611    
   1875.00000       3.74450612    
   1933.60608       3.54929852    
   1978.77795       3.39884734    
   2000.00000       3.32816839    
   2021.22205       3.25749946    
   2066.39380       3.10708523    
   2125.00000       2.91194892    
   2183.60620       2.71682310    
   2228.77808       2.56643367    
   2250.00000       2.49578285    
   2271.22192       2.42514014    
   2316.39380       2.27478099    
   2375.00000       2.07971334    
   2433.60620       1.88465381    
   2478.77808       1.73431325    
   2500.00000       1.66368473    
   2521.22192       1.59306192    
   2566.39380       1.44274282    
   2625.00000       1.24772429    
   2683.60620       1.05271101    
   2728.77808      0.902403712    
   2750.00000      0.831789792    
   2771.22192      0.761178732    
   2816.39380      0.610882521    
   2875.00000      0.415890485    
   2933.60620      0.220900163    
   2978.77808       7.06079975E-02
   3000.00000       8.87229544E-05
