   0.00000000       9.99991131    
   21.2220135       9.92913818    
   66.3938980       9.77830696    
   125.000000       9.58261967    
   183.606094       9.38693333    
   228.777985       9.23610592    
   250.000000       9.16524696    
   271.222015       9.09439087    
   316.393890       8.94357300    
   375.000000       8.74790668    
   433.606110       8.55224419    
   478.777985       8.40143776    
   500.000000       8.33059025    
   521.221985       8.25974751    
   566.393921       8.10896111    
   625.000000       7.91333675    
   683.606079       7.71772003    
   728.778015       7.56695032    
   750.000000       7.49612093    
   771.221985       7.42529869    
   816.393921       7.27455664    
   875.000000       7.07899332    
   933.606079       6.88344002    
   978.778015       6.73272085    
   1000.00000       6.66191578    
   1021.22198       6.59111929    
   1066.39392       6.44043446    
   1125.00000       6.24494600    
   1183.60608       6.04946947    
   1228.77795       5.89881086    
   1250.00000       5.82803440    
   1271.22205       5.75726795    
   1316.39392       5.60664701    
   1375.00000       5.41124344    
   1433.60608       5.21585178    
   1478.77795       5.06525898    
   1500.00000       4.99451399    
   1521.22205       4.92377901    
   1566.39392       4.77322578    
   1625.00000       4.57790995    
   1683.60608       4.38260651    
   1728.77795       4.23208094    
   1750.00000       4.16136742    
   1771.22205       4.09066391    
   1816.39392       3.94017696    
   1875.00000       3.74494624    
   1933.60608       3.54972696    
   1978.77795       3.39926600    
   2000.00000       3.32858229    
   2021.22205       3.25790739    
   2066.39380       3.10748076    
   2125.00000       2.91232681    
   2183.60620       2.71718287    
   2228.77808       2.56677866    
   2250.00000       2.49612069    
   2271.22192       2.42547035    
   2316.39380       2.27509379    
   2375.00000       2.08000326    
   2433.60620       1.88492024    
   2478.77808       1.73456109    
   2500.00000       1.66392362    
   2521.22192       1.59329140    
   2566.39380       1.44295192    
   2625.00000       1.24790668    
   2683.60620       1.05286610    
   2728.77808      0.902537465    
   2750.00000      0.831913412    
   2771.22192      0.761292040    
   2816.39380      0.610973716    
   2875.00000      0.415952653    
   2933.60620      0.220933244    
   2978.77808       7.06185773E-02
   3000.00000       8.87362476E-05
