   0.00000000       9.99991131    
   21.2220135       9.92913342    
   66.3938980       9.77829075    
   125.000000       9.58258915    
   183.606094       9.38688850    
   228.777985       9.23604965    
   250.000000       9.16518593    
   271.222015       9.09432507    
   316.393890       8.94349766    
   375.000000       8.74781704    
   433.606110       8.55214214    
   478.777985       8.40132618    
   500.000000       8.33047295    
   521.221985       8.25962639    
   566.393921       8.10883045    
   625.000000       7.91319466    
   683.606079       7.71756649    
   728.778015       7.56678867    
   750.000000       7.49595547    
   771.221985       7.42512941    
   816.393921       7.27438068    
   875.000000       7.07880831    
   933.606079       6.88324642    
   978.778015       6.73252106    
   1000.00000       6.66171312    
   1021.22198       6.59091425    
   1066.39392       6.44022465    
   1125.00000       6.24473095    
   1183.60608       6.04924870    
   1228.77795       5.89858627    
   1250.00000       5.82780838    
   1271.22205       5.75704050    
   1316.39392       5.60641766    
   1375.00000       5.41101217    
   1433.60608       5.21561909    
   1478.77795       5.06502533    
   1500.00000       4.99427986    
   1521.22205       4.92354536    
   1566.39392       4.77299309    
   1625.00000       4.57767868    
   1683.60608       4.38237715    
   1728.77795       4.23185396    
   1750.00000       4.16114140    
   1771.22205       4.09043932    
   1816.39392       3.93995619    
   1875.00000       3.74473071    
   1933.60608       3.54951715    
   1978.77795       3.39906120    
   2000.00000       3.32837963    
   2021.22205       3.25770760    
   2066.39380       3.10728717    
   2125.00000       2.91214180    
   2183.60620       2.71700668    
   2228.77808       2.56660962    
   2250.00000       2.49595547    
   2271.22192       2.42530870    
   2316.39380       2.27494073    
   2375.00000       2.07986140    
   2433.60620       1.88478971    
   2478.77808       1.73443973    
   2500.00000       1.66380668    
   2521.22192       1.59317899    
   2566.39380       1.44284952    
   2625.00000       1.24781740    
   2683.60620       1.05279016    
   2728.77808      0.902472019    
   2750.00000      0.831852913    
   2771.22192      0.761236608    
   2816.39380      0.610929072    
   2875.00000      0.415922225    
   2933.60620      0.220917046    
   2978.77808       7.06133991E-02
   3000.00000       8.87297356E-05
