   0.00000000       9.99991131    
   21.2220135       9.92912197    
   66.3938980       9.77825642    
   125.000000       9.58252430    
   183.606094       9.38679314    
   228.777985       9.23593140    
   250.000000       9.16505718    
   271.222015       9.09418583    
   316.393890       8.94333553    
   375.000000       8.74762726    
   433.606110       8.55192375    
   478.777985       8.40108681    
   500.000000       8.33022404    
   521.221985       8.25936794    
   566.393921       8.10855293    
   625.000000       7.91289234    
   683.606079       7.71724033    
   728.778015       7.56644487    
   750.000000       7.49560308    
   771.221985       7.42476988    
   816.393921       7.27400589    
   875.000000       7.07841444    
   933.606079       6.88283443    
   978.778015       6.73209572    
   1000.00000       6.66128159    
   1021.22198       6.59047794    
   1066.39392       6.43977785    
   1125.00000       6.24427176    
   1183.60608       6.04877853    
   1228.77795       5.89810848    
   1250.00000       5.82732725    
   1271.22205       5.75655699    
   1316.39392       5.60592985    
   1375.00000       5.41051960    
   1433.60608       5.21512318    
   1478.77795       5.06452799    
   1500.00000       4.99378204    
   1521.22205       4.92304754    
   1566.39392       4.77249718    
   1625.00000       4.57718611    
   1683.60608       4.38188934    
   1728.77795       4.23137045    
   1750.00000       4.16066027    
   1771.22205       4.08996153    
   1816.39392       3.93948603    
   1875.00000       3.74427176    
   1933.60608       3.54907060    
   1978.77795       3.39862466    
   2000.00000       3.32794833    
   2021.22205       3.25728226    
   2066.39380       3.10687494    
   2125.00000       2.91174769    
   2183.60620       2.71663165    
   2228.77808       2.56625009    
   2250.00000       2.49560308    
   2271.22192       2.42496467    
   2316.39380       2.27461433    
   2375.00000       2.07955885    
   2433.60620       1.88451195    
   2478.77808       1.73418140    
   2500.00000       1.66355765    
   2521.22192       1.59293973    
   2566.39380       1.44263148    
   2625.00000       1.24762738    
   2683.60620       1.05262852    
   2728.77808      0.902332544    
   2750.00000      0.831723988    
   2771.22192      0.761118412    
   2816.39380      0.610834062    
   2875.00000      0.415857404    
   2933.60620      0.220882565    
   2978.77808       7.06023723E-02
   3000.00000       8.87158822E-05
