   0.00000000       9.99991131    
   21.2220135       9.92915249    
   66.3938980       9.77835178    
   125.000000       9.58270359    
   183.606094       9.38705635    
   228.777985       9.23625851    
   250.000000       9.16541386    
   271.222015       9.09457111    
   316.393890       8.94378281    
   375.000000       8.74815273    
   433.606110       8.55252743    
   478.777985       8.40174866    
   500.000000       8.33091354    
   521.221985       8.26008224    
   566.393921       8.10932064    
   625.000000       7.91372871    
   683.606079       7.71814299    
   728.778015       7.56739664    
   750.000000       7.49657726    
   771.221985       7.42576504    
   816.393921       7.27504301    
   875.000000       7.07950449    
   933.606079       6.88397455    
   978.778015       6.73327255    
   1000.00000       6.66247511    
   1021.22198       6.59168530    
   1066.39392       6.44101334    
   1125.00000       6.24554110    
   1183.60608       6.05007887    
   1228.77795       5.89943027    
   1250.00000       5.82865810    
   1271.22205       5.75789452    
   1316.39392       5.60727930    
   1375.00000       5.41188192    
   1433.60608       5.21649456    
   1478.77795       5.06590462    
   1500.00000       4.99515963    
   1521.22205       4.92442417    
   1566.39392       4.77386856    
   1625.00000       4.57854843    
   1683.60608       4.38323879    
   1728.77795       4.23270798    
   1750.00000       4.16199160    
   1771.22205       4.09128332    
   1816.39392       3.94078636    
   1875.00000       3.74554110    
   1933.60608       3.55030608    
   1978.77795       3.39983201    
   2000.00000       3.32914162    
   2021.22205       3.25845909    
   2066.39380       3.10801506    
   2125.00000       2.91283774    
   2183.60620       2.71766901    
   2228.77808       2.56724501    
   2250.00000       2.49657750    
   2271.22192       2.42591643    
   2316.39380       2.27551699    
   2375.00000       2.08039522    
   2433.60620       1.88528037    
   2478.77808       1.73489606    
   2500.00000       1.66424656    
   2521.22192       1.59360158    
   2566.39380       1.44323468    
   2625.00000       1.24815309    
   2683.60620       1.05307567    
   2728.77808      0.902718306    
   2750.00000      0.832080603    
   2771.22192      0.761445224    
   2816.39380      0.611096919    
   2875.00000      0.416036725    
   2933.60620      0.220977947    
   2978.77808       7.06328824E-02
   3000.00000       8.87542192E-05
