   0.00000000       9.99991131    
   21.2220135       9.92914391    
   66.3938980       9.77832317    
   125.000000       9.58264828    
   183.606094       9.38697624    
   228.777985       9.23615837    
   250.000000       9.16530514    
   271.222015       9.09445381    
   316.393890       8.94364643    
   375.000000       8.74799252    
   433.606110       8.55234241    
   478.777985       8.40154552    
   500.000000       8.33070278    
   521.221985       8.25986385    
   566.393921       8.10908604    
   625.000000       7.91347265    
   683.606079       7.71786690    
   728.778015       7.56710529    
   750.000000       7.49627924    
   771.221985       7.42546034    
   816.393921       7.27472591    
   875.000000       7.07917118    
   933.606079       6.88362551    
   978.778015       6.73291254    
   1000.00000       6.66210985    
   1021.22198       6.59131575    
   1066.39392       6.44063520    
   1125.00000       6.24515295    
   1183.60608       6.04968119    
   1228.77795       5.89902592    
   1250.00000       5.82825089    
   1271.22205       5.75748539    
   1316.39392       5.60686684    
   1375.00000       5.41146517    
   1433.60608       5.21607494    
   1478.77795       5.06548309    
   1500.00000       4.99473810    
   1521.22205       4.92400312    
   1566.39392       4.77344894    
   1625.00000       4.57813168    
   1683.60608       4.38282585    
   1728.77795       4.23229885    
   1750.00000       4.16158438    
   1771.22205       4.09087896    
   1816.39392       3.94038844    
   1875.00000       3.74515295    
   1933.60608       3.54992819    
   1978.77795       3.39946270    
   2000.00000       3.32877660    
   2021.22205       3.25809908    
   2066.39380       3.10766625    
   2125.00000       2.91250443    
   2183.60620       2.71735168    
   2228.77808       2.56694055    
   2250.00000       2.49627948    
   2271.22192       2.42562532    
   2316.39380       2.27524090    
   2375.00000       2.08013940    
   2433.60620       1.88504529    
   2478.77808       1.73467743    
   2500.00000       1.66403580    
   2521.22192       1.59339917    
   2566.39380       1.44305015    
   2625.00000       1.24799228    
   2683.60620       1.05293882    
   2728.77808      0.902600288    
   2750.00000      0.831971467    
   2771.22192      0.761345267    
   2816.39380      0.611016512    
   2875.00000      0.415981859    
   2933.60620      0.220948771    
   2978.77808       7.06235468E-02
   3000.00000       8.87424903E-05
