   0.00000000       9.99991131    
   21.2220135       9.92914867    
   66.3938980       9.77833748    
   125.000000       9.58267689    
   183.606094       9.38701725    
   228.777985       9.23620987    
   250.000000       9.16536045    
   271.222015       9.09451389    
   316.393890       8.94371605    
   375.000000       8.74807453    
   433.606110       8.55243683    
   478.777985       8.40164948    
   500.000000       8.33080959    
   521.221985       8.25997543    
   566.393921       8.10920620    
   625.000000       7.91360331    
   683.606079       7.71800756    
   728.778015       7.56725407    
   750.000000       7.49643135    
   771.221985       7.42561579    
   816.393921       7.27488756    
   875.000000       7.07934141    
   933.606079       6.88380384    
   978.778015       6.73309612    
   1000.00000       6.66229630    
   1021.22198       6.59150457    
   1066.39392       6.44082832    
   1125.00000       6.24535131    
   1183.60608       6.04988432    
   1228.77795       5.89923239    
   1250.00000       5.82845879    
   1271.22205       5.75769424    
   1316.39392       5.60707760    
   1375.00000       5.41167784    
   1433.60608       5.21628952    
   1478.77795       5.06569815    
   1500.00000       4.99495363    
   1521.22205       4.92421818    
   1566.39392       4.77366352    
   1625.00000       4.57834435    
   1683.60608       4.38303661    
   1728.77795       4.23250771    
   1750.00000       4.16179180    
   1771.22205       4.09108543    
   1816.39392       3.94059157    
   1875.00000       3.74535108    
   1933.60608       3.55012107    
   1978.77795       3.39965129    
   2000.00000       3.32896280    
   2021.22205       3.25828290    
   2066.39380       3.10784435    
   2125.00000       2.91267467    
   2183.60620       2.71751380    
   2228.77808       2.56709599    
   2250.00000       2.49643159    
   2271.22192       2.42577386    
   2316.39380       2.27538180    
   2375.00000       2.08027005    
   2433.60620       1.88516533    
   2478.77808       1.73478901    
   2500.00000       1.66414332    
   2521.22192       1.59350252    
   2566.39380       1.44314432    
   2625.00000       1.24807441    
   2683.60620       1.05300868    
   2728.77808      0.902660549    
   2750.00000      0.832027197    
   2771.22192      0.761396289    
   2816.39380      0.611057520    
   2875.00000      0.416009873    
   2933.60620      0.220963657    
   2978.77808       7.06283078E-02
   3000.00000       8.87484784E-05
