   0.00000000       9.99991131    
   21.2220135       9.92915726    
   66.3938980       9.77836609    
   125.000000       9.58272934    
   183.606094       9.38709354    
   228.777985       9.23630524    
   250.000000       9.16546535    
   271.222015       9.09462738    
   316.393890       8.94384766    
   375.000000       8.74822903    
   433.606110       8.55261421    
   478.777985       8.40184307    
   500.000000       8.33101177    
   521.221985       8.26018524    
   566.393921       8.10943127    
   625.000000       7.91384888    
   683.606079       7.71827269    
   728.778015       7.56753302    
   750.000000       7.49671745    
   771.221985       7.42590761    
   816.393921       7.27519226    
   875.000000       7.07966089    
   933.606079       6.88413811    
   978.778015       6.73344135    
   1000.00000       6.66264629    
   1021.22198       6.59185886    
   1066.39392       6.44119072    
   1125.00000       6.24572372    
   1183.60608       6.05026579    
   1228.77795       5.89962006    
   1250.00000       5.82884932    
   1271.22205       5.75808668    
   1316.39392       5.60747337    
   1375.00000       5.41207743    
   1433.60608       5.21669197    
   1478.77795       5.06610203    
   1500.00000       4.99535751    
   1521.22205       4.92462206    
   1566.39392       4.77406597    
   1625.00000       4.57874393    
   1683.60608       4.38343287    
   1728.77795       4.23290014    
   1750.00000       4.16218233    
   1771.22205       4.09147358    
   1816.39392       3.94097304    
   1875.00000       3.74572349    
   1933.60608       3.55048347    
   1978.77795       3.40000534    
   2000.00000       3.32931304    
   2021.22205       3.25862813    
   2066.39380       3.10817885    
   2125.00000       2.91299438    
   2183.60620       2.71781802    
   2228.77808       2.56738782    
   2250.00000       2.49671745    
   2271.22192       2.42605305    
   2316.39380       2.27564645    
   2375.00000       2.08051538    
   2433.60620       1.88539076    
   2478.77808       1.73499870    
   2500.00000       1.66434550    
   2521.22192       1.59369671    
   2566.39380       1.44332135    
   2625.00000       1.24822867    
   2683.60620       1.05313993    
   2728.77808      0.902773738    
   2750.00000      0.832131803    
   2771.22192      0.761492193    
   2816.39380      0.611134648    
   2875.00000      0.416062474    
   2933.60620      0.220991656    
   2978.77808       7.06372634E-02
   3000.00000       8.87597271E-05
