   0.00000000       9.99991131    
   21.2220135       9.92916107    
   66.3938980       9.77837849    
   125.000000       9.58275414    
   183.606094       9.38712978    
   228.777985       9.23635101    
   250.000000       9.16551399    
   271.222015       9.09467983    
   316.393890       8.94390869    
   375.000000       8.74830151    
   433.606110       8.55269718    
   478.777985       8.40193462    
   500.000000       8.33110714    
   521.221985       8.26028347    
   566.393921       8.10953712    
   625.000000       7.91396427    
   683.606079       7.71839666    
   728.778015       7.56766415    
   750.000000       7.49685144    
   771.221985       7.42604494    
   816.393921       7.27533484    
   875.000000       7.07981110    
   933.606079       6.88429546    
   978.778015       6.73360348    
   1000.00000       6.66281080    
   1021.22198       6.59202480    
   1066.39392       6.44136095    
   1125.00000       6.24589825    
   1183.60608       6.05044508    
   1228.77795       5.89980221    
   1250.00000       5.82903242    
   1271.22205       5.75827122    
   1316.39392       5.60765934    
   1375.00000       5.41226530    
   1433.60608       5.21688080    
   1478.77795       5.06629181    
   1500.00000       4.99554729    
   1521.22205       4.92481184    
   1566.39392       4.77425480    
   1625.00000       4.57893181    
   1683.60608       4.38361883    
   1728.77795       4.23308468    
   1750.00000       4.16236591    
   1771.22205       4.09165525    
   1816.39392       3.94115210    
   1875.00000       3.74589849    
   1933.60608       3.55065370    
   1978.77795       3.40017176    
   2000.00000       3.32947731    
   2021.22205       3.25879025    
   2066.39380       3.10833597    
   2125.00000       2.91314459    
   2183.60620       2.71796107    
   2228.77808       2.56752491    
   2250.00000       2.49685168    
   2271.22192       2.42618418    
   2316.39380       2.27577090    
   2375.00000       2.08063078    
   2433.60620       1.88549662    
   2478.77808       1.73509717    
   2500.00000       1.66444039    
   2521.22192       1.59378791    
   2566.39380       1.44340444    
   2625.00000       1.24830103    
   2683.60620       1.05320144    
   2728.77808      0.902826846    
   2750.00000      0.832180977    
   2771.22192      0.761537194    
   2816.39380      0.611170888    
   2875.00000      0.416087180    
   2933.60620      0.221004784    
   2978.77808       7.06414655E-02
   3000.00000       8.87650021E-05
