   0.00000000       9.99991131    
   21.2220135       9.92916584    
   66.3938980       9.77839184    
   125.000000       9.58277798    
   183.606094       9.38716507    
   228.777985       9.23639393    
   250.000000       9.16556168    
   271.222015       9.09473133    
   316.393890       8.94396782    
   375.000000       8.74837017    
   433.606110       8.55277729    
   478.777985       8.40202236    
   500.000000       8.33119774    
   521.221985       8.26037788    
   566.393921       8.10963917    
   625.000000       7.91407442    
   683.606079       7.71851587    
   728.778015       7.56779003    
   750.000000       7.49698019    
   771.221985       7.42617655    
   816.393921       7.27547216    
   875.000000       7.07995510    
   933.606079       6.88444614    
   978.778015       6.73375940    
   1000.00000       6.66296816    
   1021.22198       6.59218454    
   1066.39392       6.44152451    
   1125.00000       6.24606609    
   1183.60608       6.05061674    
   1228.77795       5.89997673    
   1250.00000       5.82920837    
   1271.22205       5.75844765    
   1316.39392       5.60783768    
   1375.00000       5.41244507    
   1433.60608       5.21706200    
   1478.77795       5.06647348    
   1500.00000       4.99572945    
   1521.22205       4.92499352    
   1566.39392       4.77443600    
   1625.00000       4.57911158    
   1683.60608       4.38379717    
   1728.77795       4.23326111    
   1750.00000       4.16254187    
   1771.22205       4.09183025    
   1816.39392       3.94132400    
   1875.00000       3.74606609    
   1933.60608       3.55081701    
   1978.77795       3.40033126    
   2000.00000       3.32963514    
   2021.22205       3.25894570    
   2066.39380       3.10848665    
   2125.00000       2.91328859    
   2183.60620       2.71809816    
   2228.77808       2.56765652    
   2250.00000       2.49698043    
   2271.22192       2.42631006    
   2316.39380       2.27589011    
   2375.00000       2.08074117    
   2433.60620       1.88559818    
   2478.77808       1.73519170    
   2500.00000       1.66453147    
   2521.22192       1.59387529    
   2566.39380       1.44348419    
   2625.00000       1.24837053    
   2683.60620       1.05326056    
   2728.77808      0.902877808    
   2750.00000      0.832228065    
   2771.22192      0.761580408    
   2816.39380      0.611205637    
   2875.00000      0.416110873    
   2933.60620      0.221017390    
   2978.77808       7.06454962E-02
   3000.00000       8.87700735E-05
