   0.00000000       9.99991131    
   21.2220135       9.92916965    
   66.3938980       9.77840328    
   125.000000       9.58279991    
   183.606094       9.38719845    
   228.777985       9.23643494    
   250.000000       9.16560650    
   271.222015       9.09477997    
   316.393890       8.94402409    
   375.000000       8.74843693    
   433.606110       8.55285358    
   478.777985       8.40210629    
   500.000000       8.33128548    
   521.221985       8.26046848    
   566.393921       8.10973644    
   625.000000       7.91418076    
   683.606079       7.71863031    
   728.778015       7.56791067    
   750.000000       7.49710369    
   771.221985       7.42630243    
   816.393921       7.27560329    
   875.000000       7.08009338    
   933.606079       6.88459063    
   978.778015       6.73390818    
   1000.00000       6.66311979    
   1021.22198       6.59233761    
   1066.39392       6.44168091    
   1125.00000       6.24622679    
   1183.60608       6.05078125    
   1228.77795       5.90014458    
   1250.00000       5.82937717    
   1271.22205       5.75861740    
   1316.39392       5.60800886    
   1375.00000       5.41261768    
   1433.60608       5.21723604    
   1478.77795       5.06664801    
   1500.00000       4.99590445    
   1521.22205       4.92516804    
   1566.39392       4.77460957    
   1625.00000       4.57928419    
   1683.60608       4.38396788    
   1728.77795       4.23343086    
   1750.00000       4.16271067    
   1771.22205       4.09199762    
   1816.39392       3.94148874    
   1875.00000       3.74622703    
   1933.60608       3.55097365    
   1978.77795       3.40048432    
   2000.00000       3.32978630    
   2021.22205       3.25909495    
   2066.39380       3.10863113    
   2125.00000       2.91342664    
   2183.60620       2.71822953    
   2228.77808       2.56778240    
   2250.00000       2.49710393    
   2271.22192       2.42643070    
   2316.39380       2.27600455    
   2375.00000       2.08084726    
   2433.60620       1.88569558    
   2478.77808       1.73528218    
   2500.00000       1.66461873    
   2521.22192       1.59395921    
   2566.39380       1.44356060    
   2625.00000       1.24843717    
   2683.60620       1.05331719    
   2728.77808      0.902926743    
   2750.00000      0.832273245    
   2771.22192      0.761621833    
   2816.39380      0.611238956    
   2875.00000      0.416133612    
   2933.60620      0.221029475    
   2978.77808       7.06493631E-02
   3000.00000       8.87749266E-05
