   0.00000000       9.99991131    
   21.2220135       9.92917633    
   66.3938980       9.77842617    
   125.000000       9.58284283    
   183.606094       9.38726044    
   228.777985       9.23651314    
   250.000000       9.16569138    
   271.222015       9.09487152    
   316.393890       8.94413090    
   375.000000       8.74856281    
   433.606110       8.55299664    
   478.777985       8.40226364    
   500.000000       8.33144951    
   521.221985       8.26063919    
   566.393921       8.10991955    
   625.000000       7.91437960    
   683.606079       7.71884537    
   728.778015       7.56813765    
   750.000000       7.49733591    
   771.221985       7.42653942    
   816.393921       7.27585030    
   875.000000       7.08035278    
   933.606079       6.88486195    
   978.778015       6.73418856    
   1000.00000       6.66340399    
   1021.22198       6.59262514    
   1066.39392       6.44197512    
   1125.00000       6.24652910    
   1183.60608       6.05109119    
   1228.77795       5.90045929    
   1250.00000       5.82969427    
   1271.22205       5.75893593    
   1316.39392       5.60833025    
   1375.00000       5.41294193    
   1433.60608       5.21756268    
   1478.77795       5.06697607    
   1500.00000       4.99623251    
   1521.22205       4.92549610    
   1566.39392       4.77493620    
   1625.00000       4.57960892    
   1683.60608       4.38428926    
   1728.77795       4.23374939    
   1750.00000       4.16302729    
   1771.22205       4.09231234    
   1816.39392       3.94179845    
   1875.00000       3.74652934    
   1933.60608       3.55126786    
   1978.77795       3.40077186    
   2000.00000       3.33007050    
   2021.22205       3.25937510    
   2066.39380       3.10890269    
   2125.00000       2.91368628    
   2183.60620       2.71847653    
   2228.77808       2.56801939    
   2250.00000       2.49733591    
   2271.22192       2.42665744    
   2316.39380       2.27621937    
   2375.00000       2.08104634    
   2433.60620       1.88587856    
   2478.77808       1.73545241    
   2500.00000       1.66478288    
   2521.22192       1.59411681    
   2566.39380       1.44370425    
   2625.00000       1.24856234    
   2683.60620       1.05342364    
   2728.77808      0.903018594    
   2750.00000      0.832358181    
   2771.22192      0.761699617    
   2816.39380      0.611301541    
   2875.00000      0.416176319    
   2933.60620      0.221052200    
   2978.77808       7.06566274E-02
   3000.00000       8.87840579E-05
