   0.00000000       9.99991131    
   21.2220135       9.92918015    
   66.3938980       9.77843666    
   125.000000       9.58286285    
   183.606094       9.38729000    
   228.777985       9.23654938    
   250.000000       9.16573143    
   271.222015       9.09491539    
   316.393890       8.94418144    
   375.000000       8.74862099    
   433.606110       8.55306435    
   478.777985       8.40233803    
   500.000000       8.33152676    
   521.221985       8.26071930    
   566.393921       8.11000538    
   625.000000       7.91447306    
   683.606079       7.71894646    
   728.778015       7.56824398    
   750.000000       7.49744463    
   771.221985       7.42665052    
   816.393921       7.27596664    
   875.000000       7.08047485    
   933.606079       6.88498926    
   978.778015       6.73432016    
   1000.00000       6.66353703    
   1021.22198       6.59276009    
   1066.39392       6.44211340    
   1125.00000       6.24667120    
   1183.60608       6.05123663    
   1228.77795       5.90060711    
   1250.00000       5.82984304    
   1271.22205       5.75908566    
   1316.39392       5.60848093    
   1375.00000       5.41309452    
   1433.60608       5.21771574    
   1478.77795       5.06713009    
   1500.00000       4.99638653    
   1521.22205       4.92564964    
   1566.39392       4.77508974    
   1625.00000       4.57976103    
   1683.60608       4.38444042    
   1728.77795       4.23389864    
   1750.00000       4.16317606    
   1771.22205       4.09246016    
   1816.39392       3.94194388    
   1875.00000       3.74667120    
   1933.60608       3.55140591    
   1978.77795       3.40090680    
   2000.00000       3.33020377    
   2021.22205       3.25950670    
   2066.39380       3.10903025    
   2125.00000       2.91380811    
   2183.60620       2.71859241    
   2228.77808       2.56813073    
   2250.00000       2.49744487    
   2271.22192       2.42676377    
   2316.39380       2.27632022    
   2375.00000       2.08113980    
   2433.60620       1.88596439    
   2478.77808       1.73553228    
   2500.00000       1.66485989    
   2521.22192       1.59419084    
   2566.39380       1.44377172    
   2625.00000       1.24862111    
   2683.60620       1.05347371    
   2728.77808      0.903061688    
   2750.00000      0.832398057    
   2771.22192      0.761736214    
   2816.39380      0.611330926    
   2875.00000      0.416196376    
   2933.60620      0.221062854    
   2978.77808       7.06600398E-02
   3000.00000       8.87883434E-05
