   0.00000000       9.99991131    
   21.2220135       9.92917252    
   66.3938980       9.77841473    
   125.000000       9.58282185    
   183.606094       9.38722992    
   228.777985       9.23647499    
   250.000000       9.16565037    
   271.222015       9.09482670    
   316.393890       8.94407845    
   375.000000       8.74850082    
   433.606110       8.55292702    
   478.777985       8.40218639    
   500.000000       8.33136940    
   521.221985       8.26055527    
   566.393921       8.10982990    
   625.000000       7.91428232    
   683.606079       7.71873999    
   728.778015       7.56802654    
   750.000000       7.49722242    
   771.221985       7.42642355    
   816.393921       7.27572966    
   875.000000       7.08022594    
   933.606079       6.88472891    
   978.778015       6.73405123    
   1000.00000       6.66326475    
   1021.22198       6.59248447    
   1066.39392       6.44183111    
   1125.00000       6.24638128    
   1183.60608       6.05093956    
   1228.77795       5.90030527    
   1250.00000       5.82953882    
   1271.22205       5.75878000    
   1316.39392       5.60817289    
   1375.00000       5.41278315    
   1433.60608       5.21740246    
   1478.77795       5.06681538    
   1500.00000       4.99607182    
   1521.22205       4.92533541    
   1566.39392       4.77477646    
   1625.00000       4.57945013    
   1683.60608       4.38413191    
   1728.77795       4.23359346    
   1750.00000       4.16287231    
   1771.22205       4.09215832    
   1816.39392       3.94164681    
   1875.00000       3.74638128    
   1933.60608       3.55112386    
   1978.77795       3.40063119    
   2000.00000       3.32993126    
   2021.22205       3.25923800    
   2066.39380       3.10876966    
   2125.00000       2.91355920    
   2183.60620       2.71835566    
   2228.77808       2.56790352    
   2250.00000       2.49722219    
   2271.22192       2.42654634    
   2316.39380       2.27611423    
   2375.00000       2.08094883    
   2433.60620       1.88578892    
   2478.77808       1.73536909    
   2500.00000       1.66470253    
   2521.22192       1.59403968    
   2566.39380       1.44363391    
   2625.00000       1.24850106    
   2683.60620       1.05337155    
   2728.77808      0.902973592    
   2750.00000      0.832316637    
   2771.22192      0.761661530    
   2816.39380      0.611270905    
   2875.00000      0.416155398    
   2933.60620      0.221041068    
   2978.77808       7.06530660E-02
   3000.00000       8.87795904E-05
