   0.00000000       9.99991131    
   21.2220135       9.92918682    
   66.3938980       9.77845669    
   125.000000       9.58290100    
   183.606094       9.38734531    
   228.777985       9.23661804    
   250.000000       9.16580677    
   271.222015       9.09499645    
   316.393890       8.94427490    
   375.000000       8.74873161    
   433.606110       8.55319118    
   478.777985       8.40247631    
   500.000000       8.33167171    
   521.221985       8.26086903    
   566.393921       8.11016655    
   625.000000       7.91464901    
   683.606079       7.71913576    
   728.778015       7.56844378    
   750.000000       7.49764967    
   771.221985       7.42685986    
   816.393921       7.27618456    
   875.000000       7.08070374    
   933.606079       6.88522911    
   978.778015       6.73456764    
   1000.00000       6.66378784    
   1021.22198       6.59301376    
   1066.39392       6.44237280    
   1125.00000       6.24693775    
   1183.60608       6.05150986    
   1228.77795       5.90088463    
   1250.00000       5.83012247    
   1271.22205       5.75936651    
   1316.39392       5.60876465    
   1375.00000       5.41338062    
   1433.60608       5.21800375    
   1478.77795       5.06741905    
   1500.00000       4.99667597    
   1521.22205       4.92593908    
   1566.39392       4.77537775    
   1625.00000       4.58004713    
   1683.60608       4.38472366    
   1728.77795       4.23417997    
   1750.00000       4.16345596    
   1771.22205       4.09273767    
   1816.39392       3.94221687    
   1875.00000       3.74693775    
   1933.60608       3.55166554    
   1978.77795       3.40116048    
   2000.00000       3.33045459    
   2021.22205       3.25975394    
   2066.39380       3.10926962    
   2125.00000       2.91403723    
   2183.60620       2.71881056    
   2228.77808       2.56833982    
   2250.00000       2.49764943    
   2271.22192       2.42696381    
   2316.39380       2.27650976    
   2375.00000       2.08131552    
   2433.60620       1.88612592    
   2478.77808       1.73568249    
   2500.00000       1.66500461    
   2521.22192       1.59432983    
   2566.39380       1.44389844    
   2625.00000       1.24873161    
   2683.60620       1.05356765    
   2728.77808      0.903142750    
   2750.00000      0.832472980    
   2771.22192      0.761804879    
   2816.39380      0.611386180    
   2875.00000      0.416234046    
   2933.60620      0.221082896    
   2978.77808       7.06664473E-02
   3000.00000       8.87963979E-05
