   0.00000000       9.99991131    
   21.2220135       9.92918968    
   66.3938980       9.77846622    
   125.000000       9.58291817    
   183.606094       9.38737106    
   228.777985       9.23665047    
   250.000000       9.16584110    
   271.222015       9.09503365    
   316.393890       8.94431877    
   375.000000       8.74878311    
   433.606110       8.55325031    
   478.777985       8.40254211    
   500.000000       8.33173943    
   521.221985       8.26093960    
   566.393921       8.11024189    
   625.000000       7.91473150    
   683.606079       7.71922493    
   728.778015       7.56853771    
   750.000000       7.49774551    
   771.221985       7.42695761    
   816.393921       7.27628660    
   875.000000       7.08081150    
   933.606079       6.88534164    
   978.778015       6.73468351    
   1000.00000       6.66390562    
   1021.22198       6.59313297    
   1066.39392       6.44249487    
   1125.00000       6.24706316    
   1183.60608       6.05163765    
   1228.77795       5.90101480    
   1250.00000       5.83025360    
   1271.22205       5.75949860    
   1316.39392       5.60889769    
   1375.00000       5.41351509    
   1433.60608       5.21813917    
   1478.77795       5.06755495    
   1500.00000       4.99681187    
   1521.22205       4.92607498    
   1566.39392       4.77551317    
   1625.00000       4.58018160    
   1683.60608       4.38485718    
   1728.77795       4.23431158    
   1750.00000       4.16358709    
   1771.22205       4.09286833    
   1816.39392       3.94234514    
   1875.00000       3.74706316    
   1933.60608       3.55178738    
   1978.77795       3.40127969    
   2000.00000       3.33057237    
   2021.22205       3.25987005    
   2066.39380       3.10938215    
   2125.00000       2.91414475    
   2183.60620       2.71891284    
   2228.77808       2.56843781    
   2250.00000       2.49774551    
   2271.22192       2.42705750    
   2316.39380       2.27659893    
   2375.00000       2.08139801    
   2433.60620       1.88620174    
   2478.77808       1.73575294    
   2500.00000       1.66507256    
   2521.22192       1.59439516    
   2566.39380       1.44395792    
   2625.00000       1.24878347    
   2683.60620       1.05361176    
   2728.77808      0.903180838    
   2750.00000      0.832508147    
   2771.22192      0.761837065    
   2816.39380      0.611412108    
   2875.00000      0.416251719    
   2933.60620      0.221092314    
   2978.77808       7.06694573E-02
   3000.00000       8.88001814E-05
