   0.00000000       9.99991131    
   21.2220135       9.92919540    
   66.3938980       9.77848434    
   125.000000       9.58295155    
   183.606094       9.38741970    
   228.777985       9.23671150    
   250.000000       9.16590786    
   271.222015       9.09510517    
   316.393890       8.94440174    
   375.000000       8.74888134    
   433.606110       8.55336285    
   478.777985       8.40266418    
   500.000000       8.33186722    
   521.221985       8.26107216    
   566.393921       8.11038494    
   625.000000       7.91488647    
   683.606079       7.71939230    
   728.778015       7.56871414    
   750.000000       7.49792624    
   771.221985       7.42714214    
   816.393921       7.27647924    
   875.000000       7.08101320    
   933.606079       6.88555288    
   978.778015       6.73490191    
   1000.00000       6.66412687    
   1021.22198       6.59335661    
   1066.39392       6.44272375    
   1125.00000       6.24729824    
   1183.60608       6.05187893    
   1228.77795       5.90125990    
   1250.00000       5.83050060    
   1271.22205       5.75974655    
   1316.39392       5.60914803    
   1375.00000       5.41376734    
   1433.60608       5.21839333    
   1478.77795       5.06781006    
   1500.00000       4.99706745    
   1521.22205       4.92633009    
   1566.39392       4.77576733    
   1625.00000       4.58043432    
   1683.60608       4.38510704    
   1728.77795       4.23455954    
   1750.00000       4.16383362    
   1771.22205       4.09311342    
   1816.39392       3.94258618    
   1875.00000       3.74729824    
   1933.60608       3.55201650    
   1978.77795       3.40150356    
   2000.00000       3.33079338    
   2021.22205       3.26008821    
   2066.39380       3.10959339    
   2125.00000       2.91434669    
   2183.60620       2.71910501    
   2228.77808       2.56862235    
   2250.00000       2.49792624    
   2271.22192       2.42723393    
   2316.39380       2.27676606    
   2375.00000       2.08155322    
   2433.60620       1.88634408    
   2478.77808       1.73588550    
   2500.00000       1.66520023    
   2521.22192       1.59451783    
   2566.39380       1.44406974    
   2625.00000       1.24888098    
   2683.60620       1.05369461    
   2728.77808      0.903252304    
   2750.00000      0.832574248    
   2771.22192      0.761897683    
   2816.39380      0.611460805    
   2875.00000      0.416284978    
   2933.60620      0.221109986    
   2978.77808       7.06751123E-02
   3000.00000       8.88072900E-05
