   0.00000000       9.99991131    
   21.2220135       9.92918301    
   66.3938980       9.77844715    
   125.000000       9.58288193    
   183.606094       9.38731861    
   228.777985       9.23658466    
   250.000000       9.16576958    
   271.222015       9.09495640    
   316.393890       8.94422913    
   375.000000       8.74867725    
   433.606110       8.55312920    
   478.777985       8.40240860    
   500.000000       8.33160019    
   521.221985       8.26079559    
   566.393921       8.11008739    
   625.000000       7.91456270    
   683.606079       7.71904325    
   728.778015       7.56834602    
   750.000000       7.49754906    
   771.221985       7.42675734    
   816.393921       7.27607775    
   875.000000       7.08059168    
   933.606079       6.88511181    
   978.778015       6.73444653    
   1000.00000       6.66366529    
   1021.22198       6.59288979    
   1066.39392       6.44224596    
   1125.00000       6.24680710    
   1183.60608       6.05137587    
   1228.77795       5.90074873    
   1250.00000       5.82998562    
   1271.22205       5.75922871    
   1316.39392       5.60862589    
   1375.00000       5.41324043    
   1433.60608       5.21786308    
   1478.77795       5.06727743    
   1500.00000       4.99653435    
   1521.22205       4.92579746    
   1566.39392       4.77523708    
   1625.00000       4.57990694    
   1683.60608       4.38458490    
   1728.77795       4.23404217    
   1750.00000       4.16331911    
   1771.22205       4.09260178    
   1816.39392       3.94208312    
   1875.00000       3.74680734    
   1933.60608       3.55153847    
   1978.77795       3.40103626    
   2000.00000       3.33033180    
   2021.22205       3.25963306    
   2066.39380       3.10915232    
   2125.00000       2.91392493    
   2183.60620       2.71870375    
   2228.77808       2.56823730    
   2250.00000       2.49754930    
   2271.22192       2.42686582    
   2316.39380       2.27641702    
   2375.00000       2.08122969    
   2433.60620       1.88604689    
   2478.77808       1.73560894    
   2500.00000       1.66493380    
   2521.22192       1.59426177    
   2566.39380       1.44383633    
   2625.00000       1.24867749    
   2683.60620       1.05352163    
   2728.77808      0.903103054    
   2750.00000      0.832436323    
   2771.22192      0.761771262    
   2816.39380      0.611359119    
   2875.00000      0.416215599    
   2933.60620      0.221073091    
   2978.77808       7.06633106E-02
   3000.00000       8.87924543E-05
