   0.00000000       9.99991131    
   21.2220135       9.92919254    
   66.3938980       9.77847576    
   125.000000       9.58293533    
   183.606094       9.38739586    
   228.777985       9.23668098    
   250.000000       9.16587543    
   271.222015       9.09507084    
   316.393890       8.94436169    
   375.000000       8.74883366    
   433.606110       8.55330753    
   478.777985       8.40260410    
   500.000000       8.33180428    
   521.221985       8.26100731    
   566.393921       8.11031532    
   625.000000       7.91481066    
   683.606079       7.71931028    
   728.778015       7.56862783    
   750.000000       7.49783802    
   771.221985       7.42705202    
   816.393921       7.27638483    
   875.000000       7.08091450    
   933.606079       6.88544941    
   978.778015       6.73479509    
   1000.00000       6.66401863    
   1021.22198       6.59324694    
   1066.39392       6.44261169    
   1125.00000       6.24718332    
   1183.60608       6.05176067    
   1228.77795       5.90114021    
   1250.00000       5.83037949    
   1271.22205       5.75962496    
   1316.39392       5.60902548    
   1375.00000       5.41364384    
   1433.60608       5.21826887    
   1478.77795       5.06768513    
   1500.00000       4.99694204    
   1521.22205       4.92620516    
   1566.39392       4.77564287    
   1625.00000       4.58031034    
   1683.60608       4.38498449    
   1728.77795       4.23443842    
   1750.00000       4.16371298    
   1771.22205       4.09299326    
   1816.39392       3.94246817    
   1875.00000       3.74718308    
   1933.60608       3.55190444    
   1978.77795       3.40139389    
   2000.00000       3.33068514    
   2021.22205       3.25998139    
   2066.39380       3.10949016    
   2125.00000       2.91424775    
   2183.60620       2.71901083    
   2228.77808       2.56853199    
   2250.00000       2.49783778    
   2271.22192       2.42714763    
   2316.39380       2.27668428    
   2375.00000       2.08147717    
   2433.60620       1.88627434    
   2478.77808       1.73582065    
   2500.00000       1.66513777    
   2521.22192       1.59445775    
   2566.39380       1.44401503    
   2625.00000       1.24883318    
   2683.60620       1.05365407    
   2728.77808      0.903217316    
   2750.00000      0.832541883    
   2771.22192      0.761868000    
   2816.39380      0.611436963    
   2875.00000      0.416268706    
   2933.60620      0.221101329    
   2978.77808       7.06723407E-02
   3000.00000       8.88038121E-05
