   0.00000000       9.99991131    
   21.2220135       9.92920685    
   66.3938980       9.77852249    
   125.000000       9.58302402    
   183.606094       9.38752556    
   228.777985       9.23684216    
   250.000000       9.16605091    
   271.222015       9.09526062    
   316.393890       8.94458103    
   375.000000       8.74909210    
   433.606110       8.55360413    
   478.777985       8.40293026    
   500.000000       8.33214283    
   521.221985       8.26135826    
   566.393921       8.11069298    
   625.000000       7.91522169    
   683.606079       7.71975422    
   728.778015       7.56909561    
   750.000000       7.49831676    
   771.221985       7.42754126    
   816.393921       7.27689505    
   875.000000       7.08145046    
   933.606079       6.88601017    
   978.778015       6.73537350    
   1000.00000       6.66460514    
   1021.22198       6.59384108    
   1066.39392       6.44321918    
   1125.00000       6.24780750    
   1183.60608       6.05240011    
   1228.77795       5.90179014    
   1250.00000       5.83103418    
   1271.22205       5.76028252    
   1316.39392       5.60968924    
   1375.00000       5.41431379    
   1433.60608       5.21894360    
   1478.77795       5.06836224    
   1500.00000       4.99761963    
   1521.22205       4.92688179    
   1566.39392       4.77631760    
   1625.00000       4.58098030    
   1683.60608       4.38564825    
   1728.77795       4.23509598    
   1750.00000       4.16436768    
   1771.22205       4.09364319    
   1816.39392       3.94310760    
   1875.00000       3.74780726    
   1933.60608       3.55251193    
   1978.77795       3.40198755    
   2000.00000       3.33127189    
   2021.22205       3.26056027    
   2066.39380       3.11005068    
   2125.00000       2.91478372    
   2183.60620       2.71952105    
   2228.77808       2.56902122    
   2250.00000       2.49831700    
   2271.22192       2.42761564    
   2316.39380       2.27712798    
   2375.00000       2.08188844    
   2433.60620       1.88665223    
   2478.77808       1.73617208    
   2500.00000       1.66547656    
   2521.22192       1.59478331    
   2566.39380       1.44431162    
   2625.00000       1.24909174    
   2683.60620       1.05387390    
   2728.77808      0.903407037    
   2750.00000      0.832717299    
   2771.22192      0.762028754    
   2816.39380      0.611566246    
   2875.00000      0.416356891    
   2933.60620      0.221148238    
   2978.77808       7.06873462E-02
   3000.00000       8.88226641E-05
