   0.00000000       9.99991131    
   21.2220135       9.92920017    
   66.3938980       9.77850056    
   125.000000       9.58298206    
   183.606094       9.38746452    
   228.777985       9.23676682    
   250.000000       9.16596794    
   271.222015       9.09517097    
   316.393890       8.94447803    
   375.000000       8.74897099    
   433.606110       8.55346489    
   478.777985       8.40277767    
   500.000000       8.33198452    
   521.221985       8.26119423    
   566.393921       8.11051559    
   625.000000       7.91502905    
   683.606079       7.71954584    
   728.778015       7.56887627    
   750.000000       7.49809217    
   771.221985       7.42731190    
   816.393921       7.27665615    
   875.000000       7.08119917    
   933.606079       6.88574743    
   978.778015       6.73510218    
   1000.00000       6.66433048    
   1021.22198       6.59356260    
   1066.39392       6.44293451    
   1125.00000       6.24751472    
   1183.60608       6.05210066    
   1228.77795       5.90148544    
   1250.00000       5.83072758    
   1271.22205       5.75997448    
   1316.39392       5.60937786    
   1375.00000       5.41399956    
   1433.60608       5.21862745    
   1478.77795       5.06804466    
   1500.00000       4.99730206    
   1521.22205       4.92656469    
   1566.39392       4.77600145    
   1625.00000       4.58066654    
   1683.60608       4.38533735    
   1728.77795       4.23478794    
   1750.00000       4.16406059    
   1771.22205       4.09333849    
   1816.39392       3.94280791    
   1875.00000       3.74751472    
   1933.60608       3.55222726    
   1978.77795       3.40170932    
   2000.00000       3.33099699    
   2021.22205       3.26028895    
   2066.39380       3.10978794    
   2125.00000       2.91453266    
   2183.60620       2.71928191    
   2228.77808       2.56879187    
   2250.00000       2.49809241    
   2271.22192       2.42739630    
   2316.39380       2.27692008    
   2375.00000       2.08169580    
   2433.60620       1.88647521    
   2478.77808       1.73600733    
   2500.00000       1.66531777    
   2521.22192       1.59463072    
   2566.39380       1.44417262    
   2625.00000       1.24897063    
   2683.60620       1.05377090    
   2728.77808      0.903318107    
   2750.00000      0.832635105    
   2771.22192      0.761953413    
   2816.39380      0.611505628    
   2875.00000      0.416315556    
   2933.60620      0.221126258    
   2978.77808       7.06803128E-02
   3000.00000       8.88138238E-05
