   0.00000000       9.99991131    
   21.2220135       9.92919731    
   66.3938980       9.77849197    
   125.000000       9.58296680    
   183.606094       9.38744259    
   228.777985       9.23673916    
   250.000000       9.16593838    
   271.222015       9.09513950    
   316.393890       8.94444084    
   375.000000       8.74892712    
   433.606110       8.55341530    
   478.777985       8.40272236    
   500.000000       8.33192730    
   521.221985       8.26113415    
   566.393921       8.11045170    
   625.000000       7.91495943    
   683.606079       7.71947050    
   728.778015       7.56879711    
   750.000000       7.49801111    
   771.221985       7.42722893    
   816.393921       7.27656937    
   875.000000       7.08110809    
   933.606079       6.88565207    
   978.778015       6.73500395    
   1000.00000       6.66423082    
   1021.22198       6.59346199    
   1066.39392       6.44283152    
   1125.00000       6.24740887    
   1183.60608       6.05199194    
   1228.77795       5.90137529    
   1250.00000       5.83061647    
   1271.22205       5.75986290    
   1316.39392       5.60926533    
   1375.00000       5.41388607    
   1433.60608       5.21851301    
   1478.77795       5.06792974    
   1500.00000       4.99718714    
   1521.22205       4.92644978    
   1566.39392       4.77588701    
   1625.00000       4.58055258    
   1683.60608       4.38522482    
   1728.77795       4.23467636    
   1750.00000       4.16394949    
   1771.22205       4.09322834    
   1816.39392       3.94269943    
   1875.00000       3.74740887    
   1933.60608       3.55212402    
   1978.77795       3.40160847    
   2000.00000       3.33089733    
   2021.22205       3.26019073    
   2066.39380       3.10969281    
   2125.00000       2.91444159    
   2183.60620       2.71919537    
   2228.77808       2.56870890    
   2250.00000       2.49801111    
   2271.22192       2.42731690    
   2316.39380       2.27684474    
   2375.00000       2.08162594    
   2433.60620       1.88641095    
   2478.77808       1.73594773    
   2500.00000       1.66526020    
   2521.22192       1.59457552    
   2566.39380       1.44412220    
   2625.00000       1.24892664    
   2683.60620       1.05373359    
   2728.77808      0.903285921    
   2750.00000      0.832605302    
   2771.22192      0.761926115    
   2816.39380      0.611483693    
   2875.00000      0.416300595    
   2933.60620      0.221118286    
   2978.77808       7.06777647E-02
   3000.00000       8.88106224E-05
