   0.00000000       9.99991131    
   21.2220135       9.92920303    
   66.3938980       9.77850819    
   125.000000       9.58299637    
   183.606094       9.38748646    
   228.777985       9.23679256    
   250.000000       9.16599655    
   271.222015       9.09520245    
   316.393890       8.94451427    
   375.000000       8.74901295    
   433.606110       8.55351353    
   478.777985       8.40283012    
   500.000000       8.33203983    
   521.221985       8.26125145    
   566.393921       8.11057758    
   625.000000       7.91509628    
   683.606079       7.71961832    
   728.778015       7.56895256    
   750.000000       7.49817038    
   771.221985       7.42739153    
   816.393921       7.27673912    
   875.000000       7.08128643    
   933.606079       6.88583851    
   978.778015       6.73519659    
   1000.00000       6.66442585    
   1021.22198       6.59365940    
   1066.39392       6.44303322    
   1125.00000       6.24761629    
   1183.60608       6.05220461    
   1228.77795       5.90159130    
   1250.00000       5.83083391    
   1271.22205       5.76008129    
   1316.39392       5.60948610    
   1375.00000       5.41410875    
   1433.60608       5.21873713    
   1478.77795       5.06815481    
   1500.00000       4.99741268    
   1521.22205       4.92667484    
   1566.39392       4.77611113    
   1625.00000       4.58077526    
   1683.60608       4.38544512    
   1728.77795       4.23489475    
   1750.00000       4.16416740    
   1771.22205       4.09344435    
   1816.39392       3.94291210    
   1875.00000       3.74761629    
   1933.60608       3.55232620    
   1978.77795       3.40180612    
   2000.00000       3.33109260    
   2021.22205       3.26038313    
   2066.39380       3.10987926    
   2125.00000       2.91461992    
   2183.60620       2.71936512    
   2228.77808       2.56887174    
   2250.00000       2.49817038    
   2271.22192       2.42747259    
   2316.39380       2.27699232    
   2375.00000       2.08176279    
   2433.60620       1.88653672    
   2478.77808       1.73606455    
   2500.00000       1.66537297    
   2521.22192       1.59468377    
   2566.39380       1.44422090    
   2625.00000       1.24901271    
   2683.60620       1.05380666    
   2728.77808      0.903348982    
   2750.00000      0.832663655    
   2771.22192      0.761979580    
   2816.39380      0.611526668    
   2875.00000      0.416329920    
   2933.60620      0.221133888    
   2978.77808       7.06827566E-02
   3000.00000       8.88168943E-05
