   0.00000000       9.99991131    
   21.2220135       9.92920494    
   66.3938980       9.77851486    
   125.000000       9.58301067    
   183.606094       9.38750648    
   228.777985       9.23681831    
   250.000000       9.16602421    
   271.222015       9.09523201    
   316.393890       8.94454861    
   375.000000       8.74905300    
   433.606110       8.55356026    
   478.777985       8.40288162    
   500.000000       8.33209229    
   521.221985       8.26130581    
   566.393921       8.11063671    
   625.000000       7.91516018    
   683.606079       7.71968746    
   728.778015       7.56902552    
   750.000000       7.49824524    
   771.221985       7.42746782    
   816.393921       7.27681875    
   875.000000       7.08137035    
   933.606079       6.88592625    
   978.778015       6.73528719    
   1000.00000       6.66451740    
   1021.22198       6.59375191    
   1066.39392       6.44312811    
   1125.00000       6.24771404    
   1183.60608       6.05230474    
   1228.77795       5.90169287    
   1250.00000       5.83093596    
   1271.22205       5.76018429    
   1316.39392       5.60958958    
   1375.00000       5.41421318    
   1433.60608       5.21884251    
   1478.77795       5.06826067    
   1500.00000       4.99751806    
   1521.22205       4.92678070    
   1566.39392       4.77621651    
   1625.00000       4.58088017    
   1683.60608       4.38554907    
   1728.77795       4.23499775    
   1750.00000       4.16426945    
   1771.22205       4.09354591    
   1816.39392       3.94301176    
   1875.00000       3.74771380    
   1933.60608       3.55242109    
   1978.77795       3.40189862    
   2000.00000       3.33118415    
   2021.22205       3.26047349    
   2066.39380       3.10996675    
   2125.00000       2.91470361    
   2183.60620       2.71944475    
   2228.77808       2.56894803    
   2250.00000       2.49824524    
   2271.22192       2.42754555    
   2316.39380       2.27706170    
   2375.00000       2.08182693    
   2433.60620       1.88659573    
   2478.77808       1.73611951    
   2500.00000       1.66542578    
   2521.22192       1.59473455    
   2566.39380       1.44426727    
   2625.00000       1.24905300    
   2683.60620       1.05384099    
   2728.77808      0.903378606    
   2750.00000      0.832691014    
   2771.22192      0.762004673    
   2816.39380      0.611546874    
   2875.00000      0.416343689    
   2933.60620      0.221141219    
   2978.77808       7.06850961E-02
   3000.00000       8.88198410E-05
