   0.00000000       9.99991131    
   21.2220135       9.92921352    
   66.3938980       9.77854156    
   125.000000       9.58306026    
   183.606094       9.38757896    
   228.777985       9.23690891    
   250.000000       9.16612339    
   271.222015       9.09533882    
   316.393890       8.94467258    
   375.000000       8.74919891    
   433.606110       8.55372715    
   478.777985       8.40306473    
   500.000000       8.33228302    
   521.221985       8.26150417    
   566.393921       8.11084938    
   625.000000       7.91539192    
   683.606079       7.71993780    
   728.778015       7.56928921    
   750.000000       7.49851513    
   771.221985       7.42774343    
   816.393921       7.27710581    
   875.000000       7.08167219    
   933.606079       6.88624191    
   978.778015       6.73561287    
   1000.00000       6.66484785    
   1021.22198       6.59408665    
   1066.39392       6.44347048    
   1125.00000       6.24806547    
   1183.60608       6.05266476    
   1228.77795       5.90205908    
   1250.00000       5.83130503    
   1271.22205       5.76055479    
   1316.39392       5.60996342    
   1375.00000       5.41459084    
   1433.60608       5.21922255    
   1478.77795       5.06864214    
   1500.00000       4.99790001    
   1521.22205       4.92716217    
   1566.39392       4.77659655    
   1625.00000       4.58125734    
   1683.60608       4.38592291    
   1728.77795       4.23536825    
   1750.00000       4.16463804    
   1771.22205       4.09391212    
   1816.39392       3.94337201    
   1875.00000       3.74806547    
   1933.60608       3.55276322    
   1978.77795       3.40223312    
   2000.00000       3.33151460    
   2021.22205       3.26079965    
   2066.39380       3.11028266    
   2125.00000       2.91500545    
   2183.60620       2.71973205    
   2228.77808       2.56922364    
   2250.00000       2.49851513    
   2271.22192       2.42780924    
   2316.39380       2.27731156    
   2375.00000       2.08205867    
   2433.60620       1.88680851    
   2478.77808       1.73631740    
   2500.00000       1.66561663    
   2521.22192       1.59491789    
   2566.39380       1.44443429    
   2625.00000       1.24919868    
   2683.60620       1.05396485    
   2728.77808      0.903485477    
   2750.00000      0.832789838    
   2771.22192      0.762095213    
   2816.39380      0.611619711    
   2875.00000      0.416393369    
   2933.60620      0.221167639    
   2978.77808       7.06935450E-02
   3000.00000       8.88304567E-05
