   0.00000000       9.99991131    
   21.2220135       9.92921543    
   66.3938980       9.77854729    
   125.000000       9.58307076    
   183.606094       9.38759518    
   228.777985       9.23692894    
   250.000000       9.16614532    
   271.222015       9.09536266    
   316.393890       8.94470024    
   375.000000       8.74923134    
   433.606110       8.55376434    
   478.777985       8.40310574    
   500.000000       8.33232594    
   521.221985       8.26154900    
   566.393921       8.11089706    
   625.000000       7.91544390    
   683.606079       7.71999407    
   728.778015       7.56934881    
   750.000000       7.49857569    
   771.221985       7.42780542    
   816.393921       7.27717066    
   875.000000       7.08173990    
   933.606079       6.88631296    
   978.778015       6.73568630    
   1000.00000       6.66492224    
   1021.22198       6.59416151    
   1066.39392       6.44354773    
   1125.00000       6.24814463    
   1183.60608       6.05274582    
   1228.77795       5.90214109    
   1250.00000       5.83138800    
   1271.22205       5.76063824    
   1316.39392       5.61004734    
   1375.00000       5.41467571    
   1433.60608       5.21930790    
   1478.77795       5.06872797    
   1500.00000       4.99798584    
   1521.22205       4.92724752    
   1566.39392       4.77668190    
   1625.00000       4.58134222    
   1683.60608       4.38600683    
   1728.77795       4.23545170    
   1750.00000       4.16472101    
   1771.22205       4.09399462    
   1816.39392       3.94345307    
   1875.00000       3.74814463    
   1933.60608       3.55284023    
   1978.77795       3.40230846    
   2000.00000       3.33158898    
   2021.22205       3.26087284    
   2066.39380       3.11035371    
   2125.00000       2.91507339    
   2183.60620       2.71979666    
   2228.77808       2.56928563    
   2250.00000       2.49857569    
   2271.22192       2.42786860    
   2316.39380       2.27736783    
   2375.00000       2.08211088    
   2433.60620       1.88685644    
   2478.77808       1.73636198    
   2500.00000       1.66565955    
   2521.22192       1.59495914    
   2566.39380       1.44447196    
   2625.00000       1.24923146    
   2683.60620       1.05399275    
   2728.77808      0.903509498    
   2750.00000      0.832812011    
   2771.22192      0.762115538    
   2816.39380      0.611636102    
   2875.00000      0.416404545    
   2933.60620      0.221173584    
   2978.77808       7.06954524E-02
   3000.00000       8.88328505E-05
