   0.00000000       9.99991131    
   21.2220135       9.92920971    
   66.3938980       9.77852917    
   125.000000       9.58303642    
   183.606094       9.38754368    
   228.777985       9.23686504    
   250.000000       9.16607571    
   271.222015       9.09528732    
   316.393890       8.94461250    
   375.000000       8.74912930    
   433.606110       8.55364704    
   478.777985       8.40297699    
   500.000000       8.33219147    
   521.221985       8.26140881    
   566.393921       8.11074734    
   625.000000       7.91528082    
   683.606079       7.71981764    
   728.778015       7.56916285    
   750.000000       7.49838591    
   771.221985       7.42761135    
   816.393921       7.27696848    
   875.000000       7.08152723    
   933.606079       6.88609076    
   978.778015       6.73545694    
   1000.00000       6.66468954    
   1021.22198       6.59392595    
   1066.39392       6.44330645    
   1125.00000       6.24789715    
   1183.60608       6.05249214    
   1228.77795       5.90188360    
   1250.00000       5.83112812    
   1271.22205       5.76037741    
   1316.39392       5.60978413    
   1375.00000       5.41440964    
   1433.60608       5.21904039    
   1478.77795       5.06845951    
   1500.00000       4.99771690    
   1521.22205       4.92697906    
   1566.39392       4.77641439    
   1625.00000       4.58107662    
   1683.60608       4.38574362    
   1728.77795       4.23519039    
   1750.00000       4.16446161    
   1771.22205       4.09373665    
   1816.39392       3.94319940    
   1875.00000       3.74789691    
   1933.60608       3.55259919    
   1978.77795       3.40207291    
   2000.00000       3.33135629    
   2021.22205       3.26064348    
   2066.39380       3.11013126    
   2125.00000       2.91486073    
   2183.60620       2.71959424    
   2228.77808       2.56909156    
   2250.00000       2.49838567    
   2271.22192       2.42768288    
   2316.39380       2.27719188    
   2375.00000       2.08194757    
   2433.60620       1.88670659    
   2478.77808       1.73622262    
   2500.00000       1.66552520    
   2521.22192       1.59483004    
   2566.39380       1.44435430    
   2625.00000       1.24912894    
   2683.60620       1.05390549    
   2728.77808      0.903434277    
   2750.00000      0.832742453    
   2771.22192      0.762051821    
   2816.39380      0.611584783    
   2875.00000      0.416369557    
   2933.60620      0.221154973    
   2978.77808       7.06894994E-02
   3000.00000       8.88253708E-05
