   0.00000000       9.99991131    
   21.2220135       9.92921734    
   66.3938980       9.77855301    
   125.000000       9.58308220    
   183.606094       9.38761139    
   228.777985       9.23694897    
   250.000000       9.16616631    
   271.222015       9.09538555    
   316.393890       8.94472694    
   375.000000       8.74926281    
   433.606110       8.55380058    
   478.777985       8.40314579    
   500.000000       8.33236790    
   521.221985       8.26159096    
   566.393921       8.11094284    
   625.000000       7.91549397    
   683.606079       7.72004795    
   728.778015       7.56940556    
   750.000000       7.49863386    
   771.221985       7.42786503    
   816.393921       7.27723265    
   875.000000       7.08180523    
   933.606079       6.88638115    
   978.778015       6.73575687    
   1000.00000       6.66499376    
   1021.22198       6.59423399    
   1066.39392       6.44362164    
   1125.00000       6.24822044    
   1183.60608       6.05282354    
   1228.77795       5.90222025    
   1250.00000       5.83146715    
   1271.22205       5.76071787    
   1316.39392       5.61012840    
   1375.00000       5.41475677    
   1433.60608       5.21938992    
   1478.77795       5.06880999    
   1500.00000       4.99806833    
   1521.22205       4.92733002    
   1566.39392       4.77676392    
   1625.00000       4.58142376    
   1683.60608       4.38608742    
   1728.77795       4.23553133    
   1750.00000       4.16480064    
   1771.22205       4.09407330    
   1816.39392       3.94353080    
   1875.00000       3.74822044    
   1933.60608       3.55291414    
   1978.77795       3.40238070    
   2000.00000       3.33166027    
   2021.22205       3.26094341    
   2066.39380       3.11042190    
   2125.00000       2.91513848    
   2183.60620       2.71985865    
   2228.77808       2.56934524    
   2250.00000       2.49863410    
   2271.22192       2.42792559    
   2316.39380       2.27742171    
   2375.00000       2.08216071    
   2433.60620       1.88690233    
   2478.77808       1.73640466    
   2500.00000       1.66570079    
   2521.22192       1.59499872    
   2566.39380       1.44450796    
   2625.00000       1.24926293    
   2683.60620       1.05401945    
   2728.77808      0.903532565    
   2750.00000      0.832833350    
   2771.22192      0.762135088    
   2816.39380      0.611651778    
   2875.00000      0.416415244    
   2933.60620      0.221179277    
   2978.77808       7.06972703E-02
   3000.00000       8.88351424E-05
