   0.00000000       9.99991131    
   21.2220135       9.92921162    
   66.3938980       9.77853584    
   125.000000       9.58304882    
   183.606094       9.38756180    
   228.777985       9.23688698    
   250.000000       9.16609955    
   271.222015       9.09531403    
   316.393890       8.94464302    
   375.000000       8.74916458    
   433.606110       8.55368805    
   478.777985       8.40302181    
   500.000000       8.33223820    
   521.221985       8.26145744    
   566.393921       8.11079884    
   625.000000       7.91533756    
   683.606079       7.71987915    
   728.778015       7.56922770    
   750.000000       7.49845171    
   771.221985       7.42767906    
   816.393921       7.27703857    
   875.000000       7.08160114    
   933.606079       6.88616800    
   978.778015       6.73553658    
   1000.00000       6.66477060    
   1021.22198       6.59400797    
   1066.39392       6.44339037    
   1125.00000       6.24798298    
   1183.60608       6.05258036    
   1228.77795       5.90197277    
   1250.00000       5.83121824    
   1271.22205       5.76046801    
   1316.39392       5.60987568    
   1375.00000       5.41450214    
   1433.60608       5.21913338    
   1478.77795       5.06855249    
   1500.00000       4.99781036    
   1521.22205       4.92707253    
   1566.39392       4.77650738    
   1625.00000       4.58116865    
   1683.60608       4.38583517    
   1728.77795       4.23528147    
   1750.00000       4.16455173    
   1771.22205       4.09382629    
   1816.39392       3.94328761    
   1875.00000       3.74798298    
   1933.60608       3.55268288    
   1978.77795       3.40215468    
   2000.00000       3.33143711    
   2021.22205       3.26072311    
   2066.39380       3.11020851    
   2125.00000       2.91493464    
   2183.60620       2.71966457    
   2228.77808       2.56915903    
   2250.00000       2.49845171    
   2271.22192       2.42774749    
   2316.39380       2.27725291    
   2375.00000       2.08200431    
   2433.60620       1.88675857    
   2478.77808       1.73627102    
   2500.00000       1.66557193    
   2521.22192       1.59487486    
   2566.39380       1.44439507    
   2625.00000       1.24916458    
   2683.60620       1.05393577    
   2728.77808      0.903460383    
   2750.00000      0.832766652    
   2771.22192      0.762073934    
   2816.39380      0.611602604    
   2875.00000      0.416381717    
   2933.60620      0.221161440    
   2978.77808       7.06915632E-02
   3000.00000       8.88279683E-05
