   0.00000000       9.99991131    
   21.2220135       9.92922020    
   66.3938980       9.77856445    
   125.000000       9.58310223    
   183.606094       9.38764095    
   228.777985       9.23698521    
   250.000000       9.16620636    
   271.222015       9.09542942    
   316.393890       8.94477654    
   375.000000       8.74932194    
   433.606110       8.55386829    
   478.777985       8.40322018    
   500.000000       8.33244514    
   521.221985       8.26167202    
   566.393921       8.11102962    
   625.000000       7.91558790    
   683.606079       7.72014904    
   728.778015       7.56951237    
   750.000000       7.49874353    
   771.221985       7.42797661    
   816.393921       7.27734900    
   875.000000       7.08192778    
   933.606079       6.88650942    
   978.778015       6.73588896    
   1000.00000       6.66512775    
   1021.22198       6.59436941    
   1066.39392       6.44376040    
   1125.00000       6.24836302    
   1183.60608       6.05296946    
   1228.77795       5.90236855    
   1250.00000       5.83161688    
   1271.22205       5.76086807    
   1316.39392       5.61028004    
   1375.00000       5.41490984    
   1433.60608       5.21954393    
   1478.77795       5.06896448    
   1500.00000       4.99822283    
   1521.22205       4.92748451    
   1566.39392       4.77691793    
   1625.00000       4.58157682    
   1683.60608       4.38623905    
   1728.77795       4.23568153    
   1750.00000       4.16495037    
   1771.22205       4.09422207    
   1816.39392       3.94367671    
   1875.00000       3.74836302    
   1933.60608       3.55305290    
   1978.77795       3.40251613    
   2000.00000       3.33179450    
   2021.22205       3.26107550    
   2066.39380       3.11054993    
   2125.00000       2.91526103    
   2183.60620       2.71997523    
   2228.77808       2.56945682    
   2250.00000       2.49874353    
   2271.22192       2.42803240    
   2316.39380       2.27752304    
   2375.00000       2.08225465    
   2433.60620       1.88698864    
   2478.77808       1.73648500    
   2500.00000       1.66577816    
   2521.22192       1.59507298    
   2566.39380       1.44457567    
   2625.00000       1.24932194    
   2683.60620       1.05406964    
   2728.77808      0.903575897    
   2750.00000      0.832873404    
   2771.22192      0.762171805    
   2816.39380      0.611681283    
   2875.00000      0.416435391    
   2933.60620      0.221189991    
   2978.77808       7.07006976E-02
   3000.00000       8.88394497E-05
