   0.00000000       9.99991131    
   21.2220135       9.92922211    
   66.3938980       9.77856922    
   125.000000       9.58311176    
   183.606094       9.38765430    
   228.777985       9.23700237    
   250.000000       9.16622543    
   271.222015       9.09544945    
   316.393890       8.94480038    
   375.000000       8.74934959    
   433.606110       8.55389977    
   478.777985       8.40325451    
   500.000000       8.33248138    
   521.221985       8.26170921    
   566.393921       8.11106968    
   625.000000       7.91563225    
   683.606079       7.72019672    
   728.778015       7.56956291    
   750.000000       7.49879503    
   771.221985       7.42802906    
   816.393921       7.27740383    
   875.000000       7.08198500    
   933.606079       6.88656950    
   978.778015       6.73595095    
   1000.00000       6.66519070    
   1021.22198       6.59443331    
   1066.39392       6.44382524    
   1125.00000       6.24842978    
   1183.60608       6.05303812    
   1228.77795       5.90243864    
   1250.00000       5.83168697    
   1271.22205       5.76093864    
   1316.39392       5.61035109    
   1375.00000       5.41498184    
   1433.60608       5.21961641    
   1478.77795       5.06903744    
   1500.00000       4.99829578    
   1521.22205       4.92755699    
   1566.39392       4.77699041    
   1625.00000       4.58164835    
   1683.60608       4.38631010    
   1728.77795       4.23575211    
   1750.00000       4.16502047    
   1771.22205       4.09429169    
   1816.39392       3.94374537    
   1875.00000       3.74843001    
   1933.60608       3.55311799    
   1978.77795       3.40257978    
   2000.00000       3.33185720    
   2021.22205       3.26113749    
   2066.39380       3.11061001    
   2125.00000       2.91531849    
   2183.60620       2.72002983    
   2228.77808       2.56950927    
   2250.00000       2.49879479    
   2271.22192       2.42808270    
   2316.39380       2.27757072    
   2375.00000       2.08229876    
   2433.60620       1.88702917    
   2478.77808       1.73652267    
   2500.00000       1.66581452    
   2521.22192       1.59510791    
   2566.39380       1.44460750    
   2625.00000       1.24934971    
   2683.60620       1.05409324    
   2728.77808      0.903596222    
   2750.00000      0.832892239    
   2771.22192      0.762189031    
   2816.39380      0.611695170    
   2875.00000      0.416444838    
   2933.60620      0.221195027    
   2978.77808       7.07023069E-02
   3000.00000       8.88414652E-05
