   0.00000000       9.99991131    
   21.2220135       9.92922401    
   66.3938980       9.77857399    
   125.000000       9.58312035    
   183.606094       9.38766766    
   228.777985       9.23701859    
   250.000000       9.16624355    
   271.222015       9.09546852    
   316.393890       8.94482327    
   375.000000       8.74937630    
   433.606110       8.55393028    
   478.777985       8.40328789    
   500.000000       8.33251572    
   521.221985       8.26174545    
   566.393921       8.11110878    
   625.000000       7.91567421    
   683.606079       7.72024250    
   728.778015       7.56961107    
   750.000000       7.49884415    
   771.221985       7.42807961    
   816.393921       7.27745628    
   875.000000       7.08204031    
   933.606079       6.88662720    
   978.778015       6.73601055    
   1000.00000       6.66525078    
   1021.22198       6.59449434    
   1066.39392       6.44388771    
   1125.00000       6.24849415    
   1183.60608       6.05310392    
   1228.77795       5.90250540    
   1250.00000       5.83175421    
   1271.22205       5.76100636    
   1316.39392       5.61041927    
   1375.00000       5.41505051    
   1433.60608       5.21968555    
   1478.77795       5.06910706    
   1500.00000       4.99836540    
   1521.22205       4.92762709    
   1566.39392       4.77705956    
   1625.00000       4.58171749    
   1683.60608       4.38637877    
   1728.77795       4.23581982    
   1750.00000       4.16508770    
   1771.22205       4.09435844    
   1816.39392       3.94381118    
   1875.00000       3.74849415    
   1933.60608       3.55318046    
   1978.77795       3.40264106    
   2000.00000       3.33191776    
   2021.22205       3.26119709    
   2066.39380       3.11066771    
   2125.00000       2.91537356    
   2183.60620       2.72008228    
   2228.77808       2.56955957    
   2250.00000       2.49884415    
   2271.22192       2.42813087    
   2316.39380       2.27761626    
   2375.00000       2.08234119    
   2433.60620       1.88706803    
   2478.77808       1.73655879    
   2500.00000       1.66584933    
   2521.22192       1.59514141    
   2566.39380       1.44463801    
   2625.00000       1.24937630    
   2683.60620       1.05411589    
   2728.77808      0.903615713    
   2750.00000      0.832910240    
   2771.22192      0.762205541    
   2816.39380      0.611708462    
   2875.00000      0.416453928    
   2933.60620      0.221199840    
   2978.77808       7.07038492E-02
   3000.00000       8.88434079E-05
