   0.00000000       9.99991131    
   21.2220135       9.92921925    
   66.3938980       9.77855873    
   125.000000       9.58309174    
   183.606094       9.38762665    
   228.777985       9.23696709    
   250.000000       9.16618729    
   271.222015       9.09540749    
   316.393890       8.94475269    
   375.000000       8.74929333    
   433.606110       8.55383492    
   478.777985       8.40318298    
   500.000000       8.33240700    
   521.221985       8.26163197    
   566.393921       8.11098671    
   625.000000       7.91554213    
   683.606079       7.72009945    
   728.778015       7.56946039    
   750.000000       7.49868965    
   771.221985       7.42792225    
   816.393921       7.27729225    
   875.000000       7.08186769    
   933.606079       6.88644648    
   978.778015       6.73582411    
   1000.00000       6.66506195    
   1021.22198       6.59430313    
   1066.39392       6.44369221    
   1125.00000       6.24829340    
   1183.60608       6.05289793    
   1228.77795       5.90229607    
   1250.00000       5.83154392    
   1271.22205       5.76079464    
   1316.39392       5.61020565    
   1375.00000       5.41483498    
   1433.60608       5.21946859    
   1478.77795       5.06888914    
   1500.00000       4.99814701    
   1521.22205       4.92740917    
   1566.39392       4.77684259    
   1625.00000       4.58150196    
   1683.60608       4.38616514    
   1728.77795       4.23560810    
   1750.00000       4.16487694    
   1771.22205       4.09414911    
   1816.39392       3.94360542    
   1875.00000       3.74829316    
   1933.60608       3.55298495    
   1978.77795       3.40244985    
   2000.00000       3.33172870    
   2021.22205       3.26101089    
   2066.39380       3.11048722    
   2125.00000       2.91520095    
   2183.60620       2.71991825    
   2228.77808       2.56940222    
   2250.00000       2.49868989    
   2271.22192       2.42798018    
   2316.39380       2.27747345    
   2375.00000       2.08220863    
   2433.60620       1.88694644    
   2478.77808       1.73644567    
   2500.00000       1.66574025    
   2521.22192       1.59503663    
   2566.39380       1.44454253    
   2625.00000       1.24929309    
   2683.60620       1.05404508    
   2728.77808      0.903554678    
   2750.00000      0.832853794    
   2771.22192      0.762153804    
   2816.39380      0.611666858    
   2875.00000      0.416425526    
   2933.60620      0.221184745    
   2978.77808       7.06990212E-02
   3000.00000       8.88373397E-05
