   0.00000000       9.99991131    
   21.2220135       9.92922497    
   66.3938980       9.77857876    
   125.000000       9.58312893    
   183.606094       9.38768101    
   228.777985       9.23703480    
   250.000000       9.16626072    
   271.222015       9.09548759    
   316.393890       8.94484520    
   375.000000       8.74940205    
   433.606110       8.55395985    
   478.777985       8.40332031    
   500.000000       8.33254910    
   521.221985       8.26177979    
   566.393921       8.11114597    
   625.000000       7.91571522    
   683.606079       7.72028637    
   728.778015       7.56965685    
   750.000000       7.49889135    
   771.221985       7.42812777    
   816.393921       7.27750683    
   875.000000       7.08209324    
   933.606079       6.88668251    
   978.778015       6.73606777    
   1000.00000       6.66530895    
   1021.22198       6.59455299    
   1066.39392       6.44394779    
   1125.00000       6.24855566    
   1183.60608       6.05316687    
   1228.77795       5.90256929    
   1250.00000       5.83181906    
   1271.22205       5.76107121    
   1316.39392       5.61048460    
   1375.00000       5.41511679    
   1433.60608       5.21975231    
   1478.77795       5.06917381    
   1500.00000       4.99843216    
   1521.22205       4.92769384    
   1566.39392       4.77712631    
   1625.00000       4.58178329    
   1683.60608       4.38644409    
   1728.77795       4.23588467    
   1750.00000       4.16515207    
   1771.22205       4.09442282    
   1816.39392       3.94387412    
   1875.00000       3.74855566    
   1933.60608       3.55324054    
   1978.77795       3.40269947    
   2000.00000       3.33197546    
   2021.22205       3.26125407    
   2066.39380       3.11072302    
   2125.00000       2.91542649    
   2183.60620       2.72013259    
   2228.77808       2.56960797    
   2250.00000       2.49889135    
   2271.22192       2.42817688    
   2316.39380       2.27766013    
   2375.00000       2.08238173    
   2433.60620       1.88710535    
   2478.77808       1.73659348    
   2500.00000       1.66588271    
   2521.22192       1.59517348    
   2566.39380       1.44466734    
   2625.00000       1.24940181    
   2683.60620       1.05413759    
   2728.77808      0.903634429    
   2750.00000      0.832927525    
   2771.22192      0.762221396    
   2816.39380      0.611721218    
   2875.00000      0.416462630    
   2933.60620      0.221204475    
   2978.77808       7.07053319E-02
   3000.00000       8.88452705E-05
