   0.00000000       9.99961853    
   21.2220135       9.69656181    
   66.3938980       9.05245113    
   125.000000       8.22317219    
   183.606094       7.40539503    
   228.777985       6.78775883    
   250.000000       6.50413609    
   271.222015       6.23905897    
   316.393890       5.69131804    
   375.000000       5.00637245    
   433.606110       4.34959888    
   478.777985       3.86676073    
   500.000000       3.65031457    
   521.221985       3.46105957    
   566.393921       3.08080769    
   625.000000       2.61950397    
   683.606079       2.18953228    
   728.778015       1.88158405    
   750.000000       1.74662697    
   771.221985       1.63603663    
   816.393921       1.42017913    
   875.000000       1.16643810    
   933.606079      0.936683834    
   978.778015      0.776318848    
   1000.00000      0.707541525    
   1021.22198      0.654667079    
   1066.39392      0.554552019    
   1125.00000      0.440793782    
   1183.60608      0.341001719    
   1228.77795      0.273308516    
   1250.00000      0.244974926    
   1271.22205      0.224826396    
   1316.39392      0.188243747    
   1375.00000      0.148828343    
   1433.60608      0.116268530    
   1478.77795       9.56719071E-02
   1500.00000       8.76945630E-02
   1521.22205       7.60322660E-02
   1566.39392       4.47975881E-02
   1625.00000       2.55143903E-02
   1683.60608       1.11959558E-02
   1728.77795       5.56170242E-03
   1750.00000       3.21208360E-03
   1771.22205       2.35491386E-03
   1816.39392       1.28981122E-03
   1875.00000       5.91439311E-04
   1933.60608       2.40399211E-04
   1978.77795       9.33502524E-05
   2000.00000       4.79672199E-05
   2021.22205       3.25166984E-05
   2066.39380       1.55012985E-05
   2125.00000       6.08117261E-06
   2183.60620       2.10645658E-06
   2228.77808       7.00455757E-07
   2250.00000       3.06079613E-07
   2271.22192       1.91154015E-07
   2316.39380       7.86813033E-08
   2375.00000       2.62250648E-08
   2433.60620       7.64766916E-09
   2478.77808       2.19015117E-09
   2500.00000       8.02381050E-10
   2521.22192       4.58299731E-10
   2566.39380       1.60092273E-10
   2625.00000       4.45324853E-11
   2683.60620       1.05338698E-11
   2728.77808       2.58614137E-12
   2750.00000       7.50821280E-13
   2771.22192       3.80904591E-13
   2816.39380       1.04935036E-13
   2875.00000       2.20326416E-14
   2933.60620       3.32373336E-15
   2978.77808       6.14726644E-16
   3000.00000       1.07508393E-19
