   0.00000000       9.99956131    
   21.2220135       9.65096092    
   66.3938980       8.91070557    
   125.000000       7.95998907    
   183.606094       7.02665043    
   228.777985       6.32631826    
   250.000000       6.00708437    
   271.222015       5.71543837    
   316.393890       5.11893559    
   375.000000       4.38222742    
   433.606110       3.68536520    
   478.777985       3.18053937    
   500.000000       2.95746875    
   521.221985       2.77082801    
   566.393921       2.40336418    
   625.000000       1.96785140    
   683.606079       1.57120538    
   728.778015       1.29342782    
   750.000000       1.17413425    
   771.221985       1.08233690    
   816.393921      0.908553362    
   875.000000      0.711269677    
   933.606079      0.538456202    
   978.778015      0.421383262    
   1000.00000      0.372415423    
   1021.22198      0.337596506    
   1066.39392      0.274260253    
   1125.00000      0.205527782    
   1183.60608      0.147742823    
   1228.77795      0.109924518    
   1250.00000       9.45238620E-02
   1271.22205       8.44518766E-02
   1316.39392       6.69806525E-02
   1375.00000       4.91295904E-02
   1433.60608       3.50859053E-02
   1478.77795       2.65564993E-02
   1500.00000       2.33559404E-02
   1521.22205       1.94170251E-02
   1566.39392       9.65353381E-03
   1625.00000       4.89416625E-03
   1683.60608       1.63509429E-03
   1728.77795       7.52556487E-04
   1750.00000       3.31879855E-04
   1771.22205       2.19121270E-04
   1816.39392       9.90859335E-05
   1875.00000       3.62953433E-05
   1933.60608       1.15999028E-05
   1978.77795       3.54411372E-06
   2000.00000       1.39768247E-06
   2021.22205       8.24960068E-07
   2066.39380       3.04276767E-07
   2125.00000       8.88063525E-08
   2183.60620       2.20536833E-08
   2228.77808       5.49725288E-09
   2250.00000       1.64568081E-09
   2271.22192       8.41017145E-10
   2316.39380       2.32986685E-10
   2375.00000       4.82296529E-11
   2433.60620       6.91532378E-12
   2478.77808       1.16195530E-12
   2500.00000       2.52965577E-14
   2521.22192      -5.64206783E-14
   2566.39380      -5.36132418E-14
   2625.00000      -2.04479412E-14
   2683.60620      -6.01283617E-15
   2728.77808      -1.40254849E-15
   2750.00000      -4.52811373E-16
   2771.22192      -2.30391321E-16
   2816.39380      -6.36320267E-17
   2875.00000      -1.35767487E-17
   2933.60620      -2.21053389E-18
   2978.77808      -4.38375481E-19
   3000.00000      -8.26514435E-23
