   0.00000000       9.99946690    
   21.2220135       9.57598877    
   66.3938980       8.67825890    
   125.000000       7.53076029    
   183.606094       6.41392040    
   228.777985       5.58637381    
   250.000000       5.21450853    
   271.222015       4.88990974    
   316.393890       4.23979664    
   375.000000       3.45684910    
   433.606110       2.73579168    
   478.777985       2.22780228    
   500.000000       2.00924063    
   521.221985       1.84129918    
   566.393921       1.52413571    
   625.000000       1.16593063    
   683.606079      0.854579866    
   728.778015      0.645687580    
   750.000000      0.559199214    
   771.221985      0.499997258    
   816.393921      0.394655257    
   875.000000      0.283453524    
   933.606079      0.192510352    
   978.778015      0.134418219    
   1000.00000      0.111197837    
   1021.22198       9.68725681E-02
   1066.39392       7.28390813E-02
   1125.00000       4.91741672E-02
   1183.60608       3.10207196E-02
   1228.77795       1.99998263E-02
   1250.00000       1.57416761E-02
   1271.22205       1.33571988E-02
   1316.39392       9.59084276E-03
   1375.00000       6.15877565E-03
   1433.60608       3.73327383E-03
   1478.77795       2.38069147E-03
   1500.00000       1.90094218E-03
   1521.22205       1.45720970E-03
   1566.39392       4.98587557E-04
   1625.00000       2.18596353E-04
   1683.60608       2.75976527E-05
   1728.77795       2.25076201E-05
   1750.00000       3.85223530E-06
   1771.22205       1.99910892E-06
   1816.39392       5.62526964E-07
   1875.00000       1.14613684E-07
   1933.60608       1.53773652E-08
   1978.77795       2.13990758E-09
   2000.00000      -2.08006390E-10
   2021.22205      -2.93943009E-10
   2066.39380      -1.81068716E-10
   2125.00000      -6.02127098E-11
   2183.60620      -1.58665702E-11
   2228.77808      -3.43096320E-12
   2250.00000      -1.00252814E-12
   2271.22192      -4.82700306E-13
   2316.39380      -1.18914278E-13
   2375.00000      -2.24404930E-14
   2433.60620      -2.88721493E-15
   2478.77808      -6.37760699E-16
   2500.00000      -7.75093711E-17
   2521.22192      -2.71881727E-17
   2566.39380      -2.78167750E-18
   2625.00000      -1.12540339E-19
   2683.60620       1.23867906E-19
   2728.77808      -4.16762875E-21
   2750.00000       6.70143120E-21
   2771.22192       2.89479105E-21
   2816.39380       5.52801259E-22
   2875.00000       7.94845583E-23
   2933.60620       3.49414736E-24
   2978.77808       1.86534503E-24
   3000.00000       4.00105025E-29
