   0.00000000       9.99972916    
   21.2220135       9.78434086    
   66.3938980       9.32594204    
   125.000000       8.73353672    
   183.606094       8.14533424    
   228.777985       7.69663906    
   250.000000       7.48827219    
   271.222015       7.28685141    
   316.393890       6.86439657    
   375.000000       6.32635069    
   433.606110       5.79972315    
   478.777985       5.40363741    
   500.000000       5.22204018    
   521.221985       5.05240440    
   566.393921       4.70151758    
   625.000000       4.26134920    
   683.606079       3.83682752    
   728.778015       3.52209425    
   750.000000       3.37965488    
   771.221985       3.25126529    
   816.393921       2.98964882    
   875.000000       2.66685653    
   933.606079       2.36053872    
   978.778015       2.13701487    
   1000.00000       2.03730822    
   1021.22198       1.95109892    
   1066.39392       1.77863801    
   1125.00000       1.57028449    
   1183.60608       1.37676191    
   1228.77795       1.23862696    
   1250.00000       1.17829716    
   1271.22205       1.12945831    
   1316.39392       1.03483152    
   1375.00000      0.924950600    
   1433.60608      0.827345371    
   1478.77795      0.761159182    
   1500.00000      0.733791113    
   1521.22205      0.677843094    
   1566.39392      0.506541252    
   1625.00000      0.357333332    
   1683.60608      0.225548133    
   1728.77795      0.150561079    
   1750.00000      0.119153298    
   1771.22205      0.101538226    
   1816.39392       7.32088685E-02
   1875.00000       4.67817932E-02
   1933.60608       2.75636241E-02
   1978.77795       1.64006837E-02
   2000.00000       1.22104874E-02
   2021.22205       1.00444146E-02
   2066.39380       6.79766294E-03
   2125.00000       4.02706675E-03
   2183.60620       2.17839796E-03
   2228.77808       1.17652479E-03
   2250.00000       8.15713080E-04
   2271.22192       6.46818662E-04
   2316.39380       4.10145352E-04
   2375.00000       2.25212760E-04
   2433.60620       1.12156536E-04
   2478.77808       5.51849807E-05
   2500.00000       3.55156008E-05
   2521.22192       2.71154258E-05
   2566.39380       1.60826621E-05
   2625.00000       8.17998716E-06
   2683.60620       3.75636296E-06
   2728.77808       1.69023178E-06
   2750.00000       1.00718080E-06
   2771.22192       7.39412599E-07
   2816.39380       4.08671866E-07
   2875.00000       1.89960915E-07
   2933.60620       7.49614557E-08
   2978.77808       2.06362767E-08
   3000.00000       5.05505880E-12
