   0.00000000       9.99965858    
   21.2220135       9.72799015    
   66.3938980       9.15028286    
   125.000000       8.40537834    
   183.606094       7.66879511    
   228.777985       7.11026478    
   250.000000       6.85263157    
   271.222015       6.60854483    
   316.393890       6.10111570    
   375.000000       5.46186113    
   433.606110       4.84382629    
   478.777985       4.38532686    
   500.000000       4.17794657    
   521.221985       3.99171686    
   566.393921       3.61305594    
   625.000000       3.14734125    
   683.606079       2.70720482    
   728.778015       2.38758755    
   750.000000       2.24571633    
   771.221985       2.12488937    
   816.393921       1.88479853    
   875.000000       1.59681582    
   933.606079       1.33094847    
   978.778015       1.14199388    
   1000.00000       1.05967045    
   1021.22198      0.993277311    
   1066.39392      0.864621520    
   1125.00000      0.714587271    
   1183.60608      0.579778016    
   1228.77795      0.486408144    
   1250.00000      0.446665913    
   1271.22205      0.416919619    
   1316.39392      0.361468107    
   1375.00000      0.299891144    
   1433.60608      0.247564495    
   1478.77795      0.213613719    
   1500.00000      0.200168416    
   1521.22205      0.178013489    
   1566.39392      0.115587302    
   1625.00000       7.12732449E-02
   1683.60608       3.61623988E-02
   1728.77795       1.98136289E-02
   1750.00000       1.31122731E-02
   1771.22205       1.02218157E-02
   1816.39392       6.25975104E-03
   1875.00000       3.27617489E-03
   1933.60608       1.53553917E-03
   1978.77795       6.98240648E-04
   2000.00000       4.17825941E-04
   2021.22205       3.06521048E-04
   2066.39380       1.68621831E-04
   2125.00000       7.81187191E-05
   2183.60620       3.22731503E-05
   2228.77808       1.28369329E-05
   2250.00000       6.78028755E-06
   2271.22192       4.67067957E-06
   2316.39380       2.29884540E-06
   2375.00000       9.39897973E-07
   2433.60620       3.41631761E-07
   2478.77808       1.19722614E-07
   2500.00000       5.55876056E-08
   2521.22192       3.58820174E-08
   2566.39380       1.57310485E-08
   2625.00000       5.65630254E-09
   2683.60620       1.79903559E-09
   2728.77808       5.58499913E-10
   2750.00000       2.26569360E-10
   2771.22192       1.36634051E-10
   2816.39380       5.29823234E-11
   2875.00000       1.66301018E-11
   2933.60620       4.49363940E-12
   2978.77808       1.01579715E-12
   3000.00000       2.35600150E-16
