   0.00000000       9.99971008    
   21.2220135       9.76956654    
   66.3938980       9.27985668    
   125.000000       8.64732552    
   183.606094       8.01989079    
   228.777985       7.54194450    
   250.000000       7.32034540    
   271.222015       7.10713863    
   316.393890       6.66088486    
   375.000000       6.09397507    
   433.606110       5.54069614    
   478.777985       5.12590981    
   500.000000       4.93634605    
   521.221985       4.76088762    
   566.393921       4.39938498    
   625.000000       3.94795823    
   683.606079       3.51462126    
   728.778015       3.19490504    
   750.000000       3.05086780    
   771.221985       2.92272830    
   816.393921       2.66310453    
   875.000000       2.34481144    
   933.606079       2.04465199    
   978.778015       1.82695436    
   1000.00000       1.73038042    
   1021.22198       1.64820886    
   1066.39392       1.48500049    
   1125.00000       1.28938913    
   1183.60608       1.10907555    
   1228.77795      0.981280863    
   1250.00000      0.925816178    
   1271.22205      0.881766021    
   1316.39392      0.797204494    
   1375.00000      0.700070977    
   1433.60608      0.614745021    
   1478.77795      0.557555258    
   1500.00000      0.534185171    
   1521.22205      0.489016145    
   1566.39392      0.353516191    
   1625.00000      0.240988851    
   1683.60608      0.144184247    
   1728.77795       9.14223790E-02
   1750.00000       6.95257559E-02
   1771.22205       5.80292456E-02
   1816.39392       4.02586684E-02
   1875.00000       2.45127808E-02
   1933.60608       1.36353066E-02
   1978.77795       7.58028217E-03
   2000.00000       5.36699500E-03
   2021.22205       4.29859804E-03
   2066.39380       2.77130422E-03
   2125.00000       1.54822995E-03
   2183.60620       7.83541356E-04
   2228.77808       3.91423382E-04
   2250.00000       2.54801940E-04
   2271.22192       1.95519126E-04
   2316.39380       1.16864852E-04
   2375.00000       5.98501101E-05
   2433.60620       2.76195588E-05
   2478.77808       1.24595399E-05
   2500.00000       7.43251258E-06
   2521.22192       5.45702642E-06
   2566.39380       3.01771979E-06
   2625.00000       1.41502926E-06
   2683.60620       5.95921847E-07
   2728.77808       2.43902605E-07
   2750.00000       1.33002715E-07
   2771.22192       9.33235071E-08
   2816.39380       4.76023274E-08
   2875.00000       2.02576800E-08
   2933.60620       7.39195505E-09
   2978.77808       1.95175343E-09
   3000.00000       4.74093963E-13
