   0.00000000       9.99974442    
   21.2220135       9.79666138    
   66.3938980       9.36438847    
   125.000000       8.80551815    
   183.606094       8.25020218    
   228.777985       7.82613707    
   250.000000       7.62897015    
   271.222015       7.43769503    
   316.393890       7.03589344    
   375.000000       6.52316380    
   433.606110       6.02021313    
   478.777985       5.64100361    
   500.000000       5.46672010    
   521.221985       5.30278301    
   566.393921       4.96267891    
   625.000000       4.53457737    
   683.606079       4.12022829    
   728.778015       3.81190729    
   750.000000       3.67188716    
   771.221985       3.54442739    
   816.393921       3.28360057    
   875.000000       2.96024561    
   933.606079       2.65194416    
   978.778015       2.42592955    
   1000.00000       2.32468629    
   1021.22198       2.23607516    
   1066.39392       2.05784988    
   1125.00000       1.84123290    
   1183.60608       1.63886023    
   1228.77795       1.49359977    
   1250.00000       1.42983794    
   1271.22205       1.37742221    
   1316.39392       1.27511251    
   1375.00000       1.15526855    
   1433.60608       1.04783499    
   1478.77795      0.974266827    
   1500.00000      0.943538368    
   1521.22205      0.877771914    
   1566.39392      0.673146844    
   1625.00000      0.488318890    
   1683.60608      0.321701825    
   1728.77795      0.223828182    
   1750.00000      0.182472557    
   1771.22205      0.157998547    
   1816.39392      0.117378652    
   1875.00000       7.79424161E-02
   1933.60608       4.81209941E-02
   1978.77795       3.02347448E-02
   2000.00000       2.33804565E-02
   2021.22205       1.96304582E-02
   2066.39380       1.37923229E-02
   2125.00000       8.55646562E-03
   2183.60620       4.88424301E-03
   2228.77808       2.80980463E-03
   2250.00000       2.04353733E-03
   2271.22192       1.66169356E-03
   2316.39380       1.10265077E-03
   2375.00000       6.39285310E-04
   2433.60620       3.38363287E-04
   2478.77808       1.78687638E-04
   2500.00000       1.21847435E-04
   2521.22192       9.58578094E-05
   2566.39380       5.99937302E-05
   2625.00000       3.24989487E-05
   2683.60620       1.59810061E-05
   2728.77808       7.76949764E-06
   2750.00000       4.95419545E-06
   2771.22192       3.76479397E-06
   2816.39380       2.21099890E-06
   2875.00000       1.09777579E-06
   2933.60620       4.58252032E-07
   2978.77808       1.29940759E-07
   3000.00000       3.20064981E-11
