   0.00000000       9.99968719    
   21.2220135       9.75133419    
   66.3938980       9.22301292    
   125.000000       8.54110146    
   183.606094       7.86556911    
   228.777985       7.35196304    
   250.000000       7.11433887    
   271.222015       6.88716888    
   316.393890       6.41302109    
   375.000000       5.81275654    
   433.606110       5.22921228    
   478.777985       4.79364300    
   500.000000       4.59543896    
   521.221985       4.41426468    
   566.393921       4.04300451    
   625.000000       3.58228111    
   683.606079       3.14285588    
   728.778015       2.82077599    
   750.000000       2.67656708    
   771.221985       2.55055976    
   816.393921       2.29727197    
   875.000000       1.98949468    
   933.606079       1.70175910    
   978.778015       1.49480712    
   1000.00000       1.40368402    
   1021.22198       1.32783687    
   1066.39392       1.17868686    
   1125.00000       1.00189173    
   1183.60608      0.840609014    
   1228.77795      0.727383554    
   1250.00000      0.678642392    
   1271.22205      0.640884042    
   1316.39392      0.569279313    
   1375.00000      0.488183349    
   1433.60608      0.417944431    
   1478.77795      0.371532470    
   1500.00000      0.352832079    
   1521.22205      0.319130152    
   1566.39392      0.220691085    
   1625.00000      0.144070968    
   1683.60608       8.04162547E-02
   1728.77795       4.77971770E-02
   1750.00000       3.43747102E-02
   1771.22205       2.78944969E-02
   1816.39392       1.83783695E-02
   1875.00000       1.05031775E-02
   1933.60608       5.42990677E-03
   1978.77795       2.76786159E-03
   2000.00000       1.82904734E-03
   2021.22205       1.41285628E-03
   2066.39380       8.53136589E-04
   2125.00000       4.40911797E-04
   2183.60620       2.04798489E-04
   2228.77808       9.26938519E-05
   2250.00000       5.53662321E-05
   2271.22192       4.06360778E-05
   2316.39380       2.24220894E-05
   2375.00000       1.04605951E-05
   2433.60620       4.36988557E-06
   2478.77808       1.76711956E-06
   2500.00000       9.50866820E-07
   2521.22192       6.62130105E-07
   2566.39380       3.32947991E-07
   2625.00000       1.39950558E-07
   2683.60620       5.25345278E-08
   2728.77808       1.90842524E-08
   2750.00000       9.22550036E-09
   2771.22192       6.08647976E-09
   2816.39380       2.78012546E-09
   2875.00000       1.04677877E-09
   2933.60620       3.40607847E-10
   2978.77808       8.45940124E-11
   3000.00000       2.02552700E-14
