   0.00000000       9.99978828    
   21.2220135       9.83166027    
   66.3938980       9.47367001    
   125.000000       9.01040649    
   183.606094       8.54930687    
   228.777985       8.19632339    
   250.000000       8.03175163    
   271.222015       7.87079811    
   316.393890       7.53149509    
   375.000000       7.09661722    
   433.606110       6.66789389    
   478.777985       6.34282207    
   500.000000       6.19258499    
   521.221985       6.04902172    
   566.393921       5.74919367    
   625.000000       5.36886263    
   683.606079       4.99776125    
   728.778015       4.71927738    
   750.000000       4.59179020    
   771.221985       4.47308397    
   816.393921       4.22781610    
   875.000000       3.92041850    
   933.606079       3.62410402    
   978.778015       3.40447378    
   1000.00000       3.30508351    
   1021.22198       3.21550822    
   1066.39392       3.03301382    
   1125.00000       2.80796027    
   1183.60608       2.59463167    
   1228.77795       2.43926740    
   1250.00000       2.37014008    
   1271.22205       2.31091499    
   1316.39392       2.19302559    
   1375.00000       2.05165076    
   1433.60608       1.92167282    
   1478.77795       1.83016264    
   1500.00000       1.79082692    
   1521.22205       1.69581509    
   1566.39392       1.38826823    
   1625.00000       1.08565664    
   1683.60608      0.798921525    
   1728.77795      0.617598593    
   1750.00000      0.538800001    
   1771.22205      0.484989077    
   1816.39392      0.388309062    
   1875.00000      0.284933865    
   1933.60608      0.199231356    
   1978.77795      0.143782601    
   2000.00000      0.121383622    
   2021.22205      0.107057907    
   2066.39380       8.24813023E-02
   2125.00000       5.75811490E-02
   2183.60620       3.79269570E-02
   2228.77808       2.56983992E-02
   2250.00000       2.08888911E-02
   2271.22192       1.80403423E-02
   2316.39380       1.33697754E-02
   2375.00000       8.88856500E-03
   2433.60620       5.52566163E-03
   2478.77808       3.51532083E-03
   2500.00000       2.74486025E-03
   2521.22192       2.31980393E-03
   2566.39380       1.65292644E-03
   2625.00000       1.04702380E-03
   2683.60620       6.15073484E-04
   2728.77808       3.67058354E-04
   2750.00000       2.74277438E-04
   2771.22192       2.25937649E-04
   2816.39380       1.52541863E-04
   2875.00000       8.77369748E-05
   2933.60620       4.12227200E-05
   2978.77808       1.24176559E-05
   3000.00000       3.09094195E-09
