   0.00000000       9.99976921    
   21.2220135       9.81632614    
   66.3938980       9.42577839    
   125.000000       8.92056656    
   183.606094       8.41804981    
   228.777985       8.03372955    
   250.000000       7.85474157    
   271.222015       7.68024206    
   316.393890       7.31288958    
   375.000000       6.84286594    
   433.606110       6.38040209    
   478.777985       6.03052235    
   500.000000       5.86917353    
   521.221985       5.71594143    
   566.393921       5.39675140    
   625.000000       4.99308300    
   683.606079       4.60046148    
   728.778015       4.30681276    
   750.000000       4.17281008    
   771.221985       4.04914999    
   816.393921       3.79461670    
   875.000000       3.47698164    
   933.606079       3.17213798    
   978.778015       2.94719005    
   1000.00000       2.84581566    
   1021.22198       2.75553727    
   1066.39392       2.57256866    
   1125.00000       2.34827042    
   1183.60608       2.13693762    
   1228.77795       1.98397052    
   1250.00000       1.91630471    
   1271.22205       1.85935092    
   1316.39392       1.74692535    
   1375.00000       1.61345088    
   1433.60608       1.49206722    
   1478.77795       1.40763211    
   1500.00000       1.37178719    
   1521.22205       1.28949451    
   1566.39392       1.02737844    
   1625.00000      0.778155148    
   1683.60608      0.546752751    
   1728.77795      0.404678494    
   1750.00000      0.343712479    
   1771.22205      0.304527313    
   1816.39392      0.236384839    
   1875.00000      0.166312724    
   1933.60608      0.110320948    
   1978.77795       7.51852542E-02
   2000.00000       6.13014922E-02
   2021.22205       5.29978499E-02
   2066.39380       3.93151082E-02
   2125.00000       2.61235312E-02
   2183.60620       1.61930304E-02
   2228.77808       1.02485688E-02
   2250.00000       7.97045697E-03
   2271.22192       6.71797479E-03
   2316.39380       4.75919712E-03
   2375.00000       2.98906933E-03
   2433.60620       1.73575105E-03
   2478.77808       1.02121674E-03
   2500.00000       7.55509594E-04
   2521.22192       6.20318518E-04
   2566.39380       4.19318065E-04
   2625.00000       2.49016390E-04
   2683.60620       1.35730006E-04
   2728.77808       7.43089258E-05
   2750.00000       5.21348702E-05
   2771.22192       4.15930881E-05
   2816.39380       2.65826020E-05
   2875.00000       1.44427977E-05
   2933.60620       6.48972946E-06
   2978.77808       1.91145136E-06
   3000.00000       4.73984296E-10
