   0.00000000       9.99979687    
   21.2220135       9.83822346    
   66.3938980       9.49417400    
   125.000000       9.04889011    
   183.606094       8.60557747    
   228.777985       8.26608849    
   250.000000       8.10774517    
   271.222015       7.95270014    
   316.393890       7.62568665    
   375.000000       7.20629215    
   433.606110       6.79253101    
   478.777985       6.47854424    
   500.000000       6.33331013    
   521.221985       6.19420719    
   566.393921       5.90340996    
   625.000000       5.53411674    
   683.606079       5.17335033    
   728.778015       4.90227699    
   750.000000       4.77803087    
   771.221985       4.66194534    
   816.393921       4.42174339    
   875.000000       4.12019491    
   933.606079       3.82902265    
   978.778015       3.61282420    
   1000.00000       3.51482487    
   1021.22198       3.42608237    
   1066.39392       3.24490857    
   1125.00000       3.02095056    
   1183.60608       2.80813789    
   1228.77795       2.65275383    
   1250.00000       2.58344913    
   1271.22205       2.52363110    
   1316.39392       2.40414810    
   1375.00000       2.26026368    
   1433.60608       2.12737560    
   1478.77795       2.03334355    
   1500.00000       1.99271345    
   1521.22205       1.89255261    
   1566.39392       1.56629610    
   1625.00000       1.24102592    
   1683.60608      0.930360198    
   1728.77795      0.731644034    
   1750.00000      0.644815981    
   1771.22205      0.584045172    
   1816.39392      0.473451197    
   1875.00000      0.353400439    
   1933.60608      0.252453566    
   1978.77795      0.186358884    
   2000.00000      0.159419417    
   2021.22205      0.141706154    
   2066.39380      0.110828161    
   2125.00000       7.89341256E-02
   2183.60620       5.32971732E-02
   2228.77808       3.71065587E-02
   2250.00000       3.06720659E-02
   2271.22192       2.67413612E-02
   2316.39380       2.01734789E-02
   2375.00000       1.37225939E-02
   2433.60620       8.77203606E-03
   2478.77808       5.75834140E-03
   2500.00000       4.58942121E-03
   2521.22192       3.92239448E-03
   2566.39380       2.85300100E-03
   2625.00000       1.85429316E-03
   2683.60620       1.12296571E-03
   2728.77808       6.93703711E-04
   2750.00000       5.30821912E-04
   2771.22192       4.42569697E-04
   2816.39380       3.04971356E-04
   2875.00000       1.79107839E-04
   2933.60620       8.55063918E-05
   2978.77808       2.59625285E-05
   3000.00000       6.47097753E-09
