   0.00000000       9.99975777    
   21.2220135       9.80717754    
   66.3938980       9.39721203    
   125.000000       8.86701679    
   183.606094       8.33988857    
   228.777985       7.93701220    
   250.000000       7.74952126    
   271.222015       7.56712961    
   316.393890       7.18352699    
   375.000000       6.69328928    
   433.606110       6.21158314    
   478.777985       5.84769678    
   500.000000       5.68013906    
   521.221985       5.52168179    
   566.393921       5.19219685    
   625.000000       4.77637005    
   683.606079       4.37279749    
   728.778015       4.07163954    
   750.000000       3.93450403    
   771.221985       3.80871511    
   816.393921       3.55046582    
   875.000000       3.22912908    
   933.606079       2.92163038    
   978.778015       2.69538546    
   1000.00000       2.59370160    
   1021.22198       2.50384808    
   1066.39392       2.32235956    
   1125.00000       2.10072970    
   1183.60608       1.89270949    
   1228.77795       1.74271441    
   1250.00000       1.67659879    
   1271.22205       1.62155080    
   1316.39392       1.51344645    
   1375.00000       1.38589251    
   1433.60608       1.27066088    
   1478.77795       1.19108760    
   1500.00000       1.15756083    
   1521.22205       1.08301902    
   1566.39392      0.848080099    
   1625.00000      0.629742205    
   1683.60608      0.429686755    
   1728.77795      0.309245825    
   1750.00000      0.257941246    
   1771.22205      0.226190910    
   1816.39392      0.172130078    
   1875.00000      0.117951520    
   1933.60608       7.57091716E-02
   1978.77795       4.97304015E-02
   2000.00000       3.96069027E-02
   2021.22205       3.37963030E-02
   2066.39380       2.44653225E-02
   2125.00000       1.57570094E-02
   2183.60620       9.40501783E-03
   2228.77808       5.69929741E-03
   2250.00000       4.30251984E-03
   2271.22192       3.56870168E-03
   2316.39380       2.45502475E-03
   2375.00000       1.48706115E-03
   2433.60620       8.27655080E-04
   2478.77808       4.63489647E-04
   2500.00000       3.30695475E-04
   2521.22192       2.66383955E-04
   2566.39380       1.73961613E-04
   2625.00000       9.91128691E-05
   2683.60620       5.15443971E-05
   2728.77808       2.67265623E-05
   2750.00000       1.79715043E-05
   2771.22192       1.40311377E-05
   2816.39380       8.63818514E-06
   2875.00000       4.51126607E-06
   2933.60620       1.96349924E-06
   2978.77808       5.68959251E-07
   3000.00000       1.40686685E-10
