   0.00000000       9.99977970    
   21.2220135       9.82441425    
   66.3938980       9.45103741    
   125.000000       8.96794033    
   183.606094       8.48724461    
   228.777985       8.11941814    
   250.000000       7.94800997    
   271.222015       7.78060770    
   316.393890       7.42792892    
   375.000000       6.97625446    
   433.606110       6.53136444    
   478.777985       6.19437122    
   500.000000       6.03877735    
   521.221985       5.89050817    
   566.393921       5.58121347    
   625.000000       5.18940878    
   683.606079       4.80766058    
   728.778015       4.52162075    
   750.000000       4.39086294    
   771.221985       4.26960468    
   816.393921       4.01949453    
   875.000000       3.70664215    
   933.606079       3.40567112    
   978.778015       3.18304396    
   1000.00000       3.08248973    
   1021.22198       2.99236178    
   1066.39392       2.80918074    
   1125.00000       2.58389974    
   1183.60608       2.37095189    
   1228.77795       2.21630931    
   1250.00000       2.14769077    
   1271.22205       2.08938766    
   1316.39392       1.97378552    
   1375.00000       1.83580315    
   1433.60608       1.70959091    
   1478.77795       1.62123346    
   1500.00000       1.58347440    
   1521.22205       1.49438751    
   1566.39392       1.20813715    
   1625.00000      0.930830121    
   1683.60608      0.670502067    
   1728.77795      0.508077502    
   1750.00000      0.437914312    
   1771.22205      0.391329616    
   1816.39392      0.308876216    
   1875.00000      0.222267359    
   1933.60608      0.151657060    
   1978.77795      0.106605940    
   2000.00000       8.85922611E-02
   2021.22205       7.74266049E-02
   2066.39380       5.86233735E-02
   2125.00000       3.99996936E-02
   2183.60620       2.56128237E-02
   2228.77808       1.68174617E-02
   2250.00000       1.33994007E-02
   2271.22192       1.14442995E-02
   2316.39380       8.30786116E-03
   2375.00000       5.37996134E-03
   2433.60620       3.24010081E-03
   2478.77808       1.98811968E-03
   2500.00000       1.51490455E-03
   2521.22192       1.26355200E-03
   2566.39380       8.78888241E-04
   2625.00000       5.40420646E-04
   2683.60620       3.06623959E-04
   2728.77808       1.75832989E-04
   2750.00000       1.27698993E-04
   2771.22192       1.03682469E-04
   2816.39380       6.82945320E-05
   2875.00000       3.82930048E-05
   2933.60620       1.76397498E-05
   2978.77808       5.26131225E-06
   3000.00000       1.30744693E-09
