   0.00000000       9.99981117    
   21.2220135       9.84974861    
   66.3938980       9.53018570    
   125.000000       9.11650562    
   183.606094       8.70449924    
   228.777985       8.38880730    
   250.000000       8.24147129    
   271.222015       8.09694099    
   316.393890       7.79185915    
   375.000000       7.40020323    
   433.606110       7.01336384    
   478.777985       6.71942377    
   500.000000       6.58328533    
   521.221985       6.45241880    
   566.393921       6.17842007    
   625.000000       5.82983303    
   683.606079       5.48864222    
   728.778015       5.23175144    
   750.000000       5.11377478    
   771.221985       5.00293732    
   816.393921       4.77305698    
   875.000000       4.48368979    
   933.606079       4.20349884    
   978.778015       3.99484921    
   1000.00000       3.90001011    
   1021.22198       3.81344700    
   1066.39392       3.63611197    
   1125.00000       3.41602182    
   1183.60608       3.20601344    
   1228.77795       3.05200720    
   1250.00000       2.98302746    
   1271.22205       2.92272902    
   1316.39392       2.80157471    
   1375.00000       2.65463781    
   1433.60608       2.51787353    
   1478.77795       2.42026281    
   1500.00000       2.37771320    
   1521.22205       2.26923227    
   1566.39392       1.91227853    
   1625.00000       1.54885697    
   1683.60608       1.19723952    
   1728.77795      0.968135297    
   1750.00000      0.867081761    
   1771.22205      0.793401301    
   1816.39392      0.656498253    
   1875.00000      0.504252553    
   1933.60608      0.373300672    
   1978.77795      0.285885900    
   2000.00000      0.249718875    
   2021.22205      0.224802613    
   2066.39380      0.180220097    
   2125.00000      0.132720307    
   2183.60620       9.34139118E-02
   2228.77808       6.79871961E-02
   2250.00000       5.77051789E-02
   2271.22192       5.10854870E-02
   2316.39380       3.96758504E-02
   2375.00000       2.80380119E-02
   2433.60620       1.87822543E-02
   2478.77808       1.29815536E-02
   2500.00000       1.06865847E-02
   2521.22192       9.29928385E-03
   2566.39380       6.99410774E-03
   2625.00000       4.74289805E-03
   2683.60620       3.02184373E-03
   2728.77808       1.97521504E-03
   2750.00000       1.56852871E-03
   2771.22192       1.33252970E-03
   2816.39380       9.47682420E-04
   2875.00000       5.74547681E-04
   2933.60620       2.80926091E-04
   2978.77808       8.63083260E-05
   3000.00000       2.15533422E-08
