   0.00000000       9.99980450    
   21.2220135       9.84422302    
   66.3938980       9.51291943    
   125.000000       9.08408260    
   183.606094       8.65705585    
   228.777985       8.32993984    
   250.000000       8.17731571    
   271.222015       8.02772331    
   316.393890       7.71207523    
   375.000000       7.30703926    
   433.606110       6.90719652    
   478.777985       6.60355854    
   500.000000       6.46301365    
   521.221985       6.32813787    
   566.393921       6.04594564    
   625.000000       5.68723392    
   683.606079       5.33644533    
   728.778015       5.07257986    
   750.000000       4.95151091    
   771.221985       4.83806038    
   816.393921       4.60301685    
   875.000000       4.30752230    
   933.606079       4.02177191    
   978.778015       3.80927253    
   1000.00000       3.71280932    
   1021.22198       3.62509179    
   1066.39392       3.44568372    
   1125.00000       3.22343993    
   1183.60608       3.01179409    
   1228.77795       2.85690832    
   1250.00000       2.78767347    
   1271.22205       2.72751641    
   1316.39392       2.60698390    
   1375.00000       2.46129227    
   1433.60608       2.32618546    
   1478.77795       2.23014998    
   1500.00000       2.18846130    
   1521.22205       2.08383822    
   1566.39392       1.74119699    
   1625.00000       1.39572656    
   1683.60608       1.06348658    
   1728.77795      0.848863542    
   1750.00000      0.754621387    
   1771.22205      0.687216043    
   1816.39392      0.563179612    
   1875.00000      0.426782042    
   1933.60608      0.310689270    
   1978.77795      0.233889848    
   2000.00000      0.202338472    
   2021.22205      0.181075647    
   2066.39380      0.143491045    
   2125.00000      0.104020000    
   2183.60620       7.17945620E-02
   2228.77808       5.11801876E-02
   2250.00000       4.29120287E-02
   2271.22192       3.77195776E-02
   2316.39380       2.88990065E-02
   2375.00000       2.00587995E-02
   2433.60620       1.31434910E-02
   2478.77808       8.86770524E-03
   2500.00000       7.19173951E-03
   2521.22192       6.20596483E-03
   2566.39380       4.59525501E-03
   2625.00000       3.05471919E-03
   2683.60620       1.90032844E-03
   2728.77808       1.20979338E-03
   2750.00000       9.44466621E-04
   2771.22192       7.95475207E-04
   2816.39380       5.57614490E-04
   2875.00000       3.33198113E-04
   2933.60620       1.61161865E-04
   2978.77808       4.92507679E-05
   3000.00000       1.22884520E-08
