   0.00000000       9.99982357    
   21.2220135       9.85964012    
   66.3938980       9.56109715    
   125.000000       9.17456722    
   183.606094       8.78949070    
   228.777985       8.49430943    
   250.000000       8.35648060    
   271.222015       8.22109032    
   316.393890       7.93513250    
   375.000000       7.56775141    
   433.606110       7.20457268    
   478.777985       6.92833710    
   500.000000       6.80027199    
   521.221985       6.67682362    
   566.393921       6.41805410    
   625.000000       6.08838844    
   683.606079       5.76523829    
   728.778015       5.52154255    
   750.000000       5.40945339    
   771.221985       5.30369043    
   816.393921       5.08393240    
   875.000000       4.80671930    
   933.606079       4.53769922    
   978.778015       4.33689690    
   1000.00000       4.24541998    
   1021.22198       4.16138649    
   1066.39392       3.98875046    
   1125.00000       3.77379298    
   1183.60608       3.56797743    
   1228.77795       3.41649628    
   1250.00000       3.34840775    
   1271.22205       3.28825498    
   1316.39392       3.16680479    
   1375.00000       3.01864457    
   1433.60608       2.87985826    
   1478.77795       2.78010130    
   1500.00000       2.73630261    
   1521.22205       2.62163162    
   1566.39392       2.24135542    
   1625.00000       1.84794331    
   1683.60608       1.46345854    
   1728.77795       1.20932448    
   1750.00000       1.09634781    
   1771.22205       1.01124537    
   1816.39392      0.850559354    
   1875.00000      0.668533504    
   1933.60608      0.509229183    
   1978.77795      0.401271641    
   2000.00000      0.356061935    
   2021.22205      0.323718607    
   2066.39380      0.264659256    
   2125.00000      0.200222865    
   2183.60620      0.145707592    
   2228.77808      0.109781250    
   2250.00000       9.50491205E-02
   2271.22192       8.51489753E-02
   2316.39380       6.76646233E-02
   2375.00000       4.93048131E-02
   2433.60620       3.43005396E-02
   2478.77808       2.46848371E-02
   2500.00000       2.08196025E-02
   2521.22192       1.83692873E-02
   2566.39380       1.41805895E-02
   2625.00000       9.94530600E-03
   2683.60620       6.59828680E-03
   2728.77808       4.50605853E-03
   2750.00000       3.67714884E-03
   2771.22192       3.16715590E-03
   2816.39380       2.30463501E-03
   2875.00000       1.42932637E-03
   2933.60620       7.10693188E-04
   2978.77808       2.20137023E-04
   3000.00000       5.50467369E-08
