   0.00000000       9.99982929    
   21.2220135       9.86410236    
   66.3938980       9.57504559    
   125.000000       9.20077229    
   183.606094       8.82786083    
   228.777985       8.54195404    
   250.000000       8.40843105    
   271.222015       8.27719402    
   316.393890       7.99993944    
   375.000000       7.64362812    
   433.606110       7.29126406    
   478.777985       7.02314186    
   500.000000       6.89878654    
   521.221985       6.77877378    
   566.393921       6.52708101    
   625.000000       6.20624447    
   683.606079       5.89155054    
   728.778015       5.65406990    
   750.000000       5.54476643    
   771.221985       5.44144106    
   816.393921       5.22657871    
   875.000000       4.95529318    
   933.606079       4.69177103    
   978.778015       4.49487066    
   1000.00000       4.40508270    
   1021.22198       4.32236814    
   1066.39392       4.15223360    
   1125.00000       3.94008780    
   1183.60608       3.73665667    
   1228.77795       3.58668900    
   1250.00000       3.51917505    
   1271.22205       3.45925021    
   1316.39392       3.33800173    
   1375.00000       3.18970847    
   1433.60608       3.05040884    
   1478.77795       2.94997382    
   1500.00000       2.90573931    
   1521.22205       2.78861332    
   1566.39392       2.39892626    
   1625.00000       1.99308443    
   1683.60608       1.59476268    
   1728.77795       1.32988942    
   1750.00000       1.21173239    
   1771.22205       1.12148082    
   1816.39392      0.949921966    
   1875.00000      0.754079521    
   1933.60608      0.581439435    
   1978.77795      0.463695616    
   2000.00000      0.414129555    
   2021.22205      0.378088534    
   2066.39380      0.311712623    
   2125.00000      0.238573790    
   2183.60620      0.176123515    
   2228.77808      0.134644896    
   2250.00000      0.117533132    
   2271.22192      0.105817966    
   2316.39380       8.49142596E-02
   2375.00000       6.26960769E-02
   2433.60620       4.43323143E-02
   2478.77808       3.24529037E-02
   2500.00000       2.76448671E-02
   2521.22192       2.45327260E-02
   2566.39380       1.91479120E-02
   2625.00000       1.36229349E-02
   2683.60620       9.19557177E-03
   2728.77808       6.39553880E-03
   2750.00000       5.27671026E-03
   2771.22192       4.57008509E-03
   2816.39380       3.35607585E-03
   2875.00000       2.10022298E-03
   2933.60620       1.05115748E-03
   2978.77808       3.26632930E-04
   3000.00000       8.17186958E-08
