   0.00000000       9.99981785    
   21.2220135       9.85486889    
   66.3938980       9.54618835    
   125.000000       9.14656258    
   183.606094       8.74849224    
   228.777985       8.44340992    
   250.000000       8.30099010    
   271.222015       8.16117954    
   316.393890       7.86596775    
   375.000000       7.48683167    
   433.606110       7.11218500    
   478.777985       6.82735920    
   500.000000       6.69537354    
   521.221985       6.56831121    
   566.393921       6.30211306    
   625.000000       5.96320343    
   683.606079       5.63122416    
   728.778015       5.38105869    
   750.000000       5.26607752    
   771.221985       5.15780735    
   816.393921       4.93303537    
   875.000000       4.64978170    
   933.606079       4.37519026    
   978.778015       4.17045832    
   1000.00000       4.07729053    
   1021.22198       3.99196649    
   1066.39392       3.81691289    
   1125.00000       3.59928370    
   1183.60608       3.39125156    
   1228.77795       3.23840523    
   1250.00000       3.16981936    
   1271.22205       3.10953355    
   1316.39392       2.98809648    
   1375.00000       2.84036541    
   1433.60608       2.70240211    
   1478.77795       2.60357070    
   1500.00000       2.56032634    
   1521.22205       2.44851804    
   1566.39392       2.07908988    
   1625.00000       1.69975519    
   1683.60608       1.33078170    
   1728.77795       1.08853853    
   1750.00000      0.981251001    
   1771.22205      0.901670456    
   1816.39392      0.752539933    
   1875.00000      0.585060239    
   1933.60608      0.439672828    
   1978.77795      0.341844529    
   2000.00000      0.301111192    
   2021.22205      0.272487521    
   2066.39380      0.220717400    
   2125.00000      0.164859295    
   2183.60620      0.118089072    
   2228.77808       8.75349566E-02
   2250.00000       7.50885755E-02
   2271.22192       6.68933690E-02
   2316.39380       5.25851771E-02
   2375.00000       3.77639793E-02
   2433.60620       2.58047972E-02
   2478.77808       1.82205401E-02
   2500.00000       1.51947821E-02
   2521.22192       1.33196898E-02
   2566.39380       1.01570226E-02
   2625.00000       7.01104803E-03
   2683.60620       4.56328969E-03
   2728.77808       3.05290939E-03
   2750.00000       2.46003806E-03
   2771.22192       2.10539345E-03
   2816.39380       1.51589874E-03
   2875.00000       9.30374139E-04
   2933.60620       4.59059316E-04
   2978.77808       1.41662880E-04
   3000.00000       3.54022980E-08
