   0.00000000       9.99983978    
   21.2220135       9.87223816    
   66.3938980       9.60047436    
   125.000000       9.24855328    
   183.606094       8.89784050    
   228.777985       8.62887192    
   250.000000       8.50321674    
   271.222015       8.37959099    
   316.393890       8.11830235    
   375.000000       7.78232861    
   433.606110       7.44986629    
   478.777985       7.19670391    
   500.000000       7.07920170    
   521.221985       6.96557140    
   566.393921       6.72705984    
   625.000000       6.42271566    
   683.606079       6.12386751    
   728.778015       5.89807367    
   750.000000       5.79402828    
   771.221985       5.69535065    
   816.393921       5.48986864    
   875.000000       5.23000669    
   933.606079       4.97714710    
   978.778015       4.78786850    
   1000.00000       4.70140362    
   1021.22198       4.62134838    
   1066.39392       4.45632315    
   1125.00000       4.25002241    
   1183.60608       4.05165958    
   1228.77795       3.90500331    
   1250.00000       3.83879375    
   1271.22205       3.77953243    
   1316.39392       3.65917063    
   1375.00000       3.51129127    
   1433.60608       3.37169075    
   1478.77795       3.27048898    
   1500.00000       3.22567177    
   1521.22205       3.10466552    
   1566.39392       2.69982028    
   1625.00000       2.27339196    
   1683.60608       1.85179400    
   1728.77795       1.56852150    
   1750.00000       1.44138360    
   1771.22205       1.34190214    
   1816.39392       1.15061641    
   1875.00000      0.929385602    
   1933.60608      0.731948435    
   1978.77795      0.595803440    
   2000.00000      0.537964582    
   2021.22205      0.494697839    
   2066.39380      0.413842350    
   2125.00000      0.323240221    
   2183.60620      0.244659409    
   2228.77808      0.191761538    
   2250.00000      0.169706985    
   2271.22192      0.154106572    
   2316.39380      0.125774488    
   2375.00000       9.50333029E-02
   2433.60620       6.91331327E-02
   2478.77808       5.21072112E-02
   2500.00000       4.51325960E-02
   2521.22192       4.04481553E-02
   2566.39380       3.21710818E-02
   2625.00000       2.34624669E-02
   2683.60620       1.63155887E-02
   2728.77808       1.17032174E-02
   2750.00000       9.83193796E-03
   2771.22192       8.59297346E-03
   2816.39380       6.40530232E-03
   2875.00000       4.06722352E-03
   2933.60620       2.05722451E-03
   2978.77808       6.42513914E-04
   3000.00000       1.60878926E-07
