   0.00000000       9.99984837    
   21.2220135       9.87948799    
   66.3938980       9.62313747    
   125.000000       9.29114246    
   183.606094       8.96022987    
   228.777985       8.70638180    
   250.000000       8.58775616    
   271.222015       8.47094917    
   316.393890       8.22398281    
   375.000000       7.90627718    
   433.606110       7.59172344    
   478.777985       7.35204983    
   500.000000       7.24073887    
   521.221985       7.13290834    
   566.393921       6.90640450    
   625.000000       6.61712980    
   683.606079       6.33280849    
   728.778015       6.11776733    
   750.000000       6.01857615    
   771.221985       5.92423582    
   816.393921       5.72754955    
   875.000000       5.47846174    
   933.606079       5.23572350    
   978.778015       5.05373001    
   1000.00000       4.97046423    
   1021.22198       4.89303017    
   1066.39392       4.73310471    
   1125.00000       4.53273249    
   1183.60608       4.33961105    
   1228.77795       4.19646692    
   1250.00000       4.13168240    
   1271.22205       4.07327127    
   1316.39392       3.95424581    
   1375.00000       3.80743384    
   1433.60608       3.66824961    
   1478.77795       3.56687760    
   1500.00000       3.52177477    
   1521.22205       3.39799929    
   1566.39392       2.98198891    
   1625.00000       2.53971910    
   1683.60608       2.09979415    
   1728.77795       1.80165422    
   1750.00000       1.66714168    
   1771.22205       1.55974627    
   1816.39392       1.35128891    
   1875.00000       1.10761297    
   1933.60608      0.887935162    
   1978.77795      0.735059917    
   2000.00000      0.669607878    
   2021.22205      0.619461417    
   2066.39380      0.524616778    
   2125.00000      0.416872531    
   2183.60620      0.322221130    
   2228.77808      0.257790983    
   2250.00000      0.230685949    
   2271.22192      0.210973918    
   2316.39380      0.174648449    
   2375.00000      0.134563357    
   2433.60620      0.100256696    
   2478.77808       7.74018690E-02
   2500.00000       6.79423660E-02
   2521.22192       6.13833703E-02
   2566.39380       4.95886393E-02
   2625.00000       3.69176567E-02
   2683.60620       2.63113398E-02
   2728.77808       1.93485636E-02
   2750.00000       1.64859518E-02
   2771.22192       1.45107806E-02
   2816.39380       1.09423660E-02
   2875.00000       7.02625420E-03
   2933.60620       3.58254230E-03
   2978.77808       1.12321530E-03
   3000.00000       2.81414913E-07
