   0.00000000       9.99983406    
   21.2220135       9.86829281    
   66.3938980       9.58814144    
   125.000000       9.22537804    
   183.606094       8.86389637    
   228.777985       8.58670902    
   250.000000       8.45723438    
   271.222015       8.32991123    
   316.393890       8.06086540    
   375.000000       7.71500397    
   433.606110       7.37286139    
   478.777985       7.11241817    
   500.000000       6.99157906    
   521.221985       6.87483501    
   566.393921       6.62988901    
   625.000000       6.31748629    
   683.606079       6.01088762    
   728.778015       5.77937174    
   750.000000       5.67274952    
   771.221985       5.57178688    
   816.393921       5.36168575    
   875.000000       5.09618902    
   933.606079       4.83806038    
   978.778015       4.64500761    
   1000.00000       4.55689383    
   1021.22198       4.47550917    
   1066.39392       4.30792093    
   1125.00000       4.09867382    
   1183.60608       3.89774036    
   1228.77795       3.74939179    
   1250.00000       3.68250942    
   1271.22205       3.62288713    
   1316.39392       3.50201273    
   1375.00000       3.35382771    
   1433.60608       3.21427107    
   1478.77795       3.11336517    
   1500.00000       3.06879616    
   1521.22205       2.94957304    
   1566.39392       2.55174518    
   1625.00000       2.13494968    
   1683.60608       1.72430575    
   1728.77795       1.44974983    
   1750.00000       1.32688451    
   1771.22205       1.23184490    
   1816.39392       1.05009127    
   1875.00000      0.841180146    
   1933.60608      0.655822873    
   1978.77795      0.528675079    
   2000.00000      0.474894404    
   2021.22205      0.435205042    
   2066.39380      0.361547023    
   2125.00000      0.279663384    
   2183.60620      0.209168285    
   2228.77808      0.162015438    
   2250.00000      0.142455354    
   2271.22192      0.128834069    
   2316.39380      0.104302958    
   2375.00000       7.79447258E-02
   2433.60620       5.59380502E-02
   2478.77808       4.15815972E-02
   2500.00000       3.57344151E-02
   2521.22192       3.18763182E-02
   2566.39380       2.51271613E-02
   2625.00000       1.81104355E-02
   2683.60620       1.24169011E-02
   2728.77808       8.77779536E-03
   2750.00000       7.31217396E-03
   2771.22192       6.36365684E-03
   2816.39380       4.71057510E-03
   2875.00000       2.97089689E-03
   2933.60620       1.49535446E-03
   2978.77808       4.65930440E-04
   3000.00000       1.16620065E-07
