   0.00000000       9.99985313    
   21.2220135       9.88282967    
   66.3938980       9.63358212    
   125.000000       9.31077385    
   183.606094       8.98899174    
   228.777985       8.74212074    
   250.000000       8.62673950    
   271.222015       8.51308537    
   316.393890       8.27274513    
   375.000000       7.96349907    
   433.606110       7.65724659    
   478.777985       7.42383242    
   500.000000       7.31539822    
   521.221985       7.21027184    
   566.393921       6.98937464    
   625.000000       6.70714855    
   683.606079       6.42963552    
   728.778015       6.21964407    
   750.000000       6.12273788    
   771.221985       6.03045130    
   816.393921       5.83794212    
   875.000000       5.59398890    
   933.606079       5.35609198    
   978.778015       5.17759705    
   1000.00000       5.09587431    
   1021.22198       5.01972198    
   1066.39392       4.86230659    
   1125.00000       4.66487789    
   1183.60608       4.47438765    
   1228.77795       4.33302879    
   1250.00000       4.26898003    
   1271.22205       4.21103954    
   1316.39392       4.09279871    
   1375.00000       3.94669604    
   1433.60608       3.80791855    
   1478.77795       3.70663095    
   1500.00000       3.66147161    
   1521.22205       3.53664899    
   1566.39392       3.11627889    
   1625.00000       2.66756606    
   1683.60608       2.22003818    
   1728.77795       1.91559768    
   1750.00000       1.77791977    
   1771.22205       1.66701543    
   1816.39392       1.45086205    
   1875.00000       1.19701600    
   1933.60608      0.967158437    
   1978.77795      0.806552470    
   2000.00000      0.737552702    
   2021.22205      0.684125245    
   2066.39380      0.582544446    
   2125.00000      0.466459274    
   2183.60620      0.363911480    
   2228.77808      0.293763310    
   2250.00000      0.264134228    
   2271.22192      0.242318794    
   2316.39380      0.201859623    
   2375.00000      0.156884134    
   2433.60620      0.118128151    
   2478.77808       9.21571106E-02
   2500.00000       8.13578442E-02
   2521.22192       7.37616196E-02
   2566.39380       5.99951074E-02
   2625.00000       4.50698212E-02
   2683.60620       3.24673764E-02
   2728.77808       2.41311267E-02
   2750.00000       2.06830967E-02
   2771.22192       1.82590857E-02
   2816.39380       1.38355047E-02
   2875.00000       8.92525632E-03
   2933.60620       4.56588110E-03
   2978.77808       1.43378135E-03
   3000.00000       3.59316118E-07
