   0.00000000       9.99984455    
   21.2220135       9.87596321    
   66.3938980       9.61211872    
   125.000000       9.27043533    
   183.606094       8.92989445    
   228.777985       8.66869259    
   250.000000       8.54664707    
   271.222015       8.42652130    
   316.393890       8.17258167    
   375.000000       7.84597921    
   433.606110       7.52270031    
   478.777985       7.27645206    
   500.000000       7.16212177    
   521.221985       7.05145979    
   566.393921       6.81908989    
   625.000000       6.52244854    
   683.606079       6.23102093    
   728.778015       6.01071548    
   750.000000       5.90914583    
   771.221985       5.81267548    
   816.393921       5.61166525    
   875.000000       5.35727406    
   933.606079       5.10954714    
   978.778015       4.92395782    
   1000.00000       4.83911037    
   1021.22198       4.76037407    
   1066.39392       4.59790802    
   1125.00000       4.39457273    
   1183.60608       4.19882154    
   1228.77795       4.05390644    
   1250.00000       3.98839951    
   1271.22205       3.92954540    
   1316.39392       3.80980706    
   1375.00000       3.66239500    
   1433.60608       3.52292848    
   1478.77795       3.42157865    
   1500.00000       3.37658691    
   1521.22205       3.25407434    
   1566.39392       2.84320569    
   1625.00000       2.40832734    
   1683.60608       1.97700942    
   1728.77795       1.68590164    
   1750.00000       1.55489218    
   1771.22205       1.45129824    
   1816.39392       1.25112033    
   1875.00000       1.01830769    
   1933.60608      0.809432268    
   1978.77795      0.664709985    
   2000.00000      0.602978945    
   2021.22205      0.556222379    
   2066.39380      0.468294203    
   2125.00000      0.369056553    
   2183.60620      0.282407433    
   2228.77808      0.223737910    
   2250.00000      0.199162647    
   2271.22192      0.181526870    
   2316.39380      0.149253115    
   2375.00000      0.113924168    
   2433.60620       8.39131474E-02
   2478.77808       6.40471429E-02
   2500.00000       5.58654591E-02
   2521.22192       5.02789505E-02
   2566.39380       4.03172113E-02
   2625.00000       2.97214407E-02
   2683.60620       2.09356323E-02
   2728.77808       1.52150169E-02
   2750.00000       1.28781507E-02
   2771.22192       1.12975957E-02
   2816.39380       8.47321562E-03
   2875.00000       5.41236717E-03
   2933.60620       2.74932757E-03
   2978.77808       8.60435306E-04
   3000.00000       2.15515044E-07
