   0.00000000       9.99987125    
   21.2220135       9.89724541    
   66.3938980       9.67865086    
   125.000000       9.39548874    
   183.606094       9.11313152    
   228.777985       8.89640141    
   250.000000       8.79505253    
   271.222015       8.69505978    
   316.393890       8.48346138    
   375.000000       8.21095562    
   433.606110       7.94080877    
   478.777985       7.73466539    
   500.000000       7.63878489    
   521.221985       7.54551554    
   566.393921       7.34925508    
   625.000000       7.09808111    
   683.606079       6.85064268    
   728.778015       6.66302776    
   750.000000       6.57627535    
   771.221985       6.49319983    
   816.393921       6.31949854    
   875.000000       6.09877396    
   933.606079       5.88289499    
   978.778015       5.72040749    
   1000.00000       5.64578581    
   1021.22198       5.57564497    
   1066.39392       5.43011665    
   1125.00000       5.24680042    
   1183.60608       5.06910324    
   1228.77795       4.93657923    
   1250.00000       4.87624216    
   1271.22205       4.82088614    
   1316.39392       4.70721340    
   1375.00000       4.56571484    
   1433.60608       4.43023634    
   1478.77795       4.33049679    
   1500.00000       4.28564548    
   1521.22205       4.15804768    
   1566.39392       3.72491384    
   1625.00000       3.25514603    
   1683.60608       2.78157449    
   1728.77795       2.45450687    
   1750.00000       2.30516005    
   1771.22205       2.18048191    
   1816.39392       1.93352091    
   1875.00000       1.63816237    
   1933.60608       1.36600995    
   1978.77795       1.17274499    
   2000.00000       1.08853555    
   2021.22205       1.02047980    
   2066.39380      0.888385773    
   2125.00000      0.733867168    
   2183.60620      0.594340444    
   2228.77808      0.497001737    
   2250.00000      0.455205828    
   2271.22192      0.422841191    
   2316.39380      0.361277044    
   2375.00000      0.290833056    
   2433.60620      0.228466034    
   2478.77808      0.185668096    
   2500.00000      0.167523995    
   2521.22192      0.153972909    
   2566.39380      0.128629878    
   2625.00000      0.100126147    
   2683.60620       7.52014518E-02
   2728.77808       5.81932738E-02
   2750.00000       5.09773605E-02
   2771.22192       4.54946496E-02
   2816.39380       3.50846425E-02
   2875.00000       2.30156649E-02
   2933.60620       1.19146407E-02
   2978.77808       3.76263354E-03
   3000.00000       9.43791292E-07
