   0.00000000       9.99986744    
   21.2220135       9.89463139    
   66.3938980       9.67047882    
   125.000000       9.38012600    
   183.606094       9.09061718    
   228.777985       8.86841679    
   250.000000       8.76452065    
   271.222015       8.66204357    
   316.393890       8.44521618    
   375.000000       8.16602325    
   433.606110       7.88929701    
   478.777985       7.67818022    
   500.000000       7.58000755    
   521.221985       7.48456717    
   566.393921       7.28378963    
   625.000000       7.02691412    
   683.606079       6.77394485    
   728.778015       6.58220673    
   750.000000       6.49358034    
   771.221985       6.40879536    
   816.393921       6.23159504    
   875.000000       6.00653696    
   933.606079       5.78653765    
   978.778015       5.62104368    
   1000.00000       5.54508352    
   1021.22198       5.47379732    
   1066.39392       5.32599163    
   1125.00000       5.13995314    
   1183.60608       4.95976830    
   1228.77795       4.82551050    
   1250.00000       4.76443720    
   1271.22205       4.70854712    
   1316.39392       4.59390450    
   1375.00000       4.45138645    
   1433.60608       4.31512356    
   1478.77795       4.21495962    
   1500.00000       4.16998482    
   1521.22205       4.04267406    
   1566.39392       3.61110067    
   1625.00000       3.14430094    
   1683.60608       2.67459202    
   1728.77795       2.35103846    
   1750.00000       2.20354724    
   1771.22205       2.08117628    
   1816.39392       1.83945441    
   1875.00000       1.55125844    
   1933.60608       1.28649867    
   1978.77795       1.09901011    
   2000.00000       1.01751876    
   2021.22205      0.952147186    
   2066.39380      0.825709999    
   2125.00000      0.678394973    
   2183.60620      0.545871139    
   2228.77808      0.453732044    
   2250.00000      0.414283007    
   2271.22192      0.384003758    
   2316.39380      0.326656431    
   2375.00000      0.261361092    
   2433.60620      0.203820392    
   2478.77808      0.164497703    
   2500.00000      0.147884294    
   2521.22192      0.135607973    
   2566.39380      0.112774305    
   2625.00000       8.72555301E-02
   2683.60620       6.50759935E-02
   2728.77808       5.00234589E-02
   2750.00000       4.36660983E-02
   2771.22192       3.89013253E-02
   2816.39380       2.99151335E-02
   2875.00000       1.95718389E-02
   2933.60620       1.01127271E-02
   2978.77808       3.19072837E-03
   3000.00000       8.00224882E-07
