   0.00000000       9.99986458    
   21.2220135       9.89189243    
   66.3938980       9.66191578    
   125.000000       9.36402988    
   183.606094       9.06702805    
   228.777985       8.83909893    
   250.000000       8.73253441    
   271.222015       8.62745762    
   316.393890       8.40515995    
   375.000000       8.11896992    
   433.606110       7.83536530    
   478.777985       7.61904955    
   500.000000       7.51848221    
   521.221985       7.42077684    
   566.393921       7.21528912    
   625.000000       6.95247173    
   683.606079       6.69374180    
   728.778015       6.49771357    
   750.000000       6.40713787    
   771.221985       6.32058001    
   816.393921       6.13975430    
   875.000000       5.91021156    
   933.606079       5.68595314    
   978.778015       5.51735735    
   1000.00000       5.44001865    
   1021.22198       5.36755753    
   1066.39392       5.21742201    
   1125.00000       5.02860737    
   1183.60608       4.84589434    
   1228.77795       4.70988083    
   1250.00000       4.64806604    
   1271.22205       4.59164715    
   1316.39392       4.47605610    
   1375.00000       4.33255672    
   1433.60608       4.19556093    
   1478.77795       4.09502125    
   1500.00000       4.04994965    
   1521.22205       3.92304373    
   1566.39392       3.49347091    
   1625.00000       3.03019547    
   1683.60608       2.56495523    
   1728.77795       2.24537492    
   1750.00000       2.09995747    
   1771.22205       1.98010170    
   1816.39392       1.74405086    
   1875.00000       1.46355593    
   1933.60608       1.20669639    
   1978.77795       1.02534735    
   2000.00000      0.946730971    
   2021.22205      0.884164274    
   2066.39380      0.763610542    
   2125.00000      0.623750091    
   2183.60620      0.498438537    
   2228.77808      0.411630362    
   2250.00000      0.374577671    
   2271.22192      0.346403360    
   2316.39380      0.293291181    
   2375.00000      0.233138338    
   2433.60620      0.180392846    
   2478.77808      0.144505829    
   2500.00000      0.129399016    
   2521.22192      0.118360959    
   2566.39380       9.79499668E-02
   2625.00000       7.52931610E-02
   2683.60620       5.57283200E-02
   2728.77808       4.25271243E-02
   2750.00000       3.69782709E-02
   2771.22192       3.28794941E-02
   2816.39380       2.52053421E-02
   2875.00000       1.64415389E-02
   2933.60620       8.47751088E-03
   2978.77808       2.67212768E-03
   3000.00000       6.70055329E-07
