   0.00000000       9.99985695    
   21.2220135       9.88600254    
   66.3938980       9.64350128    
   125.000000       9.32941628    
   183.606094       9.01630783    
   228.777985       8.77606392    
   250.000000       8.66376781    
   271.222015       8.55311203    
   316.393890       8.31907654    
   375.000000       8.01788521    
   433.606110       7.71954012    
   478.777985       7.49209261    
   500.000000       7.38640261    
   521.221985       7.28386021    
   566.393921       7.06832504    
   625.000000       6.79284763    
   683.606079       6.52185965    
   728.778015       6.31671381    
   750.000000       6.22200251    
   771.221985       6.13169622    
   816.393921       5.94322014    
   875.000000       5.70423412    
   933.606079       5.47102976    
   978.778015       5.29593420    
   1000.00000       5.21571398    
   1021.22198       5.14081907    
   1066.39392       4.98587561    
   1125.00000       4.79135990    
   1183.60608       4.60348749    
   1228.77795       4.46391773    
   1250.00000       4.40061188    
   1271.22205       4.34316397    
   1316.39392       4.22576475    
   1375.00000       4.08046055    
   1433.60608       3.94219446    
   1478.77795       3.84108233    
   1500.00000       3.79591346    
   1521.22205       3.67023373    
   1566.39392       3.24619961    
   1625.00000       2.79189444    
   1683.60608       2.33767009    
   1728.77795       2.02759480    
   1750.00000       1.88706124    
   1771.22205       1.77292216    
   1816.39392       1.54962528    
   1875.00000       1.28627336    
   1933.60608       1.04684055    
   1978.77795      0.878919184    
   2000.00000      0.806544542    
   2021.22205      0.749951184    
   2066.39380      0.641832352    
   2125.00000      0.517600536    
   2183.60620      0.407294482    
   2228.77808      0.331497073    
   2250.00000      0.299362123    
   2271.22192      0.275428265    
   2316.39380      0.230778798    
   2375.00000      0.180810034    
   2433.60620      0.137480244    
   2478.77808      0.108285949    
   2500.00000       9.60935429E-02
   2521.22192       8.74011740E-02
   2566.39380       7.15343133E-02
   2625.00000       5.41858487E-02
   2683.60620       3.94191109E-02
   2728.77808       2.95819379E-02
   2750.00000       2.54899245E-02
   2771.22192       2.25622747E-02
   2816.39380       1.71699412E-02
   2875.00000       1.11220554E-02
   2933.60620       5.70640247E-03
   2978.77808       1.79443788E-03
   3000.00000       4.49799614E-07
