   0.00000000       9.99986076    
   21.2220135       9.88901997    
   66.3938980       9.65293407    
   125.000000       9.34714603    
   183.606094       9.04228783    
   228.777985       8.80834961    
   250.000000       8.69898891    
   271.222015       8.59118938    
   316.393890       8.36316109    
   375.000000       8.06964588    
   433.606110       7.77884245    
   478.777985       7.55708885    
   500.000000       7.45401812    
   521.221985       7.35394716    
   566.393921       7.14354420    
   625.000000       6.87453127    
   683.606079       6.60979939    
   728.778015       6.40930510    
   750.000000       6.31670237    
   771.221985       6.22830486    
   816.393921       6.04372215    
   875.000000       5.80953789    
   933.606079       5.58087921    
   978.778015       5.40908337    
   1000.00000       5.33032465    
   1021.22198       5.25666046    
   1066.39392       5.10414457    
   1125.00000       4.91250277    
   1183.60608       4.72722530    
   1228.77795       4.58943987    
   1250.00000       4.52687979    
   1271.22205       4.46994019    
   1316.39392       4.35342741    
   1375.00000       4.20899582    
   1433.60608       4.07132816    
   1478.77795       3.97046900    
   1500.00000       3.92533112    
   1521.22205       3.79896355    
   1566.39392       3.37188411    
   1625.00000       2.91275072    
   1683.60608       2.45264840    
   1728.77795       2.13754439    
   1750.00000       1.99443889    
   1771.22205       1.87732184    
   1816.39392       1.64740264    
   1875.00000       1.37517834    
   1933.60608       1.12675273    
   1978.77795      0.951921344    
   2000.00000      0.876342416    
   2021.22205      0.816701949    
   2066.39380      0.702255964    
   2125.00000      0.570093691    
   2183.60620      0.452193081    
   2228.77808      0.370836645    
   2250.00000      0.336224288    
   2271.22192      0.310167730    
   2316.39380      0.261293948    
   2375.00000      0.206257552    
   2433.60620      0.158256412    
   2478.77808      0.125750899    
   2500.00000      0.112120107    
   2521.22192      0.102278545    
   2566.39380       8.41933116E-02
   2625.00000       6.42638355E-02
   2683.60620       4.71732020E-02
   2728.77808       3.57125066E-02
   2750.00000       3.09195518E-02
   2771.22192       2.74334718E-02
   2816.39380       2.09576190E-02
   2875.00000       1.36256600E-02
   2933.60620       7.00920960E-03
   2978.77808       2.20686314E-03
   3000.00000       5.53289055E-07
