   0.00000000       9.99988270    
   21.2220135       9.90660381    
   66.3938980       9.70790672    
   125.000000       9.45049000    
   183.606094       9.19374847    
   228.777985       8.99661636    
   250.000000       8.90439892    
   271.222015       8.81331921    
   316.393890       8.62049294    
   375.000000       8.37201881    
   433.606110       8.12552547    
   478.777985       7.93728304    
   500.000000       7.84965849    
   521.221985       7.76423168    
   566.393921       7.58430386    
   625.000000       7.35377550    
   683.606079       7.12639713    
   728.778015       6.95375967    
   750.000000       6.87382793    
   771.221985       6.79700375    
   816.393921       6.63612461    
   875.000000       6.43132401    
   933.606079       6.23063135    
   978.778015       6.07925892    
   1000.00000       6.00960112    
   1021.22198       5.94375372    
   1066.39392       5.80680275    
   1125.00000       5.63380241    
   1183.60608       5.46559954    
   1228.77795       5.33975077    
   1250.00000       5.28227329    
   1271.22205       5.22906542    
   1316.39392       5.11937571    
   1375.00000       4.98220396    
   1433.60608       4.85021782    
   1478.77795       4.75252914    
   1500.00000       4.70836973    
   1521.22205       4.58057070    
   1566.39392       4.14474440    
   1625.00000       3.66765475    
   1683.60608       3.18363976    
   1728.77795       2.84635353    
   1750.00000       2.69142771    
   1771.22205       2.55932641    
   1816.39392       2.29520011    
   1875.00000       1.97597301    
   1933.60608       1.67882264    
   1978.77795       1.46576297    
   2000.00000       1.37213266    
   2021.22205       1.29450595    
   2066.39380       1.14202321    
   2125.00000      0.961243153    
   2183.60620      0.795908630    
   2228.77808      0.679206729    
   2250.00000      0.628588736    
   2271.22192      0.588176668    
   2316.39380      0.510156393    
   2375.00000      0.419369936    
   2433.60620      0.337705046    
   2478.77808      0.280851543    
   2500.00000      0.256452590    
   2521.22192      0.237532347    
   2566.39380      0.201473072    
   2625.00000      0.160022914    
   2683.60620      0.123013280    
   2728.77808       9.72756967E-02
   2750.00000       8.61814618E-02
   2771.22192       7.73448646E-02
   2816.39380       6.01866543E-02
   2875.00000       3.98195870E-02
   2933.60620       2.07367502E-02
   2978.77808       6.56713499E-03
   3000.00000       1.64798792E-06
