   0.00000000       9.99987698    
   21.2220135       9.90213013    
   66.3938980       9.69392204    
   125.000000       9.42419815    
   183.606094       9.15521049    
   228.777985       8.94870663    
   250.000000       8.85212231    
   271.222015       8.75677776    
   316.393890       8.55496788    
   375.000000       8.29499054    
   433.606110       8.03717041    
   478.777985       7.84035349    
   500.000000       7.74877310    
   521.221985       7.65958405    
   566.393921       7.47181797    
   625.000000       7.23137665    
   683.606079       6.99435997    
   728.778015       6.81452179    
   750.000000       6.73130846    
   771.221985       6.65147114    
   816.393921       6.48440552    
   875.000000       6.27191448    
   933.606079       6.06387949    
   978.778015       5.90712595    
   1000.00000       5.83506155    
   1021.22198       5.76712513    
   1066.39392       5.62599182    
   1125.00000       5.44795036    
   1183.60608       5.27509499    
   1228.77795       5.14596415    
   1250.00000       5.08707619    
   1271.22205       5.03279543    
   1316.39392       4.92110205    
   1375.00000       4.78172922    
   1433.60608       4.64793921    
   1478.77795       4.54916573    
   1500.00000       4.50462580    
   1521.22205       4.37675905    
   1566.39392       3.94164538    
   1625.00000       3.46739697    
   1683.60608       2.98769712    
   1728.77795       2.65482044    
   1750.00000       2.50234675    
   1771.22205       2.37362146    
   1816.39392       2.11736965    
   1875.00000       1.80917776    
   1933.60608       1.52366173    
   1978.77795       1.31986916    
   2000.00000       1.23067141    
   2021.22205       1.15760231    
   2066.39380       1.01487207    
   2125.00000      0.846712530    
   2183.60620      0.693835557    
   2228.77808      0.586520016    
   2250.00000      0.540194809    
   2271.22192      0.503739595    
   2316.39380      0.433845997    
   2375.00000      0.353153497    
   2433.60620      0.281108320    
   2478.77808      0.231292173    
   2500.00000      0.210037291    
   2521.22192      0.193846837    
   2566.39380      0.163263574    
   2625.00000      0.128466412    
   2683.60620       9.77003649E-02
   2728.77808       7.64951333E-02
   2750.00000       6.74230680E-02
   2771.22192       6.03556409E-02
   2816.39380       4.67744246E-02
   2875.00000       3.08269821E-02
   2933.60620       1.60104558E-02
   2978.77808       5.06390026E-03
   3000.00000       1.27050248E-06
