   0.00000000       9.99987984    
   21.2220135       9.90441513    
   66.3938980       9.70106602    
   125.000000       9.43762779    
   183.606094       9.17489529    
   228.777985       8.97317791    
   250.000000       8.87882328    
   271.222015       8.78565693    
   316.393890       8.58843327    
   375.000000       8.33432770    
   433.606110       8.08228970    
   478.777985       7.88984823    
   500.000000       7.80028629    
   521.221985       7.71301556    
   566.393921       7.52924633    
   625.000000       7.29385853    
   683.606079       7.06175423    
   728.778015       6.88558483    
   750.000000       6.80404329    
   771.221985       6.72573900    
   816.393921       6.56182051    
   875.000000       6.35324001    
   933.606079       6.14893675    
   978.778015       5.99491644    
   1000.00000       5.92407370    
   1021.22198       5.85719585    
   1066.39392       5.71818018    
   1125.00000       5.54268885    
   1183.60608       5.37218332    
   1228.77795       5.24470854    
   1250.00000       5.18653107    
   1271.22205       5.13278818    
   1316.39392       5.02209473    
   1375.00000       4.88381577    
   1433.60608       4.75091600    
   1478.77795       4.65267277    
   1500.00000       4.60831594    
   1521.22205       4.48044538    
   1566.39392       4.04483366    
   1625.00000       3.56897998    
   1683.60608       3.08691716    
   1728.77795       2.75167632    
   1750.00000       2.59789920    
   1771.22205       2.46740794    
   1816.39392       2.20705366    
   1875.00000       1.89313328    
   1933.60608       1.60159600    
   1978.77795       1.39302015    
   2000.00000       1.30153978    
   2021.22205       1.22613657    
   2066.39380       1.07842159    
   2125.00000      0.903825343    
   2183.60620      0.744607627    
   2228.77808      0.632523954    
   2250.00000      0.584021926    
   2271.22192      0.545569956    
   2316.39380      0.471583694    
   2375.00000      0.385819197    
   2433.60620      0.308950871    
   2478.77808      0.255613744    
   2500.00000      0.232788801    
   2521.22192      0.215242729    
   2566.39380      0.181946740    
   2625.00000      0.143862858    
   2683.60620      0.110020496    
   2728.77808       8.65875781E-02
   2750.00000       7.65237063E-02
   2771.22192       6.85936138E-02
   2816.39380       5.32724522E-02
   2875.00000       3.51803340E-02
   2933.60620       1.82972196E-02
   2978.77808       5.79103595E-03
   3000.00000       1.45309002E-06
