   0.00000000       9.99988556    
   21.2220135       9.90870094    
   66.3938980       9.71446419    
   125.000000       9.46281815    
   183.606094       9.21181965    
   228.777985       9.01908302    
   250.000000       8.92891407    
   271.222015       8.83983612    
   316.393890       8.65122890    
   375.000000       8.40815830    
   433.606110       8.16698742    
   478.777985       7.98277617    
   500.000000       7.89701271    
   521.221985       7.81335735    
   566.393921       7.63712358    
   625.000000       7.41127062    
   683.606079       7.18844175    
   728.778015       7.01920605    
   750.000000       6.94082594    
   771.221985       6.86542940    
   816.393921       6.70748615    
   875.000000       6.50634050    
   933.606079       6.30914259    
   978.778015       6.16033459    
   1000.00000       6.09182596    
   1021.22198       6.02698135    
   1066.39392       5.89204264    
   1125.00000       5.72147560    
   1183.60608       5.55552578    
   1228.77795       5.43127251    
   1250.00000       5.37448406    
   1271.22205       5.32180929    
   1316.39392       5.21312284    
   1375.00000       5.07706738    
   1433.60608       4.94601250    
   1478.77795       4.84890032    
   1500.00000       4.80495119    
   1521.22205       4.67728996    
   1566.39392       4.24150324    
   1625.00000       3.76351118    
   1683.60608       3.27791691    
   1728.77795       2.93887734    
   1750.00000       2.78294492    
   1771.22205       2.64937806    
   1816.39392       2.38178849    
   1875.00000       2.05765104    
   1933.60608       1.75527263    
   1978.77795       1.53801286    
   2000.00000       1.44235921    
   2021.22205       1.36261630    
   2066.39380       1.20557714    
   2125.00000       1.01886225    
   2183.60620      0.847633421    
   2228.77808      0.726463914    
   2250.00000      0.673791826    
   2271.22192      0.631458700    
   2316.39380      0.549469173    
   2375.00000      0.453719854    
   2433.60620      0.367294967    
   2478.77808      0.306937546    
   2500.00000      0.280964375    
   2521.22192      0.260655135    
   2566.39380      0.221789703    
   2625.00000      0.176903352    
   2683.60620      0.136644751    
   2728.77808      0.108532205    
   2750.00000       9.63719860E-02
   2771.22192       8.65875110E-02
   2816.39380       6.74999654E-02
   2875.00000       4.47334386E-02
   2933.60620       2.33231578E-02
   2978.77808       7.39033287E-03
   3000.00000       1.85472823E-06
