   0.00000000       9.99987411    
   21.2220135       9.89974308    
   66.3938980       9.68645763    
   125.000000       9.41016483    
   183.606094       9.13464165    
   228.777985       8.92313862    
   250.000000       8.82422447    
   271.222015       8.72660732    
   316.393890       8.52000904    
   375.000000       8.25390434    
   433.606110       7.99005318    
   478.777985       7.78867245    
   500.000000       7.69498730    
   521.221985       7.60380030    
   566.393921       7.41187334    
   625.000000       7.16617346    
   683.606079       6.92404938    
   728.778015       6.74039841    
   750.000000       6.65544939    
   771.221985       6.57402229    
   816.393921       6.40369749    
   875.000000       6.18716002    
   933.606079       5.97526789    
   978.778015       5.81569290    
   1000.00000       5.74236917    
   1021.22198       5.67334509    
   1066.39392       5.53004122    
   1125.00000       5.34939098    
   1183.60608       5.17413759    
   1228.77795       5.04332352    
   1250.00000       4.98371553    
   1271.22205       4.92889643    
   1316.39392       4.81620836    
   1375.00000       4.67576075    
   1433.60608       4.54110909    
   1478.77795       4.44183493    
   1500.00000       4.39712906    
   1521.22205       4.26935005    
   1566.39392       3.83504987    
   1625.00000       3.36281562    
   1683.60608       2.88593078    
   1728.77795       2.55576754    
   1750.00000       2.40476537    
   1771.22205       2.27797365    
   1816.39392       2.02617812    
   1875.00000       1.72416401    
   1933.60608       1.44510138    
   1978.77795       1.24640703    
   2000.00000       1.15963078    
   2021.22205       1.08901000    
   2066.39380      0.951485574    
   2125.00000      0.790018320    
   2183.60620      0.643705726    
   2228.77808      0.541306376    
   2250.00000      0.497217327    
   2271.22192      0.462792486    
   2316.39380      0.397042632    
   2375.00000      0.321461231    
   2433.60620      0.254254282    
   2478.77808      0.207954645    
   2500.00000      0.188261613    
   2521.22192      0.173404276    
   2566.39380      0.145474926    
   2625.00000      0.113874704    
   2683.60620       8.60845000E-02
   2728.77808       6.70231357E-02
   2750.00000       5.89013658E-02
   2771.22192       5.26504554E-02
   2816.39380       4.07076292E-02
   2875.00000       2.67693903E-02
   2933.60620       1.38815520E-02
   2978.77808       4.38733399E-03
   3000.00000       1.10062797E-06
