   0.00000000       9.99989033    
   21.2220135       9.91264248    
   66.3938980       9.72678852    
   125.000000       9.48599052    
   183.606094       9.24578857    
   228.777985       9.06131649    
   250.000000       8.97500038    
   271.222015       8.88968945    
   316.393890       8.70902061    
   375.000000       8.47612286    
   433.606110       8.24497700    
   478.777985       8.06836128    
   500.000000       7.98610544    
   521.221985       7.90579367    
   566.393921       7.73653603    
   625.000000       7.51951742    
   683.606079       7.30528975    
   728.778015       7.14249134    
   750.000000       7.06704950    
   771.221985       6.99436474    
   816.393921       6.84199953    
   875.000000       6.64780664    
   933.606079       6.45726538    
   978.778015       6.31335115    
   1000.00000       6.24703789    
   1021.22198       6.18411827    
   1066.39392       6.05305004    
   1125.00000       5.88717651    
   1183.60608       5.72558641    
   1228.77795       5.60443163    
   1250.00000       5.54898643    
   1271.22205       5.49736309    
   1316.39392       5.39067507    
   1375.00000       5.25686598    
   1433.60608       5.12771368    
   1478.77795       5.03180218    
   1500.00000       4.98830462    
   1521.22205       4.86109114    
   1566.39392       4.42604351    
   1625.00000       3.94712424    
   1683.60608       3.45935869    
   1728.77795       3.11758971    
   1750.00000       2.96002483    
   1771.22205       2.82392168    
   1816.39392       2.55025125    
   1875.00000       2.21738386    
   1933.60608       1.90561759    
   1978.77795       1.68074977    
   2000.00000       1.58140492    
   2021.22205       1.49773633    
   2066.39380       1.33219445    
   2125.00000       1.13433576    
   2183.60620      0.951973975    
   2228.77808      0.822318256    
   2250.00000      0.765724480    
   2271.22192      0.719673157    
   2316.39380      0.629957795    
   2375.00000      0.524489284    
   2433.60620      0.428686351    
   2478.77808      0.361385077    
   2500.00000      0.332275569    
   2521.22192      0.309157044    
   2566.39380      0.264578760    
   2625.00000      0.212646350    
   2683.60620      0.165679649    
   2728.77808      0.132632121    
   2750.00000      0.118244737    
   2771.22192      0.106450506    
   2816.39380       8.32479373E-02
   2875.00000       5.53341545E-02
   2933.60620       2.89099906E-02
   2978.77808       9.16957017E-03
   3000.00000       2.30161345E-06
