   0.00000000       9.99988747    
   21.2220135       9.91071224    
   66.3938980       9.72075367    
   125.000000       9.47464180    
   183.606094       9.22915268    
   228.777985       9.04063320    
   250.000000       8.95242977    
   271.222015       8.86527348    
   316.393890       8.68071461    
   375.000000       8.44283295    
   433.606110       8.20677376    
   478.777985       8.02643490    
   500.000000       7.94246006    
   521.221985       7.86050892    
   566.393921       7.68782949    
   625.000000       7.46647692    
   683.606079       7.24802876    
   728.778015       7.08207083    
   750.000000       7.00518656    
   771.221985       6.93116951    
   816.393921       6.77606249    
   875.000000       6.57845116    
   933.606079       6.38463545    
   978.778015       6.23831320    
   1000.00000       6.17091846    
   1021.22198       6.10704994    
   1066.39392       5.97407150    
   1125.00000       5.80588007    
   1183.60608       5.64213419    
   1228.77795       5.51944590    
   1250.00000       5.46333504    
   1271.22205       5.41118813    
   1316.39392       5.30350304    
   1375.00000       5.16857004    
   1433.60608       5.03846073    
   1478.77795       4.94194174    
   1500.00000       4.89821386    
   1521.22205       4.77075005    
   1566.39392       4.33523083    
   1625.00000       3.85663843    
   1683.60608       3.36980414    
   1728.77795       3.02927780    
   1750.00000       2.87246943    
   1771.22205       2.73757172    
   1816.39392       2.46680737    
   1875.00000       2.13813066    
   1933.60608       1.83088732    
   1978.77795       1.60969627    
   2000.00000       1.51213980    
   2021.22205       1.43038428    
   2066.39380       1.26899409    
   2125.00000       1.07658839    
   2183.60620      0.899685085    
   2228.77808      0.774198055    
   2250.00000      0.719534039    
   2271.22192      0.675320745    
   2316.39380      0.589431584    
   2375.00000      0.488786161    
   2433.60620      0.397646248    
   2478.77808      0.333804250    
   2500.00000      0.306259930    
   2521.22192      0.284550250    
   2566.39380      0.242842913    
   2625.00000      0.194459632    
   2683.60620      0.150879189    
   2728.77808      0.120327890    
   2750.00000      0.107069001    
   2771.22192       9.62977856E-02
   2816.39380       7.51936957E-02
   2875.00000       4.99094166E-02
   2933.60620       2.60499157E-02
   2978.77808       8.25855695E-03
   3000.00000       2.07279072E-06
