   0.00000000       9.99989510    
   21.2220135       9.91627789    
   66.3938980       9.73815441    
   125.000000       9.50736046    
   183.606094       9.27711773    
   228.777985       9.10027027    
   250.000000       9.01750946    
   271.222015       8.93567753    
   316.393890       8.76234341    
   375.000000       8.53884602    
   433.606110       8.31696701    
   478.777985       8.14737701    
   500.000000       8.06836796    
   521.221985       7.99115610    
   566.393921       7.82836771    
   625.000000       7.61954975    
   683.606079       7.41331387    
   728.778015       7.25650215    
   750.000000       7.18379545    
   771.221985       7.11364126    
   816.393921       6.96649027    
   875.000000       6.77880526    
   933.606079       6.59450579    
   978.778015       6.45518875    
   1000.00000       6.39094067    
   1021.22198       6.32984304    
   1066.39392       6.20244789    
   1125.00000       6.04104233    
   1183.60608       5.88361788    
   1228.77795       5.76543665    
   1250.00000       5.71128607    
   1271.22205       5.66069317    
   1316.39392       5.55597878    
   1375.00000       5.42441654    
   1433.60608       5.29719639    
   1478.77795       5.20253325    
   1500.00000       5.15951872    
   1521.22205       5.03294277    
   1566.39392       4.59936953    
   1625.00000       4.12051392    
   1683.60608       3.63170171    
   1728.77795       3.28809929    
   1750.00000       3.12934351    
   1771.22205       2.99116969    
   1816.39392       2.71242380    
   1875.00000       2.37213421    
   1933.60608       2.05226827    
   1978.77795       1.82075500    
   2000.00000       1.71815348    
   2021.22205       1.63094246    
   2066.39380       1.45766699    
   2125.00000       1.24958956    
   2183.60620       1.05694020    
   2228.77808      0.919384360    
   2250.00000      0.859115481    
   2271.22192      0.809517920    
   2316.39380      0.712381542    
   2375.00000      0.597504556    
   2433.60620      0.492554486    
   2478.77808      0.418430001    
   2500.00000      0.386217803    
   2521.22192      0.360267311    
   2566.39380      0.309883803    
   2625.00000      0.250728339    
   2683.60620      0.196827546    
   2728.77808      0.158639252    
   2750.00000      0.141916469    
   2771.22192      0.127977774    
   2816.39380      0.100354008    
   2875.00000       6.68732673E-02
   2933.60620       3.50002050E-02
   2978.77808       1.11104418E-02
   3000.00000       2.78914786E-06
