   0.00000000       9.99989223    
   21.2220135       9.91449642    
   66.3938980       9.73258495    
   125.000000       9.49688816    
   183.606094       9.26176548    
   228.777985       9.08118153    
   250.000000       8.99667740    
   271.222015       8.91314030    
   316.393890       8.73621082    
   375.000000       8.50810432    
   433.606110       8.28168106    
   478.777985       8.10864639    
   500.000000       8.02804470    
   521.221985       7.94931221    
   566.393921       7.78334904    
   625.000000       7.57050610    
   683.606079       7.36034679    
   728.778015       7.20059538    
   750.000000       7.12654543    
   771.221985       7.05514765    
   816.393921       6.90543318    
   875.000000       6.71454763    
   933.606079       6.52717686    
   978.778015       6.38559723    
   1000.00000       6.32033205    
   1021.22198       6.25833607    
   1066.39392       6.12912846    
   1125.00000       5.96551657    
   1183.60608       5.80603361    
   1228.77795       5.68638086    
   1250.00000       5.63158894    
   1271.22205       5.58048439    
   1316.39392       5.47478628    
   1375.00000       5.34210205    
   1433.60608       5.21391344    
   1478.77795       5.11862183    
   1500.00000       5.07536221    
   1521.22205       4.94844675    
   1566.39392       4.51405430    
   1625.00000       4.03505468    
   1683.60608       3.54663825    
   1728.77795       3.20385027    
   1750.00000       3.04563928    
   1771.22205       2.90844655    
   1816.39392       2.63212156    
   1875.00000       2.29539013    
   1933.60608       1.97942257    
   1978.77795       1.75111842    
   2000.00000       1.65009367    
   2021.22205       1.56460798    
   2066.39380       1.39510655    
   2125.00000       1.19202638    
   2183.60620       1.00441766    
   2228.77808      0.870739877    
   2250.00000      0.812278032    
   2271.22192      0.764431775    
   2316.39380      0.670966685    
   2375.00000      0.560752988    
   2433.60620      0.460345030    
   2478.77808      0.389614820    
   2500.00000      0.358948618    
   2521.22192      0.334415644    
   2566.39380      0.286943436    
   2625.00000      0.231417790    
   2683.60620      0.181008428    
   2728.77808      0.145413294    
   2750.00000      0.129870385    
   2771.22192      0.117019460    
   2816.39380       9.16418508E-02
   2875.00000       6.09936044E-02
   2933.60620       3.18959765E-02
   2978.77808       1.01210140E-02
   3000.00000       2.54060410E-06
