   0.00000000       9.99989700    
   21.2220135       9.91799068    
   66.3938980       9.74350929    
   125.000000       9.51742935    
   183.606094       9.29187965    
   228.777985       9.11862564    
   250.000000       9.03754139    
   271.222015       8.95734882    
   316.393890       8.78747368    
   375.000000       8.56841183    
   433.606110       8.35090733    
   478.777985       8.18463516    
   500.000000       8.10715866    
   521.221985       8.03141212    
   566.393921       7.87168455    
   625.000000       7.66674757    
   683.606079       7.46429634    
   728.778015       7.31032133    
   750.000000       7.23891211    
   771.221985       7.16996050    
   816.393921       7.02528906    
   875.000000       6.84070301    
   933.606079       6.65937805    
   978.778015       6.52225494    
   1000.00000       6.45899439    
   1021.22198       6.39877033    
   1066.39392       6.27314043    
   1125.00000       6.11388683    
   1183.60608       5.95847368    
   1228.77795       5.84173298    
   1250.00000       5.78821087    
   1271.22205       5.73812389    
   1316.39392       5.63438368    
   1375.00000       5.50393915    
   1433.60608       5.37769079    
   1478.77795       5.28366280    
   1500.00000       5.24089861    
   1521.22205       5.11470032    
   1566.39392       4.68209314    
   1625.00000       4.20358372    
   1683.60608       3.71460772    
   1728.77795       3.37037826    
   1750.00000       3.21117091    
   1771.22205       3.07211614    
   1816.39392       2.79116821    
   1875.00000       2.44760704    
   1933.60608       2.12412715    
   1978.77795       1.88961923    
   2000.00000       1.78553855    
   2021.22205       1.69669020    
   2066.39380       1.51981890    
   2125.00000       1.30696130    
   2183.60620       1.10947192    
   2228.77808      0.968178928    
   2250.00000      0.906162918    
   2271.22192      0.854857862    
   2316.39380      0.754130244    
   2375.00000      0.634674847    
   2433.60620      0.525249541    
   2478.77808      0.447768986    
   2500.00000      0.414023399    
   2521.22192      0.386654645    
   2566.39380      0.333347708    
   2625.00000      0.270532846    
   2683.60620      0.213098988    
   2728.77808      0.172277555    
   2750.00000      0.154353201    
   2771.22192      0.139298245    
   2816.39380      0.109362625    
   2875.00000       7.29583651E-02
   2933.60620       3.82148474E-02
   2978.77808       1.21353529E-02
   3000.00000       3.04661694E-06
