   0.00000000       9.99990463    
   21.2220135       9.92422199    
   66.3938980       9.76299381    
   125.000000       9.55406666    
   183.606094       9.34559631    
   228.777985       9.18542290    
   250.000000       9.11044025    
   271.222015       9.03622532    
   316.393890       8.87895870    
   375.000000       8.67606926    
   433.606110       8.47452068    
   478.777985       8.32035542    
   500.000000       8.24847984    
   521.221985       8.17809296    
   566.393921       8.02956772    
   625.000000       7.83884859    
   683.606079       7.65027428    
   728.778015       7.50671291    
   750.000000       7.44006920    
   771.221985       7.37554932    
   816.393921       7.24002647    
   875.000000       7.06689024    
   933.606079       6.89657688    
   978.778015       6.76758909    
   1000.00000       6.70799685    
   1021.22198       6.65103865    
   1066.39392       6.53202152    
   1125.00000       6.38085699    
   1183.60608       6.23303270    
   1228.77795       6.12174749    
   1250.00000       6.07061863    
   1271.22205       6.02248526    
   1316.39392       5.92253828    
   1375.00000       5.79649067    
   1433.60608       5.67411423    
   1478.77795       5.58266497    
   1500.00000       5.54093933    
   1521.22205       5.41654634    
   1566.39392       4.98898602    
   1625.00000       4.51352119    
   1683.60608       4.02581882    
   1728.77795       3.68065619    
   1750.00000       3.52043128    
   1771.22205       3.37872267    
   1816.39392       3.09087205    
   1875.00000       2.73674035    
   1933.60608       2.40132260    
   1978.77795       2.15674591    
   2000.00000       2.04762363    
   2021.22205       1.95302951    
   2066.39380       1.76341748    
   2125.00000       1.53345537    
   2183.60620       1.31848860    
   2228.77808       1.16358209    
   2250.00000       1.09515226    
   2271.22192       1.03745210    
   2316.39380      0.923168242    
   2375.00000      0.786283553    
   2433.60620      0.659679234    
   2478.77808      0.569210529    
   2500.00000      0.529486418    
   2521.22192      0.496475607    
   2566.39380      0.431442589    
   2625.00000      0.353817880    
   2683.60620      0.281964779    
   2728.77808      0.230313122    
   2750.00000      0.207414016    
   2771.22192      0.187658787    
   2816.39380      0.147925705    
   2875.00000       9.90560353E-02
   2933.60620       5.20197004E-02
   2978.77808       1.65393893E-02
   3000.00000       4.15306522E-06
