   0.00000000       9.99990654    
   21.2220135       9.92564011    
   66.3938980       9.76742744    
   125.000000       9.56240463    
   183.606094       9.35782146    
   228.777985       9.20062637    
   250.000000       9.12703323    
   271.222015       9.05418015    
   316.393890       8.89978790    
   375.000000       8.70058727    
   433.606110       8.50267792    
   478.777985       8.35127735    
   500.000000       8.28067970    
   521.221985       8.21151924    
   566.393921       8.06555843    
   625.000000       7.87809610    
   683.606079       7.69270325    
   728.778015       7.55153179    
   750.000000       7.48598289    
   771.221985       7.42248392    
   816.393921       7.28907108    
   875.000000       7.11857891    
   933.606079       6.95081377    
   978.778015       6.82371140    
   1000.00000       6.76497078    
   1021.22198       6.70877457    
   1066.39392       6.59130526    
   1125.00000       6.44203949    
   1183.60608       6.29600286    
   1228.77795       6.18600702    
   1250.00000       6.13544655    
   1271.22205       6.08778334    
   1316.39392       5.98875523    
   1375.00000       5.86378241    
   1433.60608       5.74236345    
   1478.77795       5.65156126    
   1500.00000       5.61010075    
   1521.22205       5.48621655    
   1566.39392       5.06015253    
   1625.00000       4.58578682    
   1683.60608       4.09880066    
   1728.77795       3.75373459    
   1750.00000       3.59342194    
   1771.22205       3.45123768    
   1816.39392       3.16207504    
   1875.00000       2.80585170    
   1933.60608       2.46800447    
   1978.77795       2.22133446    
   2000.00000       2.11114717    
   2021.22205       2.01529908    
   2066.39380       1.82287800    
   2125.00000       1.58910537    
   2183.60620       1.37020779    
   2228.77808       1.21221161    
   2250.00000       1.14231455    
   2271.22192       1.08312178    
   2316.39380      0.965650082    
   2375.00000      0.824632704    
   2433.60620      0.693922460    
   2478.77808      0.600324988    
   2500.00000      0.559150457    
   2521.22192      0.524744987    
   2566.39380      0.456791431    
   2625.00000      0.375448257    
   2683.60620      0.299947411    
   2728.77808      0.245537028    
   2750.00000      0.221363321    
   2771.22192      0.200386107    
   2816.39380      0.158091828    
   2875.00000      0.105946794    
   2933.60620       5.56686372E-02
   2978.77808       1.77040640E-02
   3000.00000       4.44569559E-06
