   0.00000000       9.99990273    
   21.2220135       9.92275047    
   66.3938980       9.75839329    
   125.000000       9.54541683    
   183.606094       9.33291340    
   228.777985       9.16965103    
   250.000000       9.09322643    
   271.222015       9.01759911    
   316.393890       8.85735321    
   375.000000       8.65064144    
   433.606110       8.44531918    
   478.777985       8.28829002    
   500.000000       8.21508884    
   521.221985       8.14343357    
   566.393921       7.99225378    
   625.000000       7.79816389    
   683.606079       7.60629845    
   728.778015       7.46026564    
   750.000000       7.39249039    
   771.221985       7.32691622    
   816.393921       7.18921518    
   875.000000       7.01335049    
   933.606079       6.84041071    
   978.778015       6.70948029    
   1000.00000       6.64901114    
   1021.22198       6.59126949    
   1066.39392       6.47066402    
   1125.00000       6.31755257    
   1183.60608       6.16789818    
   1228.77795       6.05529356    
   1250.00000       6.00358486    
   1271.22205       5.95497417    
   1316.39392       5.85409594    
   1375.00000       5.72696257    
   1433.60608       5.60362291    
   1478.77795       5.51152658    
   1500.00000       5.46953726    
   1521.22205       5.34465551    
   1566.39392       4.91568184    
   1625.00000       4.43923855    
   1683.60608       3.95096421    
   1728.77795       3.60582519    
   1750.00000       3.44574904    
   1771.22205       3.30458570    
   1816.39392       3.01820064    
   1875.00000       2.66636634    
   1933.60608       2.33358622    
   1978.77795       2.09126234    
   2000.00000       1.98327863    
   2021.22205       1.89000773    
   2066.39380       1.70334852    
   2125.00000       1.47737551    
   2183.60620       1.26650858    
   2228.77808       1.11481297    
   2250.00000       1.04790330    
   2271.22192      0.991737485    
   2316.39380      0.880721509    
   2375.00000      0.748059571    
   2433.60620      0.625637889    
   2478.77808      0.538346708    
   2500.00000      0.500091553    
   2521.22192      0.468483239    
   2566.39380      0.406378627    
   2625.00000      0.332470983    
   2683.60620      0.264253825    
   2728.77808      0.215344816    
   2750.00000      0.193710074    
   2771.22192      0.175160378    
   2816.39380      0.137948751    
   2875.00000       9.22974646E-02
   2933.60620       4.84422073E-02
   2978.77808       1.53977321E-02
   3000.00000       3.86622651E-06
