   0.00000000       9.99989891    
   21.2220135       9.91963768    
   66.3938980       9.74866104    
   125.000000       9.52711582    
   183.606094       9.30608082    
   228.777985       9.13628387    
   250.000000       9.05681229    
   271.222015       8.97819901    
   316.393890       8.81165409    
   375.000000       8.59686279    
   433.606110       8.38357067    
   478.777985       8.22049332    
   500.000000       8.14449501    
   521.221985       8.07016087    
   566.393921       7.91338491    
   625.000000       7.71219206    
   683.606079       7.51339340    
   728.778015       7.36215830    
   750.000000       7.29200172    
   771.221985       7.22421360    
   816.393921       7.08194160    
   875.000000       6.90035534    
   933.606079       6.72191286    
   978.778015       6.58691740    
   1000.00000       6.52461481    
   1021.22198       6.46524143    
   1066.39392       6.34133005    
   1125.00000       6.18417549    
   1183.60608       6.03072786    
   1228.77795       5.91539574    
   1250.00000       5.86249065    
   1271.22205       5.81290293    
   1316.39392       5.71012735    
   1375.00000       5.58079433    
   1433.60608       5.45551777    
   1478.77795       5.36213017    
   1500.00000       5.31962109    
   1521.22205       5.19383335    
   1566.39392       4.76232386    
   1625.00000       4.28434324    
   1683.60608       3.79541516    
   1728.77795       3.45073009    
   1750.00000       3.29115653    
   1771.22205       3.15131402    
   1816.39392       2.86836815    
   1875.00000       2.52180338    
   1933.60608       2.19497728    
   1978.77795       1.95767689    
   2000.00000       1.85220945    
   2021.22205       1.76180792    
   2066.39380       1.58151209    
   2125.00000       1.36408353    
   2183.60620       1.16194880    
   2228.77808       1.01705599    
   2250.00000      0.953351796    
   2271.22192      0.900383055    
   2316.39380      0.796144843    
   2375.00000      0.672198296    
   2433.60620      0.558367729    
   2478.77808      0.477572471    
   2500.00000      0.442307681    
   2521.22192      0.413521975    
   2566.39380      0.357284218    
   2625.00000      0.290786892    
   2683.60620      0.229785115    
   2728.77808      0.186295852    
   2750.00000      0.167150736    
   2771.22192      0.150953531    
   2816.39380      0.118645802    
   2875.00000       7.92339966E-02
   2933.60620       4.15319875E-02
   2978.77808       1.31932218E-02
   3000.00000       3.31237584E-06
