   0.00000000       9.99990082    
   21.2220135       9.92122364    
   66.3938980       9.75361919    
   125.000000       9.53643894    
   183.606094       9.31974983    
   228.777985       9.15328217    
   250.000000       9.07536221    
   271.222015       8.99827003    
   316.393890       8.83493233    
   375.000000       8.62425518    
   433.606110       8.41502094    
   478.777985       8.25502300    
   500.000000       8.18044853    
   521.221985       8.10747814    
   566.393921       7.95354939    
   625.000000       7.75597048    
   683.606079       7.56069851    
   728.778015       7.41210938    
   750.000000       7.34316349    
   771.221985       7.27650023    
   816.393921       7.13655090    
   875.000000       6.95787048    
   933.606079       6.78222227    
   978.778015       6.64929008    
   1000.00000       6.58791780    
   1021.22198       6.52937126    
   1066.39392       6.40713501    
   1125.00000       6.25202703    
   1183.60608       6.10049820    
   1228.77795       5.98654509    
   1250.00000       5.93424416    
   1271.22205       5.88514853    
   1316.39392       5.78332758    
   1375.00000       5.65509844    
   1433.60608       5.53079176    
   1478.77795       5.43804884    
   1500.00000       5.39579821    
   1521.22205       5.27045059    
   1566.39392       4.84015656    
   1625.00000       4.36287022    
   1683.60608       3.87418151    
   1728.77795       3.52919769    
   1750.00000       3.36933661    
   1771.22205       3.22879362    
   1816.39392       2.94403958    
   1875.00000       2.59472251    
   1933.60608       2.26480126    
   1978.77795       2.02489924    
   2000.00000       1.91813242    
   2021.22205       1.82625794    
   2066.39380       1.64270175    
   2125.00000       1.42090404    
   2183.60620       1.21431220    
   2228.77808       1.06595325    
   2250.00000       1.00061834    
   2271.22192      0.946029425    
   2316.39380      0.838361800    
   2375.00000      0.710012734    
   2433.60620      0.591849446    
   2478.77808      0.507783234    
   2500.00000      0.471014917    
   2521.22192      0.440815449    
   2566.39380      0.381643802    
   2625.00000      0.311447024    
   2683.60620      0.246848822    
   2728.77808      0.200662121    
   2750.00000      0.180279434    
   2771.22192      0.162916526    
   2816.39380      0.128181711    
   2875.00000       8.56852755E-02
   2933.60620       4.49437238E-02
   2978.77808       1.42815178E-02
   3000.00000       3.58578950E-06
