   0.00000000       9.99991322    
   21.2220135       9.93083000    
   66.3938980       9.78365612    
   125.000000       9.59292221    
   183.606094       9.40256977    
   228.777985       9.25627899    
   250.000000       9.18777466    
   271.222015       9.11991310    
   316.393890       8.97605515    
   375.000000       8.79037571    
   433.606110       8.60581875    
   478.777985       8.46455956    
   500.000000       8.39865780    
   521.221985       8.33400440    
   566.393921       8.19747543    
   625.000000       8.02200127    
   683.606079       7.84832859    
   728.778015       7.71596813    
   750.000000       7.65445852    
   771.221985       7.59473610    
   816.393921       7.46913719    
   875.000000       7.30845070    
   933.606079       7.15014458    
   978.778015       7.03005505    
   1000.00000       6.97448587    
   1021.22198       6.92114258    
   1066.39392       6.80947590    
   1125.00000       6.66734791    
   1183.60608       6.52804995    
   1228.77795       6.42293406    
   1250.00000       6.37452936    
   1271.22205       6.32867050    
   1316.39392       6.23318815    
   1375.00000       6.11239481    
   1433.60608       5.99473238    
   1478.77795       5.90649700    
   1500.00000       5.86610174    
   1521.22205       5.74440765    
   1566.39392       5.32497644    
   1625.00000       4.85599136    
   1683.60608       4.37305403    
   1728.77795       4.02937984    
   1750.00000       3.86923218    
   1771.22205       3.72574520    
   1816.39392       3.43267488    
   1875.00000       3.06988478    
   1933.60608       2.72415233    
   1978.77795       2.47052264    
   2000.00000       2.35673285    
   2021.22205       2.25649881    
   2066.39380       2.05414963    
   2125.00000       1.80677342    
   2183.60620       1.57371294    
   2228.77808       1.40448785    
   2250.00000       1.32921791    
   2271.22192       1.26445735    
   2316.39380       1.13501012    
   2375.00000      0.978352666    
   2433.60620      0.831990421    
   2478.77808      0.726381421    
   2500.00000      0.679603338    
   2521.22192      0.639719307    
   2566.39380      0.560218275    
   2625.00000      0.464070648    
   2683.60620      0.373953134    
   2728.77808      0.308423132    
   2750.00000      0.279086620    
   2771.22192      0.253098607    
   2816.39380      0.200254709    
   2875.00000      0.134561822    
   2933.60620       7.08346665E-02
   2978.77808       2.25467682E-02
   3000.00000       5.66252720E-06
