   0.00000000       9.99991035    
   21.2220135       9.92832661    
   66.3938980       9.77582932    
   125.000000       9.57820320    
   183.606094       9.38098717    
   228.777985       9.22943687    
   250.000000       9.15847683    
   271.222015       9.08820724    
   316.393890       8.93926525    
   375.000000       8.74705982    
   433.606110       8.55605793    
   478.777985       8.40990162    
   500.000000       8.34173203    
   521.221985       8.27490139    
   566.393921       8.13381386    
   625.000000       7.95254421    
   683.606079       7.77320385    
   728.778015       7.63658142    
   750.000000       7.57311726    
   771.221985       7.51156521    
   816.393921       7.38217974    
   875.000000       7.21673918    
   933.606079       7.05384398    
   978.778015       6.93035030    
   1000.00000       6.87324047    
   1021.22198       6.81850910    
   1066.39392       6.70401621    
   1125.00000       6.55840826    
   1183.60608       6.41582108    
   1228.77795       6.30832005    
   1250.00000       6.25886011    
   1271.22205       6.21211481    
   1316.39392       6.11488581    
   1375.00000       5.99202776    
   1433.60608       5.87250328    
   1478.77795       5.78299046    
   1500.00000       5.74206257    
   1521.22205       5.61924696    
   1566.39392       5.19638586    
   1625.00000       4.72453499    
   1683.60608       4.23935986    
   1728.77795       3.89480615    
   1750.00000       3.73448157    
   1771.22205       3.59153461    
   1816.39392       3.30016899    
   1875.00000       2.94032598    
   1933.60608       2.59819293    
   1978.77795       2.34777761    
   2000.00000       2.23566484    
   2021.22205       2.13750434    
   2066.39380       1.93986988    
   2125.00000       1.69898224    
   2183.60620       1.47270381    
   2228.77808       1.30887556    
   2250.00000       1.23619628    
   2271.22192       1.17414093    
   2316.39380       1.05052876    
   2375.00000      0.901514888    
   2433.60620      0.762824357    
   2478.77808      0.663119316    
   2500.00000      0.619102478    
   2521.22192      0.581935644    
   2566.39380      0.508176327    
   2625.00000      0.419409394    
   2683.60620      0.336596817    
   2728.77808      0.276636392    
   2750.00000      0.249890625    
   2771.22192      0.226428539    
   2816.39380      0.178911552    
   2875.00000      0.120069996    
   2933.60620       6.31515235E-02
   2978.77808       2.00930797E-02
   3000.00000       5.04597210E-06
