   0.00000000       9.99991417    
   21.2220135       9.93201733    
   66.3938980       9.78737068    
   125.000000       9.59990692    
   183.606094       9.41281223    
   228.777985       9.26901817    
   250.000000       9.20167923    
   271.222015       9.13496113    
   316.393890       8.99351788    
   375.000000       8.81093884    
   433.606110       8.62944412    
   478.777985       8.49051285    
   500.000000       8.42568779    
   521.221985       8.36207199    
   566.393921       8.22771072    
   625.000000       8.05499649    
   683.606079       7.88402319    
   728.778015       7.75369358    
   750.000000       7.69311666    
   771.221985       7.63426685    
   816.393921       7.51047707    
   875.000000       7.35206366    
   933.606079       7.19595289    
   978.778015       7.07749319    
   1000.00000       7.02266216    
   1021.22198       6.96998596    
   1066.39392       6.85967875    
   1125.00000       6.71922731    
   1183.60608       6.58151674    
   1228.77795       6.47755289    
   1250.00000       6.42965937    
   1271.22205       6.38423204    
   1316.39392       6.28960323    
   1375.00000       6.16982222    
   1433.60608       6.05307674    
   1478.77795       5.96547413    
   1500.00000       5.92534447    
   1521.22205       5.80422592    
   1566.39392       5.38657713    
   1625.00000       4.91913414    
   1683.60608       4.43745041    
   1728.77795       4.09433317    
   1750.00000       3.93433523    
   1771.22205       3.79065156    
   1816.39392       3.49689436    
   1875.00000       3.13285565    
   1933.60608       2.78555441    
   1978.77795       2.53049755    
   2000.00000       2.41595316    
   2021.22205       2.31476474    
   2066.39380       2.11023068    
   2125.00000       1.85982776    
   2183.60620       1.62358534    
   2228.77808       1.45181465    
   2250.00000       1.37531722    
   2271.22192       1.30926073    
   2316.39380       1.17700672    
   2375.00000       1.01665699    
   2433.60620      0.866573751    
   2478.77808      0.758089662    
   2500.00000      0.709962189    
   2521.22192      0.668738127    
   2566.39380      0.586395800    
   2625.00000      0.486582428    
   2683.60620      0.392824531    
   2728.77808      0.324510485    
   2750.00000      0.293875664    
   2771.22192      0.266613930    
   2816.39380      0.211077869    
   2875.00000      0.141915247    
   2933.60620       7.47348964E-02
   2978.77808       2.37925928E-02
   3000.00000       5.97558392E-06
