   0.00000000       9.99991131    
   21.2220135       9.92959976    
   66.3938980       9.77981091    
   125.000000       9.58569145    
   183.606094       9.39196682    
   228.777985       9.24309254    
   250.000000       9.17338181    
   271.222015       9.10433674    
   316.393890       8.95798016    
   375.000000       8.76909351    
   433.606110       8.58136940    
   478.777985       8.43770409    
   500.000000       8.37068653    
   521.221985       8.30496311    
   566.393921       8.16619205    
   625.000000       7.98786831    
   683.606079       7.81140757    
   728.778015       7.67695045    
   750.000000       7.61447906    
   771.221985       7.55385590    
   816.393921       7.42639256    
   875.000000       7.26336527    
   933.606079       7.10279846    
   978.778015       6.98103094    
   1000.00000       6.92470264    
   1021.22198       6.87067413    
   1066.39392       6.75761271    
   1125.00000       6.61376667    
   1183.60608       6.47284365    
   1228.77795       6.36654854    
   1250.00000       6.31762171    
   1271.22205       6.27132320    
   1316.39392       6.17497444    
   1375.00000       6.05315542    
   1433.60608       5.93456650    
   1478.77795       5.84569407    
   1500.00000       5.80503273    
   1521.22205       5.68277216    
   1566.39392       5.26160145    
   1625.00000       4.79114437    
   1683.60608       4.30703974    
   1728.77795       3.96288443    
   1750.00000       3.80262685    
   1771.22205       3.65938377    
   1816.39392       3.36710811    
   1875.00000       3.00571322    
   1933.60608       2.66170001    
   1978.77795       2.40961504    
   2000.00000       2.29663467    
   2021.22205       2.19740915    
   2066.39380       1.99735785    
   2125.00000       1.75315118    
   2183.60620       1.52340984    
   2228.77808       1.35683095    
   2250.00000       1.28283310    
   2271.22192       1.21940601    
   2316.39380       1.09283888    
   2375.00000      0.939959586    
   2433.60620      0.797394753    
   2478.77808      0.694712162    
   2500.00000      0.649304390    
   2521.22192      0.610772967    
   2566.39380      0.534133613    
   2625.00000      0.441669196    
   2683.60620      0.355201304    
   2728.77808      0.292456865    
   2750.00000      0.264417231    
   2771.22192      0.239696369    
   2816.39380      0.189526826    
   2875.00000      0.127276108    
   2933.60620       6.69714212E-02
   2978.77808       2.13129167E-02
   3000.00000       5.35248546E-06
