   0.00000000       9.99990845    
   21.2220135       9.92700768    
   66.3938980       9.77170372    
   125.000000       9.57044601    
   183.606094       9.36961174    
   228.777985       9.21528912    
   250.000000       9.14303684    
   271.222015       9.07149792    
   316.393890       8.91987896    
   375.000000       8.72423649    
   433.606110       8.52984142    
   478.777985       8.38110924    
   500.000000       8.31174660    
   521.221985       8.24377060    
   566.393921       8.10028744    
   625.000000       7.91597366    
   683.606079       7.73365736    
   728.778015       7.59479761    
   750.000000       7.53030777    
   771.221985       7.46779776    
   816.393921       7.33643007    
   875.000000       7.16850233    
   933.606079       7.00320864    
   978.778015       6.87793732    
   1000.00000       6.82002354    
   1021.22198       6.76456976    
   1066.39392       6.64860773    
   1125.00000       6.50119400    
   1183.60608       6.35690212    
   1228.77795       6.24816799    
   1250.00000       6.19816351    
   1271.22205       6.15096283    
   1316.39392       6.05284071    
   1375.00000       5.92893171    
   1433.60608       5.80846357    
   1478.77795       5.71830702    
   1500.00000       5.67711258    
   1521.22205       5.55375528    
   1566.39392       5.12926054    
   1625.00000       4.65610313    
   1683.60608       4.16996336    
   1728.77795       3.82510376    
   1750.00000       3.66475940    
   1771.22205       3.52216363    
   1816.39392       3.23183298    
   1875.00000       2.87370968    
   1933.60608       2.53362823    
   1978.77795       2.28501487    
   2000.00000       2.17383218    
   2021.22205       2.07679653    
   2066.39380       1.88170326    
   2125.00000       1.64429128    
   2183.60620       1.42162526    
   2228.77808       1.26065660    
   2250.00000       1.18934357    
   2271.22192       1.12869942    
   2316.39380       1.00811863    
   2375.00000      0.863058388    
   2433.60620      0.728319347    
   2478.77808      0.631642818    
   2500.00000      0.589037240    
   2521.22192      0.553246021    
   2566.39380      0.482382804    
   2625.00000      0.397324175    
   2683.60620      0.318168670    
   2728.77808      0.260987461    
   2750.00000      0.235530928    
   2771.22192      0.213317394    
   2816.39380      0.168426946    
   2875.00000      0.112955913    
   2933.60620       5.93816303E-02
   2978.77808       1.88893918E-02
   3000.00000       4.74352328E-06
