   0.00000000       9.99991608    
   21.2220135       9.93316555    
   66.3938980       9.79095936    
   125.000000       9.60665703    
   183.606094       9.42271137    
   228.777985       9.28133011    
   250.000000       9.21511745    
   271.222015       9.14950466    
   316.393890       9.01039600    
   375.000000       8.83081436    
   433.606110       8.65228271    
   478.777985       8.51560211    
   500.000000       8.45182037    
   521.221985       8.38920689    
   566.393921       8.25694656    
   625.000000       8.08690357    
   683.606079       7.91854572    
   728.778015       7.79018450    
   750.000000       7.73051023    
   771.221985       7.67250824    
   816.393921       7.55047369    
   875.000000       7.39426708    
   933.606079       7.24028921    
   978.778015       7.12341309    
   1000.00000       7.06930065    
   1021.22198       7.01727343    
   1066.39392       6.90829182    
   1125.00000       6.76947594    
   1183.60608       6.63331509    
   1228.77795       6.53047848    
   1250.00000       6.48308468    
   1271.22205       6.43808174    
   1316.39392       6.34429264    
   1375.00000       6.22551012    
   1433.60608       6.10967159    
   1478.77795       6.02269697    
   1500.00000       5.98283195    
   1521.22205       5.86229706    
   1566.39392       5.44646740    
   1625.00000       4.98062754    
   1683.60608       4.50027561    
   1728.77795       4.15778446    
   1750.00000       3.99797201    
   1771.22205       3.85413599    
   1816.39392       3.55979228    
   1875.00000       3.19464183    
   1933.60608       2.84591293    
   1978.77795       2.58953881    
   2000.00000       2.47429180    
   2021.22205       2.37220001    
   2066.39380       2.16558814    
   2125.00000       1.91229498    
   2183.60620       1.67300236    
   2228.77808       1.49878263    
   2250.00000       1.42110074    
   2271.22192       1.35378456    
   2316.39380       1.21879566    
   2375.00000       1.05483806    
   2433.60620      0.901109457    
   2478.77808      0.789801657    
   2500.00000      0.740345776    
   2521.22192      0.697795153    
   2566.39380      0.612633705    
   2625.00000      0.509174883    
   2683.60620      0.411789209    
   2728.77808      0.340695530    
   2750.00000      0.308762372    
   2771.22192      0.280222058    
   2816.39380      0.221979827    
   2875.00000      0.149324998    
   2933.60620       7.86660165E-02
   2978.77808       2.50484385E-02
   3000.00000       6.29116494E-06
