   0.00000000       9.99991894    
   21.2220135       9.93534851    
   66.3938980       9.79778576    
   125.000000       9.61949444    
   183.606094       9.44153690    
   228.777985       9.30474567    
   250.000000       9.24067593    
   271.222015       9.17716694    
   316.393890       9.04250145    
   375.000000       8.86862755    
   433.606110       8.69573402    
   478.777985       8.56334114    
   500.000000       8.50154591    
   521.221985       8.44084454    
   566.393921       8.31258869    
   625.000000       8.14764309    
   683.606079       7.98427439    
   728.778015       7.85967016    
   750.000000       7.80172157    
   771.221985       7.74533939    
   816.393921       7.62666321    
   875.000000       7.47468185    
   933.606079       7.32479000    
   978.778015       7.21095133    
   1000.00000       7.15821695    
   1021.22198       7.10743952    
   1066.39392       7.00100899    
   1125.00000       6.86534643    
   1183.60608       6.73217726    
   1228.77795       6.63151932    
   1250.00000       6.58509445    
   1271.22205       6.54091740    
   1316.39392       6.44876719    
   1375.00000       6.33193922    
   1433.60608       6.21788311    
   1478.77795       6.13214827    
   1500.00000       6.09280872    
   1521.22205       5.97345877    
   1566.39392       5.56135607    
   1625.00000       5.09888029    
   1683.60608       4.62139273    
   1728.77795       4.28033495    
   1750.00000       4.12098980    
   1771.22205       3.97696900    
   1816.39392       3.68172503    
   1875.00000       3.31472492    
   1933.60608       2.96352816    
   1978.77795       2.70482373    
   2000.00000       2.58831501    
   2021.22205       2.48455906    
   2066.39380       2.27409387    
   2125.00000       2.01540422    
   2183.60620       1.77038312    
   2228.77808       1.59153998    
   2250.00000       1.51161146    
   2271.22192       1.44188106    
   2316.39380       1.30163085    
   2375.00000       1.13070536    
   2433.60620      0.969909310    
   2478.77808      0.853106916    
   2500.00000      0.801057935    
   2521.22192      0.755896389    
   2566.39380      0.665169775    
   2625.00000      0.554491401    
   2683.60620      0.449900091    
   2728.77808      0.373270661    
   2750.00000      0.338746250    
   2771.22192      0.307640463    
   2816.39380      0.243958071    
   2875.00000      0.164270714    
   2933.60620       8.65980461E-02
   2978.77808       2.75828410E-02
   3000.00000       6.92805133E-06
