   0.00000000       9.99991989    
   21.2220135       9.93638706    
   66.3938980       9.80103302    
   125.000000       9.62560081    
   183.606094       9.45049191    
   228.777985       9.31588459    
   250.000000       9.25283432    
   271.222015       9.19032669    
   316.393890       9.05777645    
   375.000000       8.88661861    
   433.606110       8.71641159    
   478.777985       8.58606052    
   500.000000       8.52521229    
   521.221985       8.46542168    
   566.393921       8.33907509    
   625.000000       8.17656136    
   683.606079       8.01557350    
   728.778015       7.89276314    
   750.000000       7.83563900    
   771.221985       7.78003120    
   816.393921       7.66296291    
   875.000000       7.51300383    
   933.606079       7.36506939    
   978.778015       7.25268793    
   1000.00000       7.20061398    
   1021.22198       7.15043783    
   1066.39392       7.04523563    
   1125.00000       6.91109276    
   1183.60608       6.77936745    
   1228.77795       6.67976284    
   1250.00000       6.63380671    
   1271.22205       6.59003115    
   1316.39392       6.49868011    
   1375.00000       6.38280821    
   1433.60608       6.26962662    
   1478.77795       6.18450308    
   1500.00000       6.14542341    
   1521.22205       6.02667236    
   1566.39392       5.61646795    
   1625.00000       5.15574026    
   1683.60608       4.67977095    
   1728.77795       4.33950901    
   1750.00000       4.18043995    
   1771.22205       4.03638124    
   1816.39392       3.74081016    
   1875.00000       3.37305593    
   1933.60608       3.02080274    
   1978.77795       2.76107287    
   2000.00000       2.64399934    
   2021.22205       2.53947806    
   2066.39380       2.32722688    
   2125.00000       2.06601906    
   2183.60620       1.81830919    
   2228.77808       1.63728404    
   2250.00000       1.55629051    
   2271.22192       1.48540354    
   2316.39380       1.34262347    
   2375.00000       1.16833448    
   2433.60620       1.00411439    
   2478.77808      0.884640574    
   2500.00000      0.831326902    
   2521.22192      0.784882069    
   2566.39380      0.691412151    
   2625.00000      0.577164233    
   2683.60620      0.469000518    
   2728.77808      0.389619768    
   2750.00000      0.353804827    
   2771.22192      0.321415126    
   2816.39380      0.255005330    
   2875.00000      0.171786666    
   2933.60620       9.05882195E-02
   2978.77808       2.88579576E-02
   3000.00000       7.24849042E-06
