   0.00000000       9.99992180    
   21.2220135       9.93739223    
   66.3938980       9.80417538    
   125.000000       9.63151169    
   183.606094       9.45915985    
   228.777985       9.32666492    
   250.000000       9.26460171    
   271.222015       9.20306492    
   316.393890       9.07256222    
   375.000000       8.90403557    
   433.606110       8.73642921    
   478.777985       8.60805607    
   500.000000       8.54812431    
   521.221985       8.48921776    
   566.393921       8.36472321    
   625.000000       8.20456600    
   683.606079       8.04588795    
   728.778015       7.92481804    
   750.000000       7.86849356    
   771.221985       7.81363821    
   816.393921       7.69813108    
   875.000000       7.55013800    
   933.606079       7.40410709    
   978.778015       7.29314232    
   1000.00000       7.24171209    
   1021.22198       7.19212151    
   1066.39392       7.08811712    
   1125.00000       6.95545721    
   1183.60608       6.82514286    
   1228.77795       6.72656775    
   1250.00000       6.68107080    
   1271.22205       6.63768959    
   1316.39392       6.54712391    
   1375.00000       6.43219328    
   1433.60608       6.31987572    
   1478.77795       6.23535633    
   1500.00000       6.19653511    
   1521.22205       6.07838583    
   1566.39392       5.67009687    
   1625.00000       5.21115303    
   1683.60608       4.73675060    
   1728.77795       4.39733124    
   1750.00000       4.23856306    
   1771.22205       4.09449816    
   1816.39392       3.79867530    
   1875.00000       3.43026972    
   1933.60608       3.07706833    
   1978.77795       2.81639862    
   2000.00000       2.69880104    
   2021.22205       2.59355545    
   2066.39380       2.37960625    
   2125.00000       2.11599302    
   2183.60620       1.86570406    
   2228.77808       1.68257856    
   2250.00000       1.60055685    
   2271.22192       1.52854574    
   2316.39380       1.38330054    
   2375.00000       1.20572627    
   2433.60620       1.03815389    
   2478.77808      0.916058481    
   2500.00000      0.861501336    
   2521.22192      0.813788593    
   2566.39380      0.717603147    
   2625.00000      0.599815309    
   2683.60620      0.488102615    
   2728.77808      0.405984491    
   2750.00000      0.368883938    
   2771.22192      0.335211277    
   2816.39380      0.266073346    
   2875.00000      0.179318905    
   2933.60620       9.45878327E-02
   2978.77808       3.01362053E-02
   3000.00000       7.56972167E-06
