   0.00000000       9.99991703    
   21.2220135       9.93427563    
   66.3938980       9.79442978    
   125.000000       9.61318302    
   183.606094       9.43228149    
   228.777985       9.29323292    
   250.000000       9.22810936    
   271.222015       9.16356659    
   316.393890       9.02671623    
   375.000000       8.85003471    
   433.606110       8.67436886    
   478.777985       8.53986645    
   500.000000       8.47709370    
   521.221985       8.41545200    
   566.393921       8.28522587    
   625.000000       8.11777115    
   683.606079       7.95194674    
   728.778015       7.82549286    
   750.000000       7.76669502    
   771.221985       7.70951462    
   816.393921       7.58918428    
   875.000000       7.43512058    
   933.606079       7.28321505    
   978.778015       7.16787910    
   1000.00000       7.11446476    
   1021.22198       7.06307077    
   1066.39392       6.95538092    
   1125.00000       6.81816101    
   1183.60608       6.68351364    
   1228.77795       6.58177853    
   1250.00000       6.53487444    
   1271.22205       6.49028826    
   1316.39392       6.39732552    
   1375.00000       6.27952719    
   1433.60608       6.16458511    
   1478.77795       6.07823324    
   1500.00000       6.03863192    
   1521.22205       5.91868687    
   1566.39392       5.50470734    
   1625.00000       5.04052591    
   1683.60608       4.56157494    
   1728.77795       4.21977234    
   1750.00000       4.06017828    
   1771.22205       3.91623116    
   1816.39392       3.62139416    
   1875.00000       3.25525928    
   1933.60608       2.90523458    
   1978.77795       2.64764690    
   2000.00000       2.53174591    
   2021.22205       2.42879915    
   2066.39380       2.22021198    
   2125.00000       1.96415865    
   2183.60620       1.72194159    
   2228.77808       1.54536569    
   2250.00000       1.46654058    
   2271.22192       1.39800012    
   2316.39380       1.26034641    
   2375.00000       1.09286416    
   2433.60620      0.935564876    
   2478.77808      0.821484327    
   2500.00000      0.770721316    
   2521.22192      0.726857960    
   2566.39380      0.638901293    
   2625.00000      0.531819999    
   2683.60620      0.430822253    
   2728.77808      0.356955945    
   2750.00000      0.323725849    
   2771.22192      0.293903679    
   2816.39380      0.232944861    
   2875.00000      0.156780243    
   2933.60620       8.26222375E-02
   2978.77808       2.63124444E-02
   3000.00000       6.60880232E-06
