   0.00000000       9.99992371    
   21.2220135       9.93930721    
   66.3938980       9.81016445    
   125.000000       9.64277554    
   183.606094       9.47567844    
   228.777985       9.34721375    
   250.000000       9.28703213    
   271.222015       9.22734356    
   316.393890       9.10074711    
   375.000000       8.93723965    
   433.606110       8.77459526    
   478.777985       8.64999676    
   500.000000       8.59181499    
   521.221985       8.53459549    
   566.393921       8.41363811    
   625.000000       8.25798607    
   683.606079       8.10372353    
   728.778015       7.98598146    
   750.000000       7.93118668    
   771.221985       7.87777281    
   816.393921       7.76525736    
   875.000000       7.62103367    
   933.606079       7.47865534    
   978.778015       7.37041044    
   1000.00000       7.32021666    
   1021.22198       7.27175331    
   1066.39392       7.17005730    
   1125.00000       7.04025841    
   1183.60608       6.91266775    
   1228.77795       6.81608391    
   1250.00000       6.77147532    
   1271.22205       6.72886133    
   1316.39392       6.63982630    
   1375.00000       6.52673578    
   1433.60608       6.41611004    
   1478.77795       6.33278036    
   1500.00000       6.29446840    
   1521.22205       6.17752743    
   1566.39392       5.77310658    
   1625.00000       5.31781912    
   1683.60608       4.84667444    
   1728.77795       4.50905848    
   1750.00000       4.35095739    
   1771.22205       4.20696783    
   1816.39392       3.91084313    
   1875.00000       3.54141784    
   1933.60608       3.18661594    
   1978.77795       2.92430234    
   2000.00000       2.80576921    
   2021.22205       2.69919014    
   2066.39380       2.48209023    
   2125.00000       2.21398258    
   2183.60620       1.95884633    
   2228.77808       1.77175188    
   2250.00000       1.68777847    
   2271.22192       1.61361194    
   2316.39380       1.46362448    
   2375.00000       1.27970695    
   2433.60620       1.10564005    
   2478.77808      0.978449523    
   2500.00000      0.921468556    
   2521.22192      0.871267200    
   2566.39380      0.769738317    
   2625.00000      0.644966185    
   2683.60620      0.526234746    
   2728.77808      0.438691229    
   2750.00000      0.399038106    
   2771.22192      0.362807542    
   2816.39380      0.288222075    
   2875.00000      0.194398046    
   2933.60620      0.102597021    
   2978.77808       3.26962136E-02
   3000.00000       8.21307913E-06
