   0.00000000       9.99992275    
   21.2220135       9.93836498    
   66.3938980       9.80721760    
   125.000000       9.63723373    
   183.606094       9.46755123    
   228.777985       9.33710384    
   250.000000       9.27599621    
   271.222015       9.21539783    
   316.393890       9.08687878    
   375.000000       8.92090130    
   433.606110       8.75581551    
   478.777985       8.62935829    
   500.000000       8.57031536    
   521.221985       8.51226521    
   566.393921       8.38956547    
   625.000000       8.23169518    
   683.606079       8.07525826    
   728.778015       7.95587730    
   750.000000       7.90032864    
   771.221985       7.84620476    
   816.393921       7.73221445    
   875.000000       7.58613253    
   933.606079       7.44195318    
   978.778015       7.33236694    
   1000.00000       7.28156328    
   1021.22198       7.23254299    
   1066.39392       7.12970734    
   1125.00000       6.99849510    
   1183.60608       6.86955833    
   1228.77795       6.77199030    
   1250.00000       6.72694206    
   1271.22205       6.68394804    
   1316.39392       6.59415436    
   1375.00000       6.48015165    
   1433.60608       6.36868525    
   1478.77795       6.28476477    
   1500.00000       6.24619913    
   1521.22205       6.12865353    
   1566.39392       5.72229338    
   1625.00000       5.26516485    
   1683.60608       4.79237270    
   1728.77795       4.45383644    
   1750.00000       4.29539156    
   1771.22205       4.15135050    
   1816.39392       3.85534453    
   1875.00000       3.48638439    
   1933.60608       3.13233566    
   1978.77795       2.87080646    
   2000.00000       2.75272298    
   2021.22205       2.64679217    
   2066.39380       2.43122816    
   2125.00000       2.16531658    
   2183.60620       1.91255379    
   2228.77808       1.72740626    
   2250.00000       1.64439178    
   2271.22192       1.57128775    
   2316.39380       1.42364073    
   2375.00000       1.24285758    
   2433.60620       1.07200325    
   2478.77808      0.947335839    
   2500.00000      0.891556263    
   2521.22192      0.842591286    
   2566.39380      0.743719220    
   2625.00000      0.622422695    
   2683.60620      0.507186830    
   2728.77808      0.422347158    
   2750.00000      0.383966893    
   2771.22192      0.349013567    
   2816.39380      0.277149498    
   2875.00000      0.186858743    
   2933.60620       9.85922217E-02
   2978.77808       3.14160921E-02
   3000.00000       7.89136902E-06
