   0.00000000       9.99992561    
   21.2220135       9.94110489    
   66.3938980       9.81578636    
   125.000000       9.65334797    
   183.606094       9.49118519    
   228.777985       9.36650276    
   250.000000       9.30808735    
   271.222015       9.25013638    
   316.393890       9.12720871    
   375.000000       8.96841717    
   433.606110       8.81043720    
   478.777985       8.68938732    
   500.000000       8.63285160    
   521.221985       8.57721996    
   566.393921       8.45959187    
   625.000000       8.30818367    
   683.606079       8.15808201    
   728.778015       8.04347801    
   750.000000       7.99012613    
   771.221985       7.93807364    
   816.393921       7.82838583    
   875.000000       7.68772793    
   933.606079       7.54880667    
   978.778015       7.44313908    
   1000.00000       7.39411736    
   1021.22198       7.34672594    
   1066.39392       7.24722719    
   1125.00000       7.12015486    
   1183.60608       6.99516487    
   1228.77795       6.90048504    
   1250.00000       6.85672760    
   1271.22205       6.81485176    
   1316.39392       6.72729492    
   1375.00000       6.61598587    
   1433.60608       6.50700521    
   1478.77795       6.42483711    
   1500.00000       6.38702488    
   1521.22205       6.27129221    
   1566.39392       5.87076664    
   1625.00000       5.41922331    
   1683.60608       4.95146656    
   1728.77795       4.61578655    
   1750.00000       4.45842552    
   1771.22205       4.31461334    
   1816.39392       4.01842356    
   1875.00000       3.64831233    
   1933.60608       3.29226327    
   1978.77795       3.02858782    
   2000.00000       2.90925455    
   2021.22205       2.80148220    
   2066.39380       2.58153224    
   2125.00000       2.30931926    
   2183.60620       2.04971886    
   2228.77808       1.85894287    
   2250.00000       1.77314854    
   2271.22192       1.69694424    
   2316.39380       1.54245329    
   2375.00000       1.35248446    
   2433.60620       1.17219472    
   2478.77808       1.04010201    
   2500.00000      0.980780780    
   2521.22192      0.928155482    
   2566.39380      0.821405411    
   2625.00000      0.689786613    
   2683.60620      0.564154327    
   2728.77808      0.471262485    
   2750.00000      0.429087669    
   2771.22192      0.390317142    
   2816.39380      0.310312748    
   2875.00000      0.209444851    
   2933.60620      0.110591650    
   2978.77808       3.52519564E-02
   3000.00000       8.85538066E-06
