   0.00000000       9.99992466    
   21.2220135       9.94021988    
   66.3938980       9.81301880    
   125.000000       9.64814472    
   183.606094       9.48355389    
   228.777985       9.35700893    
   250.000000       9.29772472    
   271.222015       9.23891830    
   316.393890       9.11418438    
   375.000000       8.95307159    
   433.606110       8.79279518    
   478.777985       8.66999817    
   500.000000       8.61265182    
   521.221985       8.55623817    
   566.393921       8.43696976    
   625.000000       8.28347111    
   683.606079       8.13132000    
   728.778015       8.01516914    
   750.000000       7.96110678    
   771.221985       7.90838289    
   816.393921       7.79730129    
   875.000000       7.65488529    
   933.606079       7.51425886    
   978.778015       7.40731955    
   1000.00000       7.35771990    
   1021.22198       7.30979919    
   1066.39392       7.20921516    
   1125.00000       7.08079576    
   1183.60608       6.95452023    
   1228.77795       6.85889959    
   1250.00000       6.81472111    
   1271.22205       6.77247953    
   1316.39392       6.68419027    
   1375.00000       6.57199764    
   1433.60608       6.46220064    
   1478.77795       6.37945509    
   1500.00000       6.34139442    
   1521.22205       6.22505808    
   1566.39392       5.82258272    
   1625.00000       5.36915827    
   1683.60608       4.89969397    
   1728.77795       4.56303120    
   1750.00000       4.40529203    
   1771.22205       4.26137924    
   1816.39392       3.96519470    
   1875.00000       3.59538770    
   1933.60608       3.23992133    
   1978.77795       2.97689342    
   2000.00000       2.85794449    
   2021.22205       2.75075221    
   2066.39380       2.53219151    
   2125.00000       2.26198506    
   2183.60620       2.00457096    
   2228.77808       1.81560135    
   2250.00000       1.73070180    
   2271.22192       1.65550220    
   2316.39380       1.50323403    
   2375.00000       1.31625521    
   2433.60620       1.13904357    
   2478.77808       1.00937819    
   2500.00000      0.951216698    
   2521.22192      0.899795175    
   2566.39380      0.795640051    
   2625.00000      0.667426705    
   2683.60620      0.545229256    
   2728.77808      0.455001146    
   2750.00000      0.414082915    
   2771.22192      0.376579612    
   2816.39380      0.299279928    
   2875.00000      0.201929137    
   2933.60620      0.106598116    
   2978.77808       3.39752473E-02
   3000.00000       8.53452002E-06
