   0.00000000       9.99992752    
   21.2220135       9.94196224    
   66.3938980       9.81846809    
   125.000000       9.65839291    
   183.606094       9.49858379    
   228.777985       9.37570667    
   250.000000       9.31813526    
   271.222015       9.26101303    
   316.393890       9.13983727    
   375.000000       8.98329830    
   433.606110       8.82754517    
   478.777985       8.70818996    
   500.000000       8.65244102    
   521.221985       8.59756851    
   566.393921       8.48153305    
   625.000000       8.33215427    
   683.606079       8.18404293    
   728.778015       8.07094097    
   750.000000       8.01828003    
   771.221985       7.96688032    
   816.393921       7.85854864    
   875.000000       7.71960163    
   933.606079       7.58233976    
   978.778015       7.47791004    
   1000.00000       7.42945242    
   1021.22198       7.38257694    
   1066.39392       7.28413677    
   1125.00000       7.15838003    
   1183.60608       7.03464556    
   1228.77795       6.94088697    
   1250.00000       6.89754152    
   1271.22205       6.85602427    
   1316.39392       6.76918650    
   1375.00000       6.65874720    
   1433.60608       6.55057096    
   1478.77795       6.46897221    
   1500.00000       6.43140602    
   1521.22205       6.31627607    
   1566.39392       5.91770124    
   1625.00000       5.46805286    
   1683.60608       5.00202751    
   1728.77795       4.66735554    
   1750.00000       4.51038790    
   1771.22205       4.36669731    
   1816.39392       4.07055330    
   1875.00000       3.70020962    
   1933.60608       3.34365487    
   1978.77795       3.07939315    
   2000.00000       2.95970583    
   2021.22205       2.85138464    
   2066.39380       2.63011289    
   2125.00000       2.35598159    
   2183.60620       2.09428215    
   2228.77808       1.90176558    
   2250.00000       1.81510651    
   2271.22192       1.73792517    
   2316.39380       1.58126795    
   2375.00000       1.38837850    
   2433.60620       1.20507598    
   2478.77808       1.07060313    
   2500.00000       1.01014256    
   2521.22192      0.956329942    
   2566.39380      0.847016931    
   2625.00000      0.712029517    
   2683.60620      0.582995117    
   2728.77808      0.487461716    
   2750.00000      0.444039553    
   2771.22192      0.404008299    
   2816.39380      0.321310848    
   2875.00000      0.216938511    
   2933.60620      0.114574037    
   2978.77808       3.65251862E-02
   3000.00000       9.17537000E-06
