   0.00000000       9.99993038    
   21.2220135       9.94438457    
   66.3938980       9.82604122    
   125.000000       9.67263603    
   183.606094       9.51947498    
   228.777985       9.40169525    
   250.000000       9.34650421    
   271.222015       9.29172421    
   316.393890       9.17549896    
   375.000000       9.02532387    
   433.606110       8.87586689    
   478.777985       8.76130581    
   500.000000       8.70777988    
   521.221985       8.65505600    
   566.393921       8.54352856    
   625.000000       8.39989853    
   683.606079       8.25742817    
   728.778015       8.14858246    
   750.000000       8.09788227    
   771.221985       8.04833508    
   816.393921       7.94385624    
   875.000000       7.80977249    
   933.606079       7.67723274    
   978.778015       7.57632828    
   1000.00000       7.52947617    
   1021.22198       7.48407459    
   1066.39392       7.38866138    
   1125.00000       7.26666975    
   1183.60608       7.14653444    
   1228.77795       7.05541801    
   1250.00000       7.01325655    
   1271.22205       6.97277546    
   1316.39392       6.88801908    
   1375.00000       6.78010130    
   1433.60608       6.67426682    
   1478.77795       6.59433174    
   1500.00000       6.55748653    
   1521.22205       6.44414997    
   1566.39392       6.05140972    
   1625.00000       5.60749817    
   1683.60608       5.14677191    
   1728.77795       4.81524706    
   1750.00000       4.65953207    
   1771.22205       4.51631689    
   1816.39392       4.22057676    
   1875.00000       3.84991670    
   1933.60608       3.49225497    
   1978.77795       3.22656751    
   2000.00000       3.10597849    
   2021.22205       2.99618316    
   2066.39380       2.77131772    
   2125.00000       2.49191833    
   2183.60620       2.22440648    
   2228.77808       2.02703619    
   2250.00000       1.93795168    
   2271.22192       1.85799587    
   2316.39380       1.69516218    
   2375.00000       1.49391067    
   2433.60620       1.30194914    
   2478.77808       1.16060972    
   2500.00000       1.09685242    
   2521.22192       1.03957832    
   2566.39380      0.922772646    
   2625.00000      0.777910531    
   2683.60620      0.638878465    
   2728.77808      0.535565674    
   2750.00000      0.488463610    
   2771.22192      0.444697261    
   2816.39380      0.354009926    
   2875.00000      0.239226818    
   2933.60620      0.126421914    
   2978.77808       4.03135978E-02
   3000.00000       1.01274954E-05
