   0.00000000       9.99992943    
   21.2220135       9.94360161    
   66.3938980       9.82359219    
   125.000000       9.66803074    
   183.606094       9.51272011    
   228.777985       9.39329243    
   250.000000       9.33733177    
   271.222015       9.28179455    
   316.393890       9.16396809    
   375.000000       9.01173401    
   433.606110       8.86023998    
   478.777985       8.74412823    
   500.000000       8.68988323    
   521.221985       8.63646317    
   566.393921       8.52347565    
   625.000000       8.37798405    
   683.606079       8.23368645    
   728.778015       8.12346268    
   750.000000       8.07212734    
   771.221985       8.02197933    
   816.393921       7.91625071    
   875.000000       7.78058910    
   933.606079       7.64651680    
   978.778015       7.54446745    
   1000.00000       7.49709415    
   1021.22198       7.45121336    
   1066.39392       7.35481548    
   1125.00000       7.23159790    
   1183.60608       7.11029053    
   1228.77795       7.01831245    
   1250.00000       6.97576475    
   1271.22205       6.93494511    
   1316.39392       6.84950781    
   1375.00000       6.74076366    
   1433.60608       6.63416052    
   1478.77795       6.55367851    
   1500.00000       6.51659584    
   1521.22205       6.40266418    
   1566.39392       6.00798416    
   1625.00000       5.56215477    
   1683.60608       5.09964848    
   1728.77795       4.76705647    
   1750.00000       4.61091375    
   1771.22205       4.46752310    
   1816.39392       4.17160749    
   1875.00000       3.80099392    
   1933.60608       3.44363785    
   1978.77795       3.17837358    
   2000.00000       3.05805993    
   2021.22205       2.94872880    
   2066.39380       2.72500253    
   2125.00000       2.44728208    
   2183.60620       2.18163061    
   2228.77808       1.98581958    
   2250.00000       1.89751649    
   2271.22192       1.81846035    
   2316.39380       1.65763330    
   2375.00000       1.45910418    
   2433.60620       1.26996708    
   2478.77808       1.13087153    
   2500.00000       1.06819320    
   2521.22192       1.01205611    
   2566.39380      0.897714853    
   2625.00000      0.756104946    
   2683.60620      0.620369494    
   2728.77808      0.519624531    
   2750.00000      0.473738164    
   2771.22192      0.431208193    
   2816.39380      0.343167514    
   2875.00000      0.231835082    
   2933.60620      0.122492179    
   2978.77808       3.90569754E-02
   3000.00000       9.81167068E-06
