   0.00000000       9.99992847    
   21.2220135       9.94279480    
   66.3938980       9.82106972    
   125.000000       9.66328526    
   183.606094       9.50575924    
   228.777985       9.38463306    
   250.000000       9.32787895    
   271.222015       9.27156067    
   316.393890       9.15208530    
   375.000000       8.99773026    
   433.606110       8.84413910    
   478.777985       8.72642994    
   500.000000       8.67144394    
   521.221985       8.61730862    
   566.393921       8.50281906    
   625.000000       8.35541153    
   683.606079       8.20923424    
   728.778015       8.09759235    
   750.000000       8.04560280    
   771.221985       7.99483776    
   816.393921       7.88782549    
   875.000000       7.75054312    
   933.606079       7.61489725    
   978.778015       7.51167393    
   1000.00000       7.46376514    
   1021.22198       7.41739321    
   1066.39392       7.31998634    
   1125.00000       7.19551420    
   1183.60608       7.07300711    
   1228.77795       6.98014879    
   1250.00000       6.93720675    
   1271.22205       6.89604139    
   1316.39392       6.80991030    
   1375.00000       6.70032549    
   1433.60608       6.59294176    
   1478.77795       6.51190567    
   1500.00000       6.47458267    
   1521.22205       6.36005306    
   1566.39392       5.96342707    
   1625.00000       5.51568460    
   1683.60608       5.05141068    
   1728.77795       4.71776915    
   1750.00000       4.56120825    
   1771.22205       4.41765833    
   1816.39392       4.12160730    
   1875.00000       3.75109744    
   1933.60608       3.39410877    
   1978.77795       3.12931871    
   2000.00000       3.00930500    
   2021.22205       2.90046501    
   2066.39380       2.67793536    
   2125.00000       2.40196967    
   2183.60620       2.13825440    
   2228.77808       1.94406044    
   2250.00000       1.85656559    
   2271.22192       1.77843392    
   2316.39380       1.61966515    
   2375.00000       1.42392278    
   2433.60620       1.23767161    
   2478.77808       1.10086465    
   2500.00000       1.03928518    
   2521.22192      0.984301925    
   2566.39380      0.872458398    
   2625.00000      0.734140277    
   2683.60620      0.601737738    
   2728.77808      0.503586292    
   2750.00000      0.458926737    
   2771.22192      0.417642057    
   2816.39380      0.332265228    
   2875.00000      0.224403858    
   2933.60620      0.118541919    
   2978.77808       3.77938598E-02
   3000.00000       9.49421792E-06
