   0.00000000       9.99993134    
   21.2220135       9.94514465    
   66.3938980       9.82841778    
   125.000000       9.67710590    
   183.606094       9.52603054    
   228.777985       9.40985107    
   250.000000       9.35540771    
   271.222015       9.30136395    
   316.393890       9.18669319    
   375.000000       9.03851700    
   433.606110       8.89103889    
   478.777985       8.77798367    
   500.000000       8.72515678    
   521.221985       8.67310905    
   566.393921       8.56299973    
   625.000000       8.42117882    
   683.606079       8.28048420    
   728.778015       8.17298126    
   750.000000       8.12289810    
   771.221985       8.07393551    
   816.393921       7.97067356    
   875.000000       7.83812618    
   933.606079       7.70707893    
   978.778015       7.60728979    
   1000.00000       7.56094646    
   1021.22198       7.51601267    
   1066.39392       7.42156076    
   1125.00000       7.30076647    
   1183.60608       7.18177700    
   1228.77795       7.09150314    
   1250.00000       7.04971981    
   1271.22205       7.00957108    
   1316.39392       6.92548370    
   1375.00000       6.81837797    
   1433.60608       6.71329927    
   1478.77795       6.63390398    
   1500.00000       6.59729338    
   1521.22205       6.48454762    
   1566.39392       6.09373999    
   1625.00000       5.65174818    
   1683.60608       5.19281149    
   1728.77795       4.86236763    
   1750.00000       4.70708990    
   1771.22205       4.56406546    
   1816.39392       4.26853657    
   1875.00000       3.89788342    
   1933.60608       3.53997397    
   1978.77795       3.27391028    
   2000.00000       3.15306926    
   2021.22205       3.04283452    
   2066.39380       2.81688499    
   2125.00000       2.53587890    
   2183.60620       2.26657891    
   2228.77808       2.06770468    
   2250.00000       1.97786427    
   2271.22192       1.89703321    
   2316.39380       1.73224282    
   2375.00000       1.52833188    
   2433.60620       1.33360589    
   2478.77808       1.19006681    
   2500.00000       1.12525010    
   2521.22192       1.06685567    
   2566.39380      0.947619200    
   2625.00000      0.799545228    
   2683.60620      0.657253861    
   2728.77808      0.551399827    
   2750.00000      0.503093600    
   2771.22192      0.458100438    
   2816.39380      0.364785284    
   2875.00000      0.246574059    
   2933.60620      0.130328432    
   2978.77808       4.15628664E-02
   3000.00000       1.04414739E-05
