   0.00000000       9.99993229    
   21.2220135       9.94588184    
   66.3938980       9.83072472    
   125.000000       9.68144608    
   183.606094       9.53239632    
   228.777985       9.41777039    
   250.000000       9.36405277    
   271.222015       9.31072330    
   316.393890       9.19756317    
   375.000000       9.05132866    
   433.606110       8.90577126    
   478.777985       8.79417992    
   500.000000       8.74203300    
   521.221985       8.69064140    
   566.393921       8.58191109    
   625.000000       8.44184971    
   683.606079       8.30288315    
   728.778015       8.19668388    
   750.000000       8.14720154    
   771.221985       8.09880829    
   816.393921       7.99673128    
   875.000000       7.86568022    
   933.606079       7.73608828    
   978.778015       7.63738585    
   1000.00000       7.59153795    
   1021.22198       7.54706097    
   1066.39392       7.45354795    
   1125.00000       7.33392334    
   1183.60608       7.21605396    
   1228.77795       7.12660408    
   1250.00000       7.08519125    
   1271.22205       7.04536819    
   1316.39392       6.96193695    
   1375.00000       6.85562992    
   1433.60608       6.75129557    
   1478.77795       6.67243147    
   1500.00000       6.63605261    
   1521.22205       6.52389431    
   1566.39392       6.13500929    
   1625.00000       5.69493723    
   1683.60608       5.23779678    
   1728.77795       4.90844584    
   1750.00000       4.75361300    
   1771.22205       4.61079264    
   1816.39392       4.31550884    
   1875.00000       3.94491124    
   1933.60608       3.58680797    
   1978.77795       3.32041240    
   2000.00000       3.19934082    
   2021.22205       3.08869052    
   2066.39380       2.86170864    
   2125.00000       2.57916474    
   2183.60620       2.30814600    
   2228.77808       2.10782075    
   2250.00000       2.01724887    
   2271.22192       1.93556583    
   2316.39380       1.76886761    
   2375.00000       1.56235826    
   2433.60620       1.36492682    
   2478.77808       1.21923113    
   2500.00000       1.15337443    
   2521.22192       1.09387672    
   2566.39380      0.972243130    
   2625.00000      0.820998192    
   2683.60620      0.675485611    
   2728.77808      0.567117691    
   2750.00000      0.517619491    
   2771.22192      0.471409678    
   2816.39380      0.375486970    
   2875.00000      0.253872216    
   2933.60620      0.134209275    
   2978.77808       4.28039804E-02
   3000.00000       1.07534061E-05
