   0.00000000       9.99993324    
   21.2220135       9.94659901    
   66.3938980       9.83296585    
   125.000000       9.68566036    
   183.606094       9.53857803    
   228.777985       9.42546177    
   250.000000       9.37244892    
   271.222015       9.31981277    
   316.393890       9.20811939    
   375.000000       9.06377220    
   433.606110       8.92008305    
   478.777985       8.80991364    
   500.000000       8.75842667    
   521.221985       8.70767403    
   566.393921       8.60028458    
   625.000000       8.46193409    
   683.606079       8.32464695    
   728.778015       8.21971798    
   750.000000       8.17082024    
   771.221985       8.12298107    
   816.393921       8.02205753    
   875.000000       7.89246511    
   933.606079       7.76428986    
   978.778015       7.66664791    
   1000.00000       7.62128305    
   1021.22198       7.57725191    
   1066.39392       7.48465538    
   1125.00000       7.36617374    
   1183.60608       7.24939966    
   1228.77795       7.16075611    
   1250.00000       7.11970520    
   1271.22205       7.08020163    
   1316.39392       6.99741507    
   1375.00000       6.89189243    
   1433.60608       6.78829050    
   1478.77795       6.70995045    
   1500.00000       6.67379951    
   1521.22205       6.56222391    
   1566.39392       6.17525148    
   1625.00000       5.73709631    
   1683.60608       5.28175592    
   1728.77795       4.95350742    
   1750.00000       4.79912663    
   1771.22205       4.65652227    
   1816.39392       4.36151457    
   1875.00000       3.99101782    
   1933.60608       3.63277030    
   1978.77795       3.36608410    
   2000.00000       3.24480247    
   2021.22205       3.13375926    
   2066.39380       2.90579438    
   2125.00000       2.62177777    
   2183.60620       2.34910631    
   2228.77808       2.14738035    
   2250.00000       2.05610085    
   2271.22192       1.97358847    
   2316.39380       1.80502963    
   2375.00000       1.59598160    
   2433.60620       1.39590216    
   2478.77808       1.24809253    
   2500.00000       1.18121505    
   2521.22192       1.12063074    
   2566.39380      0.996634007    
   2625.00000      0.842259526    
   2683.60620      0.693564653    
   2728.77808      0.582710922    
   2750.00000      0.532033205    
   2771.22192      0.484617531    
   2816.39380      0.386108845    
   2875.00000      0.261117011    
   2933.60620      0.138062149    
   2978.77808       4.40362096E-02
   3000.00000       1.10631063E-05
