   0.00000000       9.99993420    
   21.2220135       9.94797134    
   66.3938980       9.83725739    
   125.000000       9.69373322    
   183.606094       9.55041981    
   228.777985       9.44019318    
   250.000000       9.38853168    
   271.222015       9.33722591    
   316.393890       9.22834301    
   375.000000       9.08761120    
   433.606110       8.94750214    
   478.777985       8.84005928    
   500.000000       8.78983784    
   521.221985       8.74031067    
   566.393921       8.63549423    
   625.000000       8.50042820    
   683.606079       8.36636734    
   728.778015       8.26387501    
   750.000000       8.21610069    
   771.221985       8.16932774    
   816.393921       8.07062244    
   875.000000       7.94383478    
   933.606079       7.81838799    
   978.778015       7.72278690    
   1000.00000       7.67835379    
   1021.22198       7.63518238    
   1066.39392       7.54435587    
   1125.00000       7.42808247    
   1183.60608       7.31342602    
   1228.77795       7.22634268    
   1250.00000       7.18599367    
   1271.22205       7.14711094    
   1316.39392       7.06557751    
   1375.00000       6.96158314    
   1433.60608       6.85941029    
   1478.77795       6.78209352    
   1500.00000       6.74639082    
   1521.22205       6.63596630    
   1566.39392       6.25277996    
   1625.00000       5.81844282    
   1683.60608       5.36670589    
   1728.77795       5.04068327    
   1750.00000       4.88722134    
   1771.22205       4.74508238    
   1816.39392       4.45070744    
   1875.00000       4.08053446    
   1933.60608       3.72213435    
   1978.77795       3.45497966    
   2000.00000       3.33333397    
   2021.22205       3.22156739    
   2066.39380       2.99177432    
   2125.00000       2.70499611    
   2183.60620       2.42920494    
   2228.77808       2.22482181    
   2250.00000       2.13219357    
   2271.22192       2.04808760    
   2316.39380       1.87594390    
   2375.00000       1.66199124    
   2433.60620       1.45678365    
   2478.77808       1.30487049    
   2500.00000       1.23600745    
   2521.22192       1.17330062    
   2566.39380       1.04467988    
   2625.00000      0.884172022    
   2683.60620      0.729231596    
   2728.77808      0.613493383    
   2750.00000      0.560495555    
   2771.22192      0.510702431    
   2816.39380      0.407091290    
   2875.00000      0.275431395    
   2933.60620      0.145675749    
   2978.77808       4.64713648E-02
   3000.00000       1.16751498E-05
