   0.00000000       9.99993515    
   21.2220135       9.94862843    
   66.3938980       9.83931351    
   125.000000       9.69760036    
   183.606094       9.55609131    
   228.777985       9.44724941    
   250.000000       9.39623547    
   271.222015       9.34556675    
   316.393890       9.23803139    
   375.000000       9.09903336    
   433.606110       8.96063900    
   478.777985       8.85450363    
   500.000000       8.80488968    
   521.221985       8.75594997    
   566.393921       8.65236759    
   625.000000       8.51887894    
   683.606079       8.38636589    
   728.778015       8.28504372    
   750.000000       8.23781013    
   771.221985       8.19154835    
   816.393921       8.09391022    
   875.000000       7.96847200    
   933.606079       7.84433889    
   978.778015       7.74972010    
   1000.00000       7.70573568    
   1021.22198       7.66297913    
   1066.39392       7.57300711    
   1125.00000       7.45780039    
   1183.60608       7.34416771    
   1228.77795       7.25783920    
   1250.00000       7.21782970    
   1271.22205       7.17924881    
   1316.39392       7.09832478    
   1375.00000       6.99507427    
   1433.60608       6.89359808    
   1478.77795       6.81678152    
   1500.00000       6.78129768    
   1521.22205       6.67144108    
   1566.39392       6.29012680    
   1625.00000       5.85768652    
   1683.60608       5.40774870    
   1728.77795       5.08284569    
   1750.00000       4.92984915    
   1771.22205       4.78795719    
   1816.39392       4.49393463    
   1875.00000       4.12397814    
   1933.60608       3.76556301    
   1978.77795       3.49822521    
   2000.00000       3.37642336    
   2021.22205       3.26432395    
   2066.39380       3.03368115    
   2125.00000       2.74560809    
   2183.60620       2.46834445    
   2228.77808       2.26270056    
   2250.00000       2.16942954    
   2271.22192       2.08455801    
   2316.39380       1.91068745    
   2375.00000       1.69436586    
   2433.60620       1.48667550    
   2478.77808       1.33277142    
   2500.00000       1.26294339    
   2521.22192       1.19920015    
   2566.39380       1.06831872    
   2625.00000      0.904807627    
   2683.60620      0.746805012    
   2728.77808      0.628669083    
   2750.00000      0.574531376    
   2771.22192      0.523567557    
   2816.39380      0.417442054    
   2875.00000      0.282494098    
   2933.60620      0.149432808    
   2978.77808       4.76731025E-02
   3000.00000       1.19771939E-05
