   0.00000000       9.99993610    
   21.2220135       9.94926739    
   66.3938980       9.84131145    
   125.000000       9.70135880    
   183.606094       9.56160545    
   228.777985       9.45411015    
   250.000000       9.40372562    
   271.222015       9.35367584    
   316.393890       9.24745178    
   375.000000       9.11013794    
   433.606110       8.97341347    
   478.777985       8.86854935    
   500.000000       8.81952572    
   521.221985       8.77115917    
   566.393921       8.66877842    
   625.000000       8.53682232    
   683.606079       8.40581703    
   728.778015       8.30563545    
   750.000000       8.25892639    
   771.221985       8.21316433    
   816.393921       8.11656570    
   875.000000       7.99244404    
   933.606079       7.86959124    
   978.778015       7.77593088    
   1000.00000       7.73238468    
   1021.22198       7.69003296    
   1066.39392       7.60089588    
   1125.00000       7.48673153    
   1183.60608       7.37409973    
   1228.77795       7.28850985    
   1250.00000       7.24883366    
   1271.22205       7.21054792    
   1316.39392       7.13022184    
   1375.00000       7.02770185    
   1433.60608       6.92691088    
   1478.77795       6.85058689    
   1500.00000       6.81531906    
   1521.22205       6.70602465    
   1566.39392       6.32656622    
   1625.00000       5.89601374    
   1683.60608       5.44786978    
   1728.77795       5.12408924    
   1750.00000       4.97156143    
   1771.22205       4.82992363    
   1816.39392       4.53627491    
   1875.00000       4.16656685    
   1933.60608       3.80817389    
   1978.77795       3.54068446    
   2000.00000       3.41874194    
   2021.22205       3.30632782    
   2066.39380       3.07487488    
   2125.00000       2.78556061    
   2183.60620       2.50687933    
   2228.77808       2.30001736    
   2250.00000       2.20612383    
   2271.22192       2.12050653    
   2316.39380       1.94495082    
   2375.00000       1.72631419    
   2433.60620       1.51619375    
   2478.77808       1.36033821    
   2500.00000       1.28956306    
   2521.22192       1.22480023    
   2566.39380       1.09169221    
   2625.00000      0.925220490    
   2683.60620      0.764196575    
   2728.77808      0.643693268    
   2750.00000      0.588429332    
   2771.22192      0.536307395    
   2816.39380      0.427693367    
   2875.00000      0.289489806    
   2933.60620      0.153154522    
   2978.77808       4.88635823E-02
   3000.00000       1.22764095E-05
