   0.00000000       9.99993420    
   21.2220135       9.94729519    
   66.3938980       9.83514214    
   125.000000       9.68975449    
   183.606094       9.54458427    
   228.777985       9.43293285    
   250.000000       9.38060570    
   271.222015       9.32864380    
   316.393890       9.21837616    
   375.000000       9.07586193    
   433.606110       8.93398762    
   478.777985       8.82520103    
   500.000000       8.77435589    
   521.221985       8.72422409    
   566.393921       8.61813927    
   625.000000       8.48145390    
   683.606079       8.34580135    
   728.778015       8.24210739    
   750.000000       8.19377899    
   771.221985       8.14647961    
   816.393921       8.04667950    
   875.000000       7.91850758    
   933.606079       7.79171419    
   978.778015       7.69510508    
   1000.00000       7.65021229    
   1021.22198       7.60661602    
   1066.39392       7.51491499    
   1125.00000       7.39755011    
   1183.60608       7.28184652    
   1228.77795       7.19399166    
   1250.00000       7.15329552    
   1271.22205       7.11410522    
   1316.39392       7.03195143    
   1375.00000       6.92719936    
   1433.60608       6.82431793    
   1478.77795       6.74649334    
   1500.00000       6.71056843    
   1521.22205       6.59957075    
   1566.39392       6.21449852    
   1625.00000       5.77825546    
   1683.60608       5.32471704    
   1728.77795       4.99757862    
   1750.00000       4.84365463    
   1771.22205       4.70127821    
   1816.39392       4.40657377    
   1875.00000       4.03621960    
   1933.60608       3.67787480    
   1978.77795       3.41093612    
   2000.00000       3.28946376    
   2021.22205       3.17804861    
   2066.39380       2.94914746    
   2125.00000       2.66372061    
   2183.60620       2.38945913    
   2228.77808       2.18638158    
   2250.00000       2.09441662    
   2271.22192       2.01109695    
   2316.39380       1.84072340    
   2375.00000       1.62919462    
   2433.60620       1.42652357    
   2478.77808       1.27664173    
   2500.00000       1.20876217    
   2521.22192       1.14710820    
   2566.39380       1.02078247    
   2625.00000      0.863320172    
   2683.60620      0.711482465    
   2728.77808      0.598171830    
   2750.00000      0.546327472    
   2771.22192      0.497717202    
   2816.39380      0.396645308    
   2875.00000      0.268304586    
   2933.60620      0.141884953    
   2978.77808       4.52588759E-02
   3000.00000       1.13704064E-05
