   0.00000000       9.99993801    
   21.2220135       9.95049381    
   66.3938980       9.84514523    
   125.000000       9.70857048    
   183.606094       9.57218361    
   228.777985       9.46727085    
   250.000000       9.41809368    
   271.222015       9.36923313    
   316.393890       9.26552296    
   375.000000       9.13144493    
   433.606110       8.99792385    
   478.777985       8.89550114    
   500.000000       8.84761143    
   521.221985       8.80034351    
   566.393921       8.70027161    
   625.000000       8.57126427    
   683.606079       8.44315720    
   728.778015       8.34516716    
   750.000000       8.29946899    
   771.221985       8.25466728    
   816.393921       8.16007042    
   875.000000       8.03848267    
   933.606079       7.91809702    
   978.778015       7.82628441    
   1000.00000       7.78358269    
   1021.22198       7.74201345    
   1066.39392       7.65448856    
   1125.00000       7.54233980    
   1183.60608       7.43164492    
   1228.77795       7.34748507    
   1250.00000       7.30845308    
   1271.22205       7.27074146    
   1316.39392       7.19157743    
   1375.00000       7.09047985    
   1433.60608       6.99102449    
   1478.77795       6.91566229    
   1500.00000       6.88081694    
   1521.22205       6.77262878    
   1566.39392       6.39683151    
   1625.00000       5.97001839    
   1683.60608       5.52544308    
   1728.77795       5.20390892    
   1750.00000       5.05232334    
   1771.22205       4.91121578    
   1816.39392       4.61836910    
   1875.00000       4.24924612    
   1933.60608       3.89099574    
   1978.77795       3.62328815    
   2000.00000       3.50110698    
   2021.22205       3.38811350    
   2066.39380       3.15515232    
   2125.00000       2.86350608    
   2183.60620       2.58214426    
   2228.77808       2.37296653    
   2250.00000       2.27788496    
   2271.22192       2.19083309    
   2316.39380       2.01202869    
   2375.00000       1.78891778    
   2433.60620       1.57409048    
   2478.77808       1.41444755    
   2500.00000       1.34183121    
   2521.22192       1.27507854    
   2566.39380       1.13761961    
   2625.00000      0.965354800    
   2683.60620      0.798412204    
   2728.77808      0.673266590    
   2750.00000      0.615792334    
   2771.22192      0.561393142    
   2816.39380      0.447882682    
   2875.00000      0.303269684    
   2933.60620      0.160486251    
   2978.77808       5.12089357E-02
   3000.00000       1.28658967E-05
