   0.00000000       9.99993706    
   21.2220135       9.94988918    
   66.3938980       9.84325504    
   125.000000       9.70501518    
   183.606094       9.56696796    
   228.777985       9.46078205    
   250.000000       9.41100883    
   271.222015       9.36156178    
   316.393890       9.25661182    
   375.000000       9.12093830    
   433.606110       8.98583698    
   478.777985       8.88221073    
   500.000000       8.83376217    
   521.221985       8.78595161    
   566.393921       8.68474007    
   625.000000       8.55427933    
   683.606079       8.42474174    
   728.778015       8.32567024    
   750.000000       8.27947330    
   771.221985       8.23419762    
   816.393921       8.13861275    
   875.000000       8.01577282    
   933.606079       7.89416933    
   978.778015       7.80144453    
   1000.00000       7.75832558    
   1021.22198       7.71636963    
   1066.39392       7.62804794    
   1125.00000       7.51490307    
   1183.60608       7.40325022    
   1228.77795       7.31838322    
   1250.00000       7.27903271    
   1271.22205       7.24103642    
   1316.39392       7.16129732    
   1375.00000       7.05949497    
   1433.60608       6.95937729    
   1478.77795       6.88353825    
   1500.00000       6.84848309    
   1521.22205       6.73974466    
   1566.39392       6.36212587    
   1625.00000       5.93344927    
   1683.60608       5.48709345    
   1728.77795       5.16443634    
   1750.00000       5.01237869    
   1771.22205       4.87100315    
   1816.39392       4.57774687    
   1875.00000       4.20831776    
   1933.60608       3.84998035    
   1978.77795       3.58236837    
   2000.00000       3.46029973    
   2021.22205       3.34758782    
   2066.39380       3.11536288    
   2125.00000       2.82485843    
   2183.60620       2.54481173    
   2228.77808       2.33677220    
   2250.00000       2.24227548    
   2271.22192       2.15593171    
   2316.39380       1.97873175    
   2375.00000       1.75783253    
   2433.60620       1.54533350    
   2478.77808       1.38756526    
   2500.00000       1.31586075    
   2521.22192       1.25009477    
   2566.39380       1.11479425    
   2625.00000      0.945404589    
   2683.60620      0.781400621    
   2728.77808      0.658560693    
   2750.00000      0.602184474    
   2771.22192      0.548917353    
   2816.39380      0.437841415    
   2875.00000      0.296415806    
   2933.60620      0.156839445    
   2978.77808       5.00423349E-02
   3000.00000       1.25726792E-05
