   0.00000000       9.99993896    
   21.2220135       9.95165348    
   66.3938980       9.84877396    
   125.000000       9.71539593    
   183.606094       9.58219528    
   228.777985       9.47972870    
   250.000000       9.43169308    
   271.222015       9.38395882    
   316.393890       9.28262997    
   375.000000       9.15161705    
   433.606110       9.02113056    
   478.777985       8.92102051    
   500.000000       8.87420654    
   521.221985       8.82798004    
   566.393921       8.73009777    
   625.000000       8.60388756    
   683.606079       8.47853088    
   728.778015       8.38262081    
   750.000000       8.33788204    
   771.221985       8.29399395    
   816.393921       8.20130062    
   875.000000       8.08212376    
   933.606079       7.96408653    
   978.778015       7.87403393    
   1000.00000       7.83213663    
   1021.22198       7.79131413    
   1066.39392       7.70532942    
   1125.00000       7.59510708    
   1183.60608       7.48626471    
   1228.77795       7.40347481    
   1250.00000       7.36506081    
   1271.22205       7.32790041    
   1316.39392       7.24985552    
   1375.00000       7.15012932    
   1433.60608       7.05196428    
   1478.77795       6.97753286    
   1500.00000       6.94309711    
   1521.22205       6.83599091    
   1566.39392       6.46378136    
   1625.00000       6.04065323    
   1683.60608       5.59960890    
   1728.77795       5.28031397    
   1750.00000       5.12967491    
   1771.22205       4.98911953    
   1816.39392       4.69713688    
   1875.00000       4.32869720    
   1933.60608       3.97070599    
   1978.77795       3.70288038    
   2000.00000       3.58051229    
   2021.22205       3.46700001    
   2066.39380       3.23266673    
   2125.00000       2.93887401    
   2183.60620       2.65502262    
   2228.77808       2.44367909    
   2250.00000       2.34748077    
   2271.22192       2.25906682    
   2316.39380       2.07716751    
   2375.00000       1.84978104    
   2433.60620       1.63044369    
   2478.77808       1.46716273    
   2500.00000       1.39277399    
   2521.22192       1.32409656    
   2566.39380       1.18242216    
   2625.00000       1.00453556    
   2683.60620      0.831840813    
   2728.77808      0.702177703    
   2750.00000      0.642550409    
   2771.22192      0.585927844    
   2816.39380      0.467632920    
   2875.00000      0.316752642    
   2933.60620      0.167660996    
   2978.77808       5.35042211E-02
   3000.00000       1.34428055E-05
