   0.00000000       9.99993992    
   21.2220135       9.95221043    
   66.3938980       9.85051537    
   125.000000       9.71867180    
   183.606094       9.58700180    
   228.777985       9.48570824    
   250.000000       9.43822193    
   271.222015       9.39102840    
   316.393890       9.29084301    
   375.000000       9.16130161    
   433.606110       9.03227234    
   478.777985       8.93327427    
   500.000000       8.88697624    
   521.221985       8.84125042    
   566.393921       8.74442101    
   625.000000       8.61955643    
   683.606079       8.49552155    
   728.778015       8.40061283    
   750.000000       8.35633564    
   771.221985       8.31288719    
   816.393921       8.22111130    
   875.000000       8.10309505    
   933.606079       7.98619032    
   978.778015       7.89698648    
   1000.00000       7.85547686    
   1021.22198       7.81501484    
   1066.39392       7.72977448    
   1125.00000       7.62048340    
   1183.60608       7.51253748    
   1228.77795       7.43040991    
   1250.00000       7.39229536    
   1271.22205       7.35540295    
   1316.39392       7.27790165    
   1375.00000       7.17884254    
   1433.60608       7.08130550    
   1478.77795       7.00732803    
   1500.00000       6.97309256    
   1521.22205       6.86651754    
   1566.39392       6.49607277    
   1625.00000       6.07476377    
   1683.60608       5.63546801    
   1728.77795       5.31728792    
   1750.00000       5.16712141    
   1771.22205       5.02684879    
   1816.39392       4.73531723    
   1875.00000       4.36725092    
   1933.60608       4.00942707    
   1978.77795       3.74157572    
   2000.00000       3.61913109    
   2021.22205       3.50538015    
   2066.39380       3.27040768    
   2125.00000       2.97560573    
   2183.60620       2.69057584    
   2228.77808       2.47820210    
   2250.00000       2.38147044    
   2271.22192       2.29240084    
   2316.39380       2.10900903    
   2375.00000       1.87955642    
   2433.60620       1.65803516    
   2478.77808       1.49298918    
   2500.00000       1.41773939    
   2521.22192       1.34812367    
   2566.39380       1.20439208    
   2625.00000       1.02375853    
   2683.60620      0.848250508    
   2728.77808      0.716375947    
   2750.00000      0.655694008    
   2771.22192      0.597980440    
   2816.39380      0.477336645    
   2875.00000      0.323378056    
   2933.60620      0.171186939    
   2978.77808       5.46322651E-02
   3000.00000       1.37263351E-05
