   0.00000000       9.99993896    
   21.2220135       9.95108128    
   66.3938980       9.84698486    
   125.000000       9.71202946    
   183.606094       9.57725811    
   228.777985       9.47358418    
   250.000000       9.42498589    
   271.222015       9.37669659    
   316.393890       9.27419281    
   375.000000       9.14166737    
   433.606110       9.00968361    
   478.777985       8.90843391    
   500.000000       8.86108875    
   521.221985       8.81434822    
   566.393921       8.71538544    
   625.000000       8.58779526    
   683.606079       8.46108055    
   728.778015       8.36414433    
   750.000000       8.31893253    
   771.221985       8.27459335    
   816.393921       8.18096066    
   875.000000       8.06059265    
   933.606079       7.94139576    
   978.778015       7.85047388    
   1000.00000       7.80817890    
   1021.22198       7.76698732    
   1066.39392       7.68024158    
   1125.00000       7.56906700    
   1183.60608       7.45930862    
   1228.77795       7.37584066    
   1250.00000       7.33712101    
   1271.22205       7.29968786    
   1316.39392       7.22108889    
   1375.00000       7.12068319    
   1433.60608       7.02187872    
   1478.77795       6.94698524    
   1500.00000       6.91234684    
   1521.22205       6.80470276    
   1566.39392       6.43070889    
   1625.00000       6.00574541    
   1683.60608       5.56294107    
   1728.77795       5.24252796    
   1750.00000       5.09141541    
   1771.22205       4.95058155    
   1816.39392       4.65816021    
   1875.00000       4.28936720    
   1933.60608       3.93123317    
   1978.77795       3.66345501    
   2000.00000       3.54117441    
   2021.22205       3.42791438    
   2066.39380       3.19425082    
   2125.00000       2.90150952    
   2183.60620       2.61888003    
   2228.77808       2.40860152    
   2250.00000       2.31295300    
   2271.22192       2.22521138    
   2316.39380       2.04484081    
   2375.00000       1.81956780    
   2433.60620       1.60246146    
   2478.77808       1.44098115    
   2500.00000       1.36747015    
   2521.22192       1.29974699    
   2566.39380       1.16016352    
   2625.00000      0.985066414    
   2683.60620      0.815226912    
   2728.77808      0.687806785    
   2750.00000      0.629248857    
   2771.22192      0.573731124    
   2816.39380      0.457814127    
   2875.00000      0.310049295    
   2933.60620      0.164093792    
   2978.77808       5.23630120E-02
   3000.00000       1.31559673E-05
