   0.00000000       9.99994278    
   21.2220135       9.95429611    
   66.3938980       9.85703659    
   125.000000       9.73093796    
   183.606094       9.60499573    
   228.777985       9.50809765    
   250.000000       9.46266651    
   271.222015       9.41749763    
   316.393890       9.32159710    
   375.000000       9.19756985    
   433.606110       9.07400513    
   478.777985       8.97917271    
   500.000000       8.93481064    
   521.221985       8.89096451    
   566.393921       8.79808426    
   625.000000       8.67826843    
   683.606079       8.55920029    
   728.778015       8.46805000    
   750.000000       8.42550945    
   771.221985       8.38371372    
   816.393921       8.29538822    
   875.000000       8.18174553    
   933.606079       8.06910515    
   978.778015       7.98310041    
   1000.00000       7.94305468    
   1021.22198       7.90395498    
   1066.39392       7.82152796    
   1125.00000       7.71576166    
   1183.60608       7.61121082    
   1228.77795       7.53159714    
   1250.00000       7.49461889    
   1271.22205       7.45874596    
   1316.39392       7.38331747    
   1375.00000       7.28680658    
   1433.60608       7.19167423    
   1478.77795       7.11943722    
   1500.00000       7.08597136    
   1521.22205       6.98145485    
   1566.39392       6.61786366    
   1625.00000       6.20365620    
   1683.60608       5.77121639    
   1728.77795       5.45743608    
   1750.00000       5.30914783    
   1771.22205       5.17003489    
   1816.39392       4.88040352    
   1875.00000       4.51399851    
   1933.60608       4.15705013    
   1978.77795       3.88928127    
   2000.00000       3.76662803    
   2021.22205       3.65204382    
   2066.39380       3.41479063    
   2125.00000       3.11633253    
   2183.60620       2.82698822    
   2228.77808       2.61081076    
   2250.00000       2.51209784    
   2271.22192       2.42056537    
   2316.39380       2.23154688    
   2375.00000       1.99427760    
   2433.60620       1.76447034    
   2478.77808       1.59270990    
   2500.00000       1.51417673    
   2521.22192       1.44096518    
   2566.39380       1.28933525    
   2625.00000       1.09813833    
   2683.60620      0.911794841    
   2728.77808      0.771391869    
   2750.00000      0.706638157    
   2771.22192      0.644702792    
   2816.39380      0.514962077    
   2875.00000      0.349072903    
   2933.60620      0.184863284    
   2978.77808       5.90079688E-02
   3000.00000       1.48261661E-05
