   0.00000000       9.99994278    
   21.2220135       9.95478344    
   66.3938980       9.85856247    
   125.000000       9.73380852    
   183.606094       9.60920715    
   228.777985       9.51333809    
   250.000000       9.46838760    
   271.222015       9.42369366    
   316.393890       9.32879639    
   375.000000       9.20606041    
   433.606110       9.08377552    
   478.777985       8.98991871    
   500.000000       8.94601059    
   521.221985       8.90260506    
   566.393921       8.81065083    
   625.000000       8.69201946    
   683.606079       8.57411671    
   728.778015       8.48385048    
   750.000000       8.44171715    
   771.221985       8.40031052    
   816.393921       8.31279659    
   875.000000       8.20018291    
   933.606079       8.08854580    
   978.778015       8.00329494    
   1000.00000       7.96359444    
   1021.22198       7.92481613    
   1066.39392       7.84305382    
   1125.00000       7.73812103    
   1183.60608       7.63437366    
   1228.77795       7.55535603    
   1250.00000       7.51864672    
   1271.22205       7.48301649    
   1316.39392       7.40808201    
   1375.00000       7.31217861    
   1433.60608       7.21762133    
   1478.77795       7.14580107    
   1500.00000       7.11251974    
   1521.22205       7.00850058    
   1566.39392       6.64656925    
   1625.00000       6.23409033    
   1683.60608       5.80332518    
   1728.77795       5.49062729    
   1750.00000       5.34280348    
   1771.22205       5.20398521    
   1816.39392       4.91484594    
   1875.00000       4.54889011    
   1933.60608       4.19220352    
   1978.77795       3.92449474    
   2000.00000       3.80181026    
   2021.22205       3.68704486    
   2066.39380       3.44928408    
   2125.00000       3.14999819    
   2183.60620       2.85966659    
   2228.77808       2.64261150    
   2250.00000       2.54343867    
   2271.22192       2.45132780    
   2316.39380       2.26098347    
   2375.00000       2.02186680    
   2433.60620       1.79009533    
   2478.77808       1.61673915    
   2500.00000       1.53742409    
   2521.22192       1.46335208    
   2566.39380       1.30982900    
   2625.00000       1.11609602    
   2683.60620      0.927147686    
   2728.77808      0.784691989    
   2750.00000      0.718957245    
   2771.22192      0.656002581    
   2816.39380      0.524063647    
   2875.00000      0.355289608    
   2933.60620      0.188172624    
   2978.77808       6.00668490E-02
   3000.00000       1.50923179E-05
