   0.00000000       9.99994087    
   21.2220135       9.95328045    
   66.3938980       9.85386276    
   125.000000       9.72496700    
   183.606094       9.59623623    
   228.777985       9.49719810    
   250.000000       9.45076656    
   271.222015       9.40461254    
   316.393890       9.30662537    
   375.000000       9.17991257    
   433.606110       9.05368710    
   478.777985       8.95682621    
   500.000000       8.91152096    
   521.221985       8.86675930    
   566.393921       8.77195358    
   625.000000       8.64967823    
   683.606079       8.52818966    
   728.778015       8.43520737    
   750.000000       8.39181995    
   771.221985       8.34921837    
   816.393921       8.25920963    
   875.000000       8.14343357    
   933.606079       8.02871132    
   978.778015       7.94114494    
   1000.00000       7.90038490    
   1021.22198       7.86061954    
   1066.39392       7.77681732    
   1125.00000       7.66932774    
   1183.60608       7.56311655    
   1228.77795       7.48227310    
   1250.00000       7.44473839    
   1271.22205       7.40836573    
   1316.39392       7.33192110    
   1375.00000       7.23415947    
   1433.60608       7.13784647    
   1478.77795       7.06475401    
   1500.00000       7.03090954    
   1521.22205       6.92537737    
   1566.39392       6.55840158    
   1625.00000       6.14067936    
   1683.60608       5.70484114    
   1728.77795       5.38887405    
   1750.00000       5.23965025    
   1771.22205       5.09995317    
   1816.39392       4.80935478    
   1875.00000       4.44208956    
   1933.60608       4.08466530    
   1978.77795       3.81682110    
   2000.00000       3.69425416    
   2021.22205       3.58006358    
   2066.39380       3.34389853    
   2125.00000       3.04719567    
   2183.60620       2.75993252    
   2228.77808       2.54559588    
   2250.00000       2.44784427    
   2271.22192       2.35751247    
   2316.39380       2.17124057    
   2375.00000       1.93779218    
   2433.60620       1.71203995    
   2478.77808       1.54356921    
   2500.00000       1.46664608    
   2521.22192       1.39520133    
   2566.39380       1.24745476    
   2625.00000       1.06145513    
   2683.60620      0.880445957    
   2728.77808      0.744243681    
   2750.00000      0.681496322    
   2771.22192      0.621643245    
   2816.39380      0.496390641    
   2875.00000      0.336389214    
   2933.60620      0.178111896    
   2978.77808       5.68478256E-02
   3000.00000       1.42832132E-05
