   0.00000000       9.99994087    
   21.2220135       9.95275307    
   66.3938980       9.85221100    
   125.000000       9.72186089    
   183.606094       9.59168053    
   228.777985       9.49152946    
   250.000000       9.44457722    
   271.222015       9.39791012    
   316.393890       9.29883862    
   375.000000       9.17073059    
   433.606110       9.04312134    
   478.777985       8.94520569    
   500.000000       8.89941120    
   521.221985       8.85417366    
   566.393921       8.75836849    
   625.000000       8.63481522    
   683.606079       8.51206970    
   728.778015       8.41813660    
   750.000000       8.37430954    
   771.221985       8.33129025    
   816.393921       8.24040890    
   875.000000       8.12352562    
   933.606079       8.00772572    
   978.778015       7.91935015    
   1000.00000       7.87822008    
   1021.22198       7.83810997    
   1066.39392       7.75359678    
   1125.00000       7.64521694    
   1183.60608       7.53814745    
   1228.77795       7.45666885    
   1250.00000       7.41884756    
   1271.22205       7.38221741    
   1316.39392       7.30524921    
   1375.00000       7.20684528    
   1433.60608       7.10992575    
   1478.77795       7.03639460    
   1500.00000       7.00235605    
   1521.22205       6.89630604    
   1566.39392       6.52760553    
   1625.00000       6.10809898    
   1683.60608       5.67053890    
   1728.77795       5.35346794    
   1750.00000       5.20377398    
   1771.22205       5.06378698    
   1816.39392       4.77271795    
   1875.00000       4.40504360    
   1933.60608       4.04740953    
   1978.77795       3.77955222    
   2000.00000       3.65704155    
   2021.22205       3.54306483    
   2066.39380       3.30748224    
   2125.00000       3.01171064    
   2183.60620       2.72554421    
   2228.77808       2.51217341    
   2250.00000       2.41492391    
   2271.22192       2.32521534    
   2316.39380       2.14036632    
   2375.00000       1.90889335    
   2433.60620       1.68523419    
   2478.77808       1.51845860    
   2500.00000       1.44236410    
   2521.22192       1.37182605    
   2566.39380       1.22607040    
   2625.00000       1.04273260    
   2683.60620      0.864453077    
   2728.77808      0.730398774    
   2750.00000      0.668676734    
   2771.22192      0.609886348    
   2816.39380      0.486923188    
   2875.00000      0.329924017    
   2933.60620      0.174670815    
   2978.77808       5.57468757E-02
   3000.00000       1.40064903E-05
