   0.00000000       9.99994183    
   21.2220135       9.95379543    
   66.3938980       9.85547066    
   125.000000       9.72799206    
   183.606094       9.60067368    
   228.777985       9.50271988    
   250.000000       9.45679474    
   271.222015       9.41113949    
   316.393890       9.31420898    
   375.000000       9.18885708    
   433.606110       9.06397820    
   478.777985       8.96814537    
   500.000000       8.92331696    
   521.221985       8.87901878    
   566.393921       8.78518867    
   625.000000       8.66415787    
   683.606079       8.54389477    
   728.778015       8.45184040    
   750.000000       8.40888214    
   771.221985       8.36668777    
   816.393921       8.27753162    
   875.000000       8.16283417    
   933.606079       8.04916573    
   978.778015       7.96238947    
   1000.00000       7.92199087    
   1021.22198       7.88256168    
   1066.39392       7.79945517    
   1125.00000       7.69283676    
   1183.60608       7.58746433    
   1228.77795       7.50724268    
   1250.00000       7.46998882    
   1271.22205       7.43386889    
   1316.39392       7.35793686    
   1375.00000       7.26080656    
   1433.60608       7.16508913    
   1478.77795       7.09242821    
   1500.00000       7.05877495    
   1521.22205       6.95375347    
   1566.39392       6.58848047    
   1625.00000       6.17252541    
   1683.60608       5.73839426    
   1728.77795       5.42352438    
   1750.00000       5.27476931    
   1771.22205       5.13536310    
   1816.39392       4.84524488    
   1875.00000       4.47840309    
   1933.60608       4.12120819    
   1978.77795       3.85339379    
   2000.00000       3.73077941    
   2021.22205       3.61638665    
   2066.39380       3.37966514    
   2125.00000       3.08206725    
   2183.60620       2.79374528    
   2228.77808       2.57847381    
   2250.00000       2.48023438    
   2271.22192       2.38929486    
   2316.39380       2.20163345    
   2375.00000       1.96625328    
   2433.60620       1.73845208    
   2478.77808       1.56831980    
   2500.00000       1.49058390    
   2521.22192       1.41824806    
   2566.39380       1.26854360    
   2625.00000       1.07992423    
   2683.60620      0.896227121    
   2728.77808      0.757908583    
   2750.00000      0.694150686    
   2771.22192      0.633249283    
   2816.39380      0.505737364    
   2875.00000      0.342772484    
   2933.60620      0.181509554    
   2978.77808       5.79349138E-02
   3000.00000       1.45564527E-05
