   0.00000000       9.99994564    
   21.2220135       9.95661545    
   66.3938980       9.86429024    
   125.000000       9.74458218    
   183.606094       9.62501240    
   228.777985       9.53300476    
   250.000000       9.48985958    
   271.222015       9.44694614    
   316.393890       9.35581684    
   375.000000       9.23793221    
   433.606110       9.12045383    
   478.777985       9.03026485    
   500.000000       8.98806190    
   521.221985       8.94631195    
   566.393921       8.85784149    
   625.000000       8.74366665    
   683.606079       8.63014984    
   728.778015       8.54320431    
   750.000000       8.50260544    
   771.221985       8.46266460    
   816.393921       8.37821007    
   875.000000       8.26947689    
   933.606079       8.16162872    
   978.778015       8.07922268    
   1000.00000       8.04082584    
   1021.22198       8.00326347    
   1066.39392       7.92401743    
   1125.00000       7.82224178    
   1183.60608       7.72154045    
   1228.77795       7.64478254    
   1250.00000       7.60909653    
   1271.22205       7.57438993    
   1316.39392       7.50133657    
   1375.00000       7.40775347    
   1433.60608       7.31539249    
   1478.77795       7.24516916    
   1500.00000       7.21259594    
   1521.22205       7.11049700    
   1566.39392       6.75498486    
   1625.00000       6.34921646    
   1683.60608       5.92497540    
   1728.77795       5.61651278    
   1750.00000       5.47051430    
   1771.22205       5.33288050    
   1816.39392       5.04575348    
   1875.00000       4.68168497    
   1933.60608       4.32617283    
   1978.77795       4.05882835    
   2000.00000       3.93608737    
   2021.22205       3.82068872    
   2066.39380       3.58110952    
   2125.00000       3.27881384    
   2183.60620       2.98485231    
   2228.77808       2.76454520    
   2250.00000       2.66365886    
   2271.22192       2.56937122    
   2316.39380       2.37402201    
   2375.00000       2.12791085    
   2433.60620       1.88868439    
   2478.77808       1.70925808    
   2500.00000       1.62696266    
   2521.22192       1.54959726    
   2566.39380       1.38881874    
   2625.00000       1.18535304    
   2683.60620      0.986395299    
   2728.77808      0.836043596    
   2750.00000      0.766532242    
   2771.22192      0.699645638    
   2816.39380      0.559222937    
   2875.00000      0.379308701    
   2933.60620      0.200960100    
   2978.77808       6.41586259E-02
   3000.00000       1.61208009E-05
