   0.00000000       9.99994469    
   21.2220135       9.95617485    
   66.3938980       9.86291218    
   125.000000       9.74199104    
   183.606094       9.62121010    
   228.777985       9.52827358    
   250.000000       9.48469448    
   271.222015       9.44135284    
   316.393890       9.34931660    
   375.000000       9.23026466    
   433.606110       9.11162949    
   478.777985       9.02055740    
   500.000000       8.97794342    
   521.221985       8.93579578    
   566.393921       8.84648609    
   625.000000       8.73123741    
   683.606079       8.61666393    
   728.778015       8.52891922    
   750.000000       8.48795033    
   771.221985       8.44765568    
   816.393921       8.36246300    
   875.000000       8.25279427    
   933.606079       8.14403152    
   978.778015       8.06093788    
   1000.00000       8.02222633    
   1021.22198       7.98437071    
   1066.39392       7.90451622    
   1125.00000       7.80197716    
   1183.60608       7.70053864    
   1228.77795       7.62323332    
   1250.00000       7.58729982    
   1271.22205       7.55236912    
   1316.39392       7.47885895    
   1375.00000       7.38471222    
   1433.60608       7.29181719    
   1478.77795       7.22120523    
   1500.00000       7.18845940    
   1521.22205       7.08589077    
   1566.39392       6.72880745    
   1625.00000       6.32139254    
   1683.60608       5.89554787    
   1728.77795       5.58604145    
   1750.00000       5.43959188    
   1771.22205       5.30166149    
   1816.39392       5.01402712    
   1875.00000       4.64947557    
   1933.60608       4.29365301    
   1978.77795       4.02620125    
   2000.00000       3.90346527    
   2021.22205       3.78821206    
   2066.39380       3.54905748    
   2125.00000       3.24747205    
   2183.60620       2.95437288    
   2228.77808       2.73484182    
   2250.00000       2.63436580    
   2271.22192       2.54060268    
   2316.39380       2.34646177    
   2375.00000       2.10204172    
   2433.60620       1.86462069    
   2478.77808       1.68666625    
   2500.00000       1.60509431    
   2521.22192       1.52853036    
   2566.39380       1.36951888    
   2625.00000       1.16842520    
   2683.60620      0.971908867    
   2728.77808      0.823484123    
   2750.00000      0.754894912    
   2771.22192      0.688969433    
   2816.39380      0.550621212    
   2875.00000      0.373431891    
   2933.60620      0.197831154    
   2978.77808       6.31573796E-02
   3000.00000       1.58691346E-05
