   0.00000000       9.99994469    
   21.2220135       9.95572281    
   66.3938980       9.86149883    
   125.000000       9.73933315    
   183.606094       9.61731052    
   228.777985       9.52342129    
   250.000000       9.47939682    
   271.222015       9.43561554    
   316.393890       9.34264946    
   375.000000       9.22240067    
   433.606110       9.10257912    
   478.777985       9.01060295    
   500.000000       8.96756840    
   521.221985       8.92501068    
   566.393921       8.83484268    
   625.000000       8.71849346    
   683.606079       8.60283756    
   728.778015       8.51427269    
   750.000000       8.47292423    
   771.221985       8.43226814    
   816.393921       8.34632015    
   875.000000       8.23569298    
   933.606079       8.12599468    
   978.778015       8.04219818    
   1000.00000       8.00316525    
   1021.22198       7.96500826    
   1066.39392       7.88453245    
   1125.00000       7.78121233    
   1183.60608       7.67902088    
   1228.77795       7.60115719    
   1250.00000       7.56497049    
   1271.22205       7.52981091    
   1316.39392       7.45583534    
   1375.00000       7.36111403    
   1433.60608       7.26767492    
   1478.77795       7.19666719    
   1500.00000       7.16374588    
   1521.22205       7.06070089    
   1566.39392       6.70202351    
   1625.00000       6.29294157    
   1683.60608       5.86547470    
   1728.77795       5.55491352    
   1750.00000       5.40800953    
   1771.22205       5.26978254    
   1816.39392       4.98164320    
   1875.00000       4.61661530    
   1933.60608       4.26049280    
   1978.77795       3.99294353    
   2000.00000       3.87021852    
   2021.22205       3.75511909    
   2066.39380       3.51640868    
   2125.00000       3.21556067    
   2183.60620       2.92335296    
   2228.77808       2.70462203    
   2250.00000       2.60456800    
   2271.22192       2.51134229    
   2316.39380       2.31843758    
   2375.00000       2.07574654    
   2433.60620       1.84016907    
   2478.77808       1.66371655    
   2500.00000       1.58288240    
   2521.22192       1.50713432    
   2566.39380       1.34992087    
   2625.00000       1.15123987    
   2683.60620      0.957205296    
   2728.77808      0.810738802    
   2750.00000      0.743086398    
   2771.22192      0.678136587    
   2816.39380      0.541893780    
   2875.00000      0.367469579    
   2933.60620      0.194656819    
   2978.77808       6.21416382E-02
   3000.00000       1.56138231E-05
