   0.00000000       9.99994373    
   21.2220135       9.95525932    
   66.3938980       9.86005020    
   125.000000       9.73660660    
   183.606094       9.61331081    
   228.777985       9.51844406    
   250.000000       9.47396278    
   271.222015       9.42973137    
   316.393890       9.33581161    
   375.000000       9.21433544    
   433.606110       9.09329700    
   478.777985       9.00039291    
   500.000000       8.95692730    
   521.221985       8.91395092    
   566.393921       8.82290077    
   625.000000       8.70542431    
   683.606079       8.58865929    
   728.778015       8.49925327    
   750.000000       8.45751762    
   771.221985       8.41649055    
   816.393921       8.32976913    
   875.000000       8.21816063    
   933.606079       8.10750484    
   978.778015       8.02298927    
   1000.00000       7.98362589    
   1021.22198       7.94516182    
   1066.39392       7.86404991    
   1125.00000       7.75993252    
   1183.60608       7.65697145    
   1228.77795       7.57853651    
   1250.00000       7.54209137    
   1271.22205       7.50669909    
   1316.39392       7.43224859    
   1375.00000       7.33694172    
   1433.60608       7.24294853    
   1478.77795       7.17153835    
   1500.00000       7.13843870    
   1521.22205       7.03490973    
   1566.39392       6.67461681    
   1625.00000       6.26384640    
   1683.60608       5.83473921    
   1728.77795       5.52311420    
   1750.00000       5.37575150    
   1771.22205       5.23722887    
   1816.39392       4.94858789    
   1875.00000       4.58309126    
   1933.60608       4.22668028    
   1978.77795       3.95904517    
   2000.00000       3.83633709    
   2021.22205       3.72140002    
   2066.39380       3.48315382    
   2125.00000       3.18307185    
   2183.60620       2.89178610    
   2228.77808       2.67388010    
   2250.00000       2.57426047    
   2271.22192       2.48158526    
   2316.39380       2.28994608    
   2375.00000       2.04902220    
   2433.60620       1.81532776    
   2478.77808       1.64040792    
   2500.00000       1.56032586    
   2521.22192       1.48540843    
   2566.39380       1.33002424    
   2625.00000       1.13379681    
   2683.60620      0.942284763    
   2728.77808      0.797807932    
   2750.00000      0.731106997    
   2771.22192      0.667147398    
   2816.39380      0.533041120    
   2875.00000      0.361422002    
   2933.60620      0.191437230    
   2978.77808       6.11114353E-02
   3000.00000       1.53548772E-05
