   0.00000000       9.99994564    
   21.2220135       9.95704460    
   66.3938980       9.86563301    
   125.000000       9.74710941    
   183.606094       9.62871933    
   228.777985       9.53761768    
   250.000000       9.49489689    
   271.222015       9.45240116    
   316.393890       9.36215591    
   375.000000       9.24540997    
   433.606110       9.12906075    
   478.777985       9.03973293    
   500.000000       8.99792957    
   521.221985       8.95656967    
   566.393921       8.86891842    
   625.000000       8.75578976    
   683.606079       8.64330387    
   728.778015       8.55714130    
   750.000000       8.51690292    
   771.221985       8.47730637    
   816.393921       8.39357281    
   875.000000       8.28575516    
   933.606079       8.17879963    
   978.778015       8.09706497    
   1000.00000       8.05897522    
   1021.22198       8.02170086    
   1066.39392       7.94304991    
   1125.00000       7.84202099    
   1183.60608       7.74204159    
   1228.77795       7.66581917    
   1250.00000       7.63037634    
   1271.22205       7.59588861    
   1316.39392       7.52328348    
   1375.00000       7.43025351    
   1433.60608       7.33841705    
   1478.77795       7.26857519    
   1500.00000       7.23617172    
   1521.22205       7.13453484    
   1566.39392       6.78057194    
   1625.00000       6.37642908    
   1683.60608       5.95377207    
   1728.77795       5.64634323    
   1750.00000       5.50079203    
   1771.22205       5.36345339    
   1816.39392       5.07683516    
   1875.00000       4.71325588    
   1933.60608       4.35806322    
   1978.77795       4.09083557    
   2000.00000       3.96809554    
   2021.22205       3.85255861    
   2066.39380       3.61257291    
   2125.00000       3.30959320    
   2183.60620       3.01479769    
   2228.77808       2.79373741    
   2250.00000       2.69245195    
   2271.22192       2.59765220    
   2316.39380       2.40112257    
   2375.00000       2.15335655    
   2433.60620       1.91236258    
   2478.77808       1.73149359    
   2500.00000       1.64848876    
   2521.22192       1.57033622    
   2566.39380       1.40782142    
   2625.00000       1.20202351    
   2683.60620       1.00066471    
   2728.77808      0.848417044    
   2750.00000      0.777998090    
   2771.22192      0.710165024    
   2816.39380      0.567698777    
   2875.00000      0.385099888    
   2933.60620      0.204043567    
   2978.77808       6.51453286E-02
   3000.00000       1.63688146E-05
