   0.00000000       9.99994850    
   21.2220135       9.95903969    
   66.3938980       9.87187290    
   125.000000       9.75884724    
   183.606094       9.64593983    
   228.777985       9.55904675    
   250.000000       9.51829338    
   271.222015       9.47774029    
   316.393890       9.39160442    
   375.000000       9.28015137    
   433.606110       9.16904831    
   478.777985       9.08372402    
   500.000000       9.04378319    
   521.221985       9.00423431    
   566.393921       8.92039394    
   625.000000       8.81214142    
   683.606079       8.70445824    
   728.778015       8.62193489    
   750.000000       8.58337975    
   771.221985       8.54539299    
   816.393921       8.46502209    
   875.000000       8.36147308    
   933.606079       8.25868988    
   978.778015       8.18009090    
   1000.00000       8.14343929    
   1021.22198       8.10751057    
   1066.39392       8.03164768    
   1125.00000       7.93412161    
   1183.60608       7.83752728    
   1228.77795       7.76382017    
   1250.00000       7.72951841    
   1271.22205       7.69606543    
   1316.39392       7.62557316    
   1375.00000       7.53515577    
   1433.60608       7.44579983    
   1478.77795       7.37776613    
   1500.00000       7.34616756    
   1521.22205       7.24673939    
   1566.39392       6.90018272    
   1625.00000       6.50383902    
   1683.60608       6.08880854    
   1728.77795       5.78637743    
   1750.00000       5.64299631    
   1771.22205       5.50711918    
   1816.39392       5.22304773    
   1875.00000       4.86196756    
   1933.60608       4.50847530    
   1978.77795       4.24194670    
   2000.00000       4.11927605    
   2021.22205       4.00315142    
   2066.39380       3.76137662    
   2125.00000       3.45532727    
   2183.60620       3.15674400    
   2228.77808       2.93223381    
   2250.00000       2.82910919    
   2271.22192       2.73192430    
   2316.39380       2.52987838    
   2375.00000       2.27435946    
   2433.60620       2.02506137    
   2478.77808       1.83740091    
   2500.00000       1.75104964    
   2521.22192       1.66916955    
   2566.39380       1.49842083    
   2625.00000       1.28154874    
   2683.60620       1.06877518    
   2728.77808      0.907505214    
   2750.00000      0.832764208    
   2771.22192      0.760415494    
   2816.39380      0.608194292    
   2875.00000      0.412772745    
   2933.60620      0.218779281    
   2978.77808       6.98609501E-02
   3000.00000       1.75541227E-05
