   0.00000000       9.99994850    
   21.2220135       9.95866013    
   66.3938980       9.87068558    
   125.000000       9.75661278    
   183.606094       9.64266205    
   228.777985       9.55496883    
   250.000000       9.51384068    
   271.222015       9.47291756    
   316.393890       9.38599968    
   375.000000       9.27353859    
   433.606110       9.16143608    
   478.777985       9.07534981    
   500.000000       9.03505421    
   521.221985       8.99516010    
   566.393921       8.91059303    
   625.000000       8.80141163    
   683.606079       8.69281292    
   728.778015       8.60959625    
   750.000000       8.57071972    
   771.221985       8.53242493    
   816.393921       8.45141220    
   875.000000       8.34704876    
   933.606079       8.24346924    
   978.778015       8.16427040    
   1000.00000       8.12734413    
   1021.22198       8.09115791    
   1066.39392       8.01476097    
   1125.00000       7.91656494    
   1183.60608       7.81932163    
   1228.77795       7.74513245    
   1250.00000       7.71061182    
   1271.22205       7.67695999    
   1316.39392       7.60606194    
   1375.00000       7.51514149    
   1433.60608       7.42530775    
   1478.77795       7.35692596    
   1500.00000       7.32517195    
   1521.22205       7.22531557    
   1566.39392       6.87732315    
   1625.00000       6.47946310    
   1683.60608       6.06294775    
   1728.77795       5.75954056    
   1750.00000       5.61573505    
   1771.22205       5.47956800    
   1816.39392       5.19498920    
   1875.00000       4.83340502    
   1933.60608       4.47956181    
   1978.77795       4.21288013    
   2000.00000       4.09018803    
   2021.22205       3.97416854    
   2066.39380       3.73272181    
   2125.00000       3.42724276    
   2183.60620       3.12936974    
   2228.77808       2.90550995    
   2250.00000       2.80273366    
   2271.22192       2.70600343    
   2316.39380       2.50501132    
   2375.00000       2.25097656    
   2433.60620       2.00327063    
   2478.77808       1.81691408    
   2500.00000       1.73120606    
   2521.22192       1.65004444    
   2566.39380       1.48088408    
   2625.00000       1.26615000    
   2683.60620       1.05558193    
   2728.77808      0.896056175    
   2750.00000      0.822151184    
   2771.22192      0.750676930    
   2816.39380      0.600345433    
   2875.00000      0.407408655    
   2933.60620      0.215922728    
   2978.77808       6.89467862E-02
   3000.00000       1.73243407E-05
