   0.00000000       9.99994755    
   21.2220135       9.95827103    
   66.3938980       9.86946869    
   125.000000       9.75432396    
   183.606094       9.63930416    
   228.777985       9.55078983    
   250.000000       9.50927830    
   271.222015       9.46797657    
   316.393890       9.38025665    
   375.000000       9.26676273    
   433.606110       9.15363789    
   478.777985       9.06676960    
   500.000000       9.02611065    
   521.221985       8.98586369    
   566.393921       8.90055275    
   625.000000       8.79041958    
   683.606079       8.68088341    
   728.778015       8.59695625    
   750.000000       8.55775070    
   771.221985       8.51914310    
   816.393921       8.43747330    
   875.000000       8.33227539    
   933.606079       8.22788048    
   978.778015       8.14806843    
   1000.00000       8.11086178    
   1021.22198       8.07441235    
   1066.39392       7.99747038    
   1125.00000       7.89858866    
   1183.60608       7.80068302    
   1228.77795       7.72600174    
   1250.00000       7.69125748    
   1271.22205       7.65740299    
   1316.39392       7.58609056    
   1375.00000       7.49465752    
   1433.60608       7.40433741    
   1478.77795       7.33559990    
   1500.00000       7.30368805    
   1521.22205       7.20339727    
   1566.39392       6.85394573    
   1625.00000       6.45454788    
   1683.60608       6.03652716    
   1728.77795       5.73213196    
   1750.00000       5.58789682    
   1771.22205       5.45143938    
   1816.39392       5.16635132    
   1875.00000       4.80426407    
   1933.60608       4.45007467    
   1978.77795       4.18324614    
   2000.00000       4.06053591    
   2021.22205       3.94462752    
   2066.39380       3.70352292    
   2125.00000       3.39863515    
   2183.60620       3.10149479    
   2228.77808       2.87830448    
   2250.00000       2.77588582    
   2271.22192       2.67962122    
   2316.39380       2.47970700    
   2375.00000       2.22718883    
   2433.60620       1.98110843    
   2478.77808       1.79608262    
   2500.00000       1.71103060    
   2521.22192       1.63060081    
   2566.39380       1.46305764    
   2625.00000       1.25049961    
   2683.60620       1.04217517    
   2728.77808      0.884423614    
   2750.00000      0.811368704    
   2771.22192      0.740783155    
   2816.39380      0.592371821    
   2875.00000      0.401959568    
   2933.60620      0.213021010    
   2978.77808       6.80181831E-02
   3000.00000       1.70909279E-05
