   0.00000000       9.99994659    
   21.2220135       9.95787239    
   66.3938980       9.86822128    
   125.000000       9.75197887    
   183.606094       9.63586330    
   228.777985       9.54650688    
   250.000000       9.50460243    
   271.222015       9.46291256    
   316.393890       9.37437057    
   375.000000       9.25981998    
   433.606110       9.14564610    
   478.777985       9.05797768    
   500.000000       9.01694679    
   521.221985       8.97633743    
   566.393921       8.89026546    
   625.000000       8.77915764    
   683.606079       8.66866207    
   728.778015       8.58400631    
   750.000000       8.54446507    
   771.221985       8.50553513    
   816.393921       8.42319393    
   875.000000       8.31714249    
   933.606079       8.21191406    
   978.778015       8.13147545    
   1000.00000       8.09398079    
   1021.22198       8.05726242    
   1066.39392       7.97976351    
   1125.00000       7.88018131    
   1183.60608       7.78159904    
   1228.77795       7.70641470    
   1250.00000       7.67144203    
   1271.22205       7.63738108    
   1316.39392       7.56564617    
   1375.00000       7.47369099    
   1433.60608       7.38287497    
   1478.77795       7.31377602    
   1500.00000       7.28170300    
   1521.22205       7.18097019    
   1566.39392       6.83003759    
   1625.00000       6.42908001    
   1683.60608       6.00953388    
   1728.77795       5.70413876    
   1750.00000       5.55946922    
   1771.22205       5.42271948    
   1816.39392       5.13712120    
   1875.00000       4.77453327    
   1933.60608       4.42000294    
   1978.77795       4.15303421    
   2000.00000       4.03030968    
   2021.22205       3.91451836    
   2066.39380       3.67377090    
   2125.00000       3.36949611    
   2183.60620       3.07311225    
   2228.77808       2.85061121    
   2250.00000       2.74855995    
   2271.22192       2.65277219    
   2316.39380       2.45396066    
   2375.00000       2.20299196    
   2433.60620       1.95857179    
   2478.77808       1.77490366    
   2500.00000       1.69052076    
   2521.22192       1.61083627    
   2566.39380       1.44493949    
   2625.00000       1.23459578    
   2683.60620       1.02855408    
   2728.77808      0.872606635    
   2750.00000      0.800416052    
   2771.22192      0.730733514    
   2816.39380      0.584273100    
   2875.00000      0.396425217    
   2933.60620      0.210073978    
   2978.77808       6.70750961E-02
   3000.00000       1.68538754E-05
