   0.00000000       9.99994659    
   21.2220135       9.95746422    
   66.3938980       9.86694336    
   125.000000       9.74957371    
   183.606094       9.63233566    
   228.777985       9.54211807    
   250.000000       9.49980927    
   271.222015       9.45772171    
   316.393890       9.36833858    
   375.000000       9.25270367    
   433.606110       9.13745594    
   478.777985       9.04896832    
   500.000000       9.00755596    
   521.221985       8.96657562    
   566.393921       8.87972355    
   625.000000       8.76761723    
   683.606079       8.65613842    
   728.778015       8.57073784    
   750.000000       8.53085232    
   771.221985       8.49159336    
   816.393921       8.40856361    
   875.000000       8.30163956    
   933.606079       8.19555759    
   978.778015       8.11447811    
   1000.00000       8.07668972    
   1021.22198       8.03969574    
   1066.39392       7.96162748    
   1125.00000       7.86132956    
   1183.60608       7.76205635    
   1228.77795       7.68635845    
   1250.00000       7.65115309    
   1271.22205       7.61688089    
   1316.39392       7.54471540    
   1375.00000       7.45222759    
   1433.60608       7.36090612    
   1478.77795       7.29143906    
   1500.00000       7.25920248    
   1521.22205       7.15802145    
   1566.39392       6.80558491    
   1625.00000       6.40304518    
   1683.60608       5.98195362    
   1728.77795       5.67554712    
   1750.00000       5.53043890    
   1771.22205       5.39339495    
   1816.39392       5.10728693    
   1875.00000       4.74420118    
   1933.60608       4.38933659    
   1978.77795       4.12223434    
   2000.00000       3.99949956    
   2021.22205       3.88383198    
   2066.39380       3.64345717    
   2125.00000       3.33981800    
   2183.60620       3.04421544    
   2228.77808       2.82242417    
   2250.00000       2.72075057    
   2271.22192       2.62545085    
   2316.39380       2.42776728    
   2375.00000       2.17838264    
   2433.60620       1.93565738    
   2478.77808       1.75337481    
   2500.00000       1.66967416    
   2521.22192       1.59074867    
   2566.39380       1.42652798    
   2625.00000       1.21843755    
   2683.60620       1.01471746    
   2728.77808      0.860604584    
   2750.00000      0.789292634    
   2771.22192      0.720527589    
   2816.39380      0.576048791    
   2875.00000      0.390805364    
   2933.60620      0.207081527    
   2978.77808       6.61174804E-02
   3000.00000       1.66131722E-05
