   0.00000000       9.99994946    
   21.2220135       9.96012592    
   66.3938980       9.87526798    
   125.000000       9.76523399    
   183.606094       9.65530968    
   228.777985       9.57070732    
   250.000000       9.53102589    
   271.222015       9.49152946    
   316.393890       9.40763092    
   375.000000       9.29905987    
   433.606110       9.19081593    
   478.777985       9.10767269    
   500.000000       9.06874657    
   521.221985       9.03018570    
   566.393921       8.94842339    
   625.000000       8.84283257    
   683.606079       8.73777103    
   728.778015       8.65723610    
   750.000000       8.61959934    
   771.221985       8.58249283    
   816.393921       8.50396156    
   875.000000       8.40275097    
   933.606079       8.30225372    
   978.778015       8.22537327    
   1000.00000       8.18951035    
   1021.22198       8.15432167    
   1066.39392       8.07999134    
   1125.00000       7.98439407    
   1183.60608       7.88966465    
   1228.77795       7.81734514    
   1250.00000       7.78367281    
   1271.22205       7.75079298    
   1316.39392       7.68147278    
   1375.00000       7.59250641    
   1433.60608       7.50453091    
   1478.77795       7.43750572    
   1500.00000       7.40635681    
   1521.22205       7.30817032    
   1566.39392       6.96578884    
   1625.00000       6.57386065    
   1683.60608       6.16316175    
   1728.77795       5.86358404    
   1750.00000       5.72144794    
   1771.22205       5.58642530    
   1816.39392       5.30386448    
   1875.00000       4.94430017    
   1933.60608       4.59188080    
   1978.77795       4.32583857    
   2000.00000       4.20325232    
   2021.22205       4.08684397    
   2066.39380       3.84416318    
   2125.00000       3.53651738    
   2183.60620       3.23593211    
   2228.77808       3.00957775    
   2250.00000       2.90546227    
   2271.22192       2.80697489    
   2316.39380       2.60190535    
   2375.00000       2.34212184    
   2433.60620       2.08824158    
   2478.77808       1.89682341    
   2500.00000       1.80861628    
   2521.22192       1.72465897    
   2566.39380       1.54931438    
   2625.00000       1.32625139    
   2683.60620       1.10708785    
   2728.77808      0.940761149    
   2750.00000      0.863595486    
   2771.22192      0.788708150    
   2816.39380      0.630999029    
   2875.00000      0.428359300    
   2933.60620      0.227080077    
   2978.77808       7.25174695E-02
   3000.00000       1.82218646E-05
