   0.00000000       9.99994946    
   21.2220135       9.95941067    
   66.3938980       9.87303162    
   125.000000       9.76102734    
   183.606094       9.64913845    
   228.777985       9.56302738    
   250.000000       9.52264023    
   271.222015       9.48244762    
   316.393890       9.39707565    
   375.000000       9.28660583    
   433.606110       9.17647839    
   478.777985       9.09189892    
   500.000000       9.05230427    
   521.221985       9.01309204    
   566.393921       8.92996120    
   625.000000       8.82261658    
   683.606079       8.71582794    
   728.778015       8.63398266    
   750.000000       8.59574127    
   771.221985       8.55805397    
   816.393921       8.47831059    
   875.000000       8.37555885    
   933.606079       8.27355480    
   978.778015       8.19554043    
   1000.00000       8.15915871    
   1021.22198       8.12348175    
   1066.39392       8.04814053    
   1125.00000       7.95127153    
   1183.60608       7.85531187    
   1228.77795       7.78207684    
   1250.00000       7.74798918    
   1271.22205       7.71473122    
   1316.39392       7.64463758    
   1375.00000       7.55471277    
   1433.60608       7.46582603    
   1478.77795       7.39813471    
   1500.00000       7.36668873    
   1521.22205       7.26768112    
   1566.39392       6.92253876    
   1625.00000       6.52768898    
   1683.60608       6.11412287    
   1728.77795       5.81265545    
   1750.00000       5.66969442    
   1771.22205       5.53410387    
   1816.39392       5.25053835    
   1875.00000       4.88996363    
   1933.60608       4.53682613    
   1978.77795       4.27045536    
   2000.00000       4.14780998    
   2021.22205       4.03158569    
   2066.39380       3.78949618    
   2125.00000       3.48289585    
   2183.60620       3.18362474    
   2228.77808       2.95848227    
   2250.00000       2.85501862    
   2271.22192       2.75738931    
   2316.39380       2.55431294    
   2375.00000       2.29734182    
   2433.60620       2.04648447    
   2478.77808       1.85754597    
   2500.00000       1.77056384    
   2521.22192       1.68797851    
   2566.39380       1.51566982    
   2625.00000       1.29669726    
   2683.60620       1.08175635    
   2728.77808      0.918771625    
   2750.00000      0.843208611    
   2771.22192      0.769999683    
   2816.39380      0.615919113    
   2875.00000      0.418052256    
   2933.60620      0.221590877    
   2978.77808       7.07607344E-02
   3000.00000       1.77802922E-05
