   0.00000000       9.99994946    
   21.2220135       9.95977211    
   66.3938980       9.87416363    
   125.000000       9.76315594    
   183.606094       9.65226173    
   228.777985       9.56691360    
   250.000000       9.52688313    
   271.222015       9.48704243    
   316.393890       9.40241623    
   375.000000       9.29290771    
   433.606110       9.18373299    
   478.777985       9.09988022    
   500.000000       9.06062317    
   521.221985       9.02174091    
   566.393921       8.93930244    
   625.000000       8.83284473    
   683.606079       8.72692966    
   728.778015       8.64574718    
   750.000000       8.60781097    
   771.221985       8.57041740    
   816.393921       8.49128723    
   875.000000       8.38931465    
   933.606079       8.28807259    
   978.778015       8.21063137    
   1000.00000       8.17451191    
   1021.22198       8.13908195    
   1066.39392       8.06425190    
   1125.00000       7.96802521    
   1183.60608       7.87268734    
   1228.77795       7.79991484    
   1250.00000       7.76603699    
   1271.22205       7.73297024    
   1316.39392       7.66326714    
   1375.00000       7.57382584    
   1433.60608       7.48539877    
   1478.77795       7.41804409    
   1500.00000       7.38674784    
   1521.22205       7.28815413    
   1566.39392       6.94440317    
   1625.00000       6.55102491    
   1683.60608       6.13890314    
   1728.77795       5.83838701    
   1750.00000       5.69584084    
   1771.22205       5.56053543    
   1816.39392       5.27747345    
   1875.00000       4.91740417    
   1933.60608       4.56462479    
   1978.77795       4.29841614    
   2000.00000       4.17579889    
   2021.22205       4.05947971    
   2066.39380       3.81708884    
   2125.00000       3.50995660    
   2183.60620       3.21001840    
   2228.77808       2.98426151    
   2250.00000       2.88046765    
   2271.22192       2.78240442    
   2316.39380       2.57832026    
   2375.00000       2.31992769    
   2433.60620       2.06754327    
   2478.77808       1.87735236    
   2500.00000       1.78975177    
   2521.22192       1.70647407    
   2566.39380       1.53263354    
   2625.00000       1.31159759    
   2683.60620       1.09452677    
   2728.77808      0.929856539    
   2750.00000      0.853485346    
   2771.22192      0.779430211    
   2816.39380      0.623520434    
   2875.00000      0.423247606    
   2933.60620      0.224357709    
   2978.77808       7.16462135E-02
   3000.00000       1.80028655E-05
