   0.00000000       9.99995041    
   21.2220135       9.96047020    
   66.3938980       9.87634659    
   125.000000       9.76726246    
   183.606094       9.65828705    
   228.777985       9.57441235    
   250.000000       9.53507042    
   271.222015       9.49591064    
   316.393890       9.41272354    
   375.000000       9.30506897    
   433.606110       9.19773293    
   478.777985       9.11528301    
   500.000000       9.07668018    
   521.221985       9.03843212    
   566.393921       8.95733166    
   625.000000       8.85258675    
   683.606079       8.74835968    
   728.778015       8.66845703    
   750.000000       8.63111401    
   771.221985       8.59428692    
   816.393921       8.51634216    
   875.000000       8.41587639    
   933.606079       8.31610680    
   978.778015       8.23977470    
   1000.00000       8.20416355    
   1021.22198       8.16921139    
   1066.39392       8.09537029    
   1125.00000       8.00038815    
   1183.60608       7.90625477    
   1228.77795       7.83437872    
   1250.00000       7.80090809    
   1271.22205       7.76821184    
   1316.39392       7.69926691    
   1375.00000       7.61076546    
   1433.60608       7.52323341    
   1478.77795       7.45653200    
   1500.00000       7.42552757    
   1521.22205       7.32774162    
   1566.39392       6.98670769    
   1625.00000       6.59620667    
   1683.60608       6.18691063    
   1728.77795       5.88825893    
   1750.00000       5.74652719    
   1771.22205       5.61178541    
   1816.39392       5.32972240    
   1875.00000       4.97066212    
   1933.60608       4.61860514    
   1978.77795       4.35273266    
   2000.00000       4.23018026    
   2021.22205       4.11368656    
   2066.39380       3.87072802    
   2125.00000       3.56258583    
   2183.60620       3.26137304    
   2228.77808       3.03443766    
   2250.00000       2.93000889    
   2271.22192       2.83110690    
   2316.39380       2.62507343    
   2375.00000       2.36392856    
   2433.60620       2.10858345    
   2478.77808       1.91596222    
   2500.00000       1.82716048    
   2521.22192       1.74253619    
   2566.39380       1.56571472    
   2625.00000       1.34066105    
   2683.60620       1.11944139    
   2728.77808      0.951486766    
   2750.00000      0.873540223    
   2771.22192      0.797834575    
   2816.39380      0.638355851    
   2875.00000      0.433387905    
   2933.60620      0.229758263    
   2978.77808       7.33745918E-02
   3000.00000       1.84373112E-05
