   0.00000000       9.99995041    
   21.2220135       9.96080685    
   66.3938980       9.87739944    
   125.000000       9.76924419    
   183.606094       9.66119385    
   228.777985       9.57802963    
   250.000000       9.53902054    
   271.222015       9.50018883    
   316.393890       9.41769600    
   375.000000       9.31093693    
   433.606110       9.20448780    
   478.777985       9.12271595    
   500.000000       9.08442783    
   521.221985       9.04648781    
   566.393921       8.96603298    
   625.000000       8.86211491    
   683.606079       8.75870323    
   728.778015       8.67941856    
   750.000000       8.64236069    
   771.221985       8.60580826    
   816.393921       8.52843666    
   875.000000       8.42869949    
   933.606079       8.32964230    
   978.778015       8.25384521    
   1000.00000       8.21848106    
   1021.22198       8.18375969    
   1066.39392       8.11039734    
   1125.00000       8.01601791    
   1183.60608       7.92246819    
   1228.77795       7.85102654    
   1250.00000       7.81775331    
   1271.22205       7.78523684    
   1316.39392       7.71666002    
   1375.00000       7.62861538    
   1433.60608       7.54151726    
   1478.77795       7.47513437    
   1500.00000       7.44427204    
   1521.22205       7.34687996    
   1566.39392       7.00717115    
   1625.00000       6.61807537    
   1683.60608       6.21016121    
   1728.77795       5.91242313    
   1750.00000       5.77109098    
   1771.22205       5.63662672    
   1816.39392       5.35505819    
   1875.00000       4.99650097    
   1933.60608       4.64480734    
   1978.77795       4.37910795    
   2000.00000       4.25659132    
   2021.22205       4.14001703    
   2066.39380       3.89679170    
   2125.00000       3.58816957    
   2183.60620       3.28634810    
   2228.77808       3.05884719    
   2250.00000       2.95411325    
   2271.22192       2.85480618    
   2316.39380       2.64783025    
   2375.00000       2.38535237    
   2433.60620       2.12857246    
   2478.77808       1.93477249    
   2500.00000       1.84538782    
   2521.22192       1.76010883    
   2566.39380       1.58183742    
   2625.00000       1.35482848    
   2683.60620       1.13158906    
   2728.77808      0.962034822    
   2750.00000      0.883320808    
   2771.22192      0.806810558    
   2816.39380      0.645591676    
   2875.00000      0.438333988    
   2933.60620      0.232392564    
   2978.77808       7.42176771E-02
   3000.00000       1.86492307E-05
