   0.00000000       9.99995136    
   21.2220135       9.96113586    
   66.3938980       9.87842846    
   125.000000       9.77117920    
   183.606094       9.66403389    
   228.777985       9.58156395    
   250.000000       9.54287910    
   271.222015       9.50436783    
   316.393890       9.42255402    
   375.000000       9.31666756    
   433.606110       9.21108627    
   478.777985       9.12997627    
   500.000000       9.09199619    
   521.221985       9.05435562    
   566.393921       8.97453213    
   625.000000       8.87142277    
   683.606079       8.76880741    
   728.778015       8.69012737    
   750.000000       8.65334892    
   771.221985       8.61706448    
   816.393921       8.54025364    
   875.000000       8.44122791    
   933.606079       8.34286690    
   978.778015       8.26759529    
   1000.00000       8.23247147    
   1021.22198       8.19797611    
   1066.39392       8.12508297    
   1125.00000       8.03129387    
   1183.60608       7.93831491    
   1228.77795       7.86729860    
   1250.00000       7.83421850    
   1271.22205       7.80187845    
   1316.39392       7.73366308    
   1375.00000       7.64606571    
   1433.60608       7.55939436    
   1478.77795       7.49332333    
   1500.00000       7.46260023    
   1521.22205       7.36559534    
   1566.39392       7.02719021    
   1625.00000       6.63947821    
   1683.60608       6.23292494    
   1728.77795       5.93608761    
   1750.00000       5.79514933    
   1771.22205       5.66096020    
   1816.39392       5.37988281    
   1875.00000       5.02182627    
   1933.60608       4.67049742    
   1978.77795       4.40497398    
   2000.00000       4.28249454    
   2021.22205       4.16584444    
   2066.39380       3.92236233    
   2125.00000       3.61327624    
   2183.60620       3.31086397    
   2228.77808       3.08281326    
   2250.00000       2.97778153    
   2271.22192       2.87807870    
   2316.39380       2.67018056    
   2375.00000       2.40639830    
   2433.60620       2.14821315    
   2478.77808       1.95325780    
   2500.00000       1.86330140    
   2521.22192       1.77737987    
   2566.39380       1.59768510    
   2625.00000       1.36875618    
   2683.60620       1.14353263    
   2728.77808      0.972406864    
   2750.00000      0.892938614    
   2771.22192      0.815637410    
   2816.39380      0.652707517    
   2875.00000      0.443198234    
   2933.60620      0.234983325    
   2978.77808       7.50468448E-02
   3000.00000       1.88576523E-05
