   0.00000000       9.99995232    
   21.2220135       9.96207809    
   66.3938980       9.88137436    
   125.000000       9.77672100    
   183.606094       9.67216396    
   228.777985       9.59168148    
   250.000000       9.55392647    
   271.222015       9.51633358    
   316.393890       9.43646336    
   375.000000       9.33308125    
   433.606110       9.22998238    
   478.777985       9.15076828    
   500.000000       9.11367035    
   521.221985       9.07688999    
   566.393921       8.99887562    
   625.000000       8.89808369    
   683.606079       8.79775238    
   728.778015       8.72080517    
   750.000000       8.68482876    
   771.221985       8.64931297    
   816.393921       8.57410908    
   875.000000       8.47712803    
   933.606079       8.38076782    
   978.778015       8.30700111    
   1000.00000       8.27256870    
   1021.22198       8.23872280    
   1066.39392       8.16717815    
   1125.00000       8.07508659    
   1183.60608       7.98375177    
   1228.77795       7.91395998    
   1250.00000       7.88143635    
   1271.22205       7.84960461    
   1316.39392       7.78243017    
   1375.00000       7.69612455    
   1433.60608       7.61068487    
   1478.77795       7.54551554    
   1500.00000       7.51519537    
   1521.22205       7.41931343    
   1566.39392       7.08469057    
   1625.00000       6.70099831    
   1683.60608       6.29840469    
   1728.77795       6.00419140    
   1750.00000       5.86440325    
   1771.22205       5.73102283    
   1816.39392       5.45139360    
   1875.00000       5.09482431    
   1933.60608       4.74458933    
   1978.77795       4.47960567    
   2000.00000       4.35725069    
   2021.22205       4.24039364    
   2066.39380       3.99620080    
   2125.00000       3.68581176    
   2183.60620       3.38172770    
   2228.77808       3.15211344    
   2250.00000       3.04623318    
   2271.22192       2.94539523    
   2316.39380       2.73484945    
   2375.00000       2.46731615    
   2433.60620       2.20508528    
   2478.77808       2.00680065    
   2500.00000       1.91519570    
   2521.22192       1.82741785    
   2566.39380       1.64360785    
   2625.00000       1.40912485    
   2683.60620       1.17815924    
   2728.77808       1.00248289    
   2750.00000      0.920830369    
   2771.22192      0.841236293    
   2816.39380      0.673345804    
   2875.00000      0.457307041    
   2933.60620      0.242498219    
   2978.77808       7.74520114E-02
   3000.00000       1.94622207E-05
