   0.00000000       9.99995232    
   21.2220135       9.96237755    
   66.3938980       9.88231087    
   125.000000       9.77848434    
   183.606094       9.67475033    
   228.777985       9.59490108    
   250.000000       9.55744171    
   271.222015       9.52014065    
   316.393890       9.44088840    
   375.000000       9.33830357    
   433.606110       9.23599529    
   478.777985       9.15738487    
   500.000000       9.12056828    
   521.221985       9.08406067    
   566.393921       9.00662327    
   625.000000       8.90656853    
   683.606079       8.80696487    
   728.778015       8.73056984    
   750.000000       8.69484901    
   771.221985       8.65957832    
   816.393921       8.58488750    
   875.000000       8.48855782    
   933.606079       8.39283562    
   978.778015       8.31954861    
   1000.00000       8.28533745    
   1021.22198       8.25169945    
   1066.39392       8.18058491    
   1125.00000       8.08903503    
   1183.60608       7.99822617    
   1228.77795       7.92882586    
   1250.00000       7.89648056    
   1271.22205       7.86481142    
   1316.39392       7.79797077    
   1375.00000       7.71207905    
   1433.60608       7.62703419    
   1478.77795       7.56215429    
   1500.00000       7.53196383    
   1521.22205       7.43644333    
   1566.39392       7.10303879    
   1625.00000       6.72064352    
   1683.60608       6.31932831    
   1728.77795       6.02596426    
   1750.00000       5.88654900    
   1771.22205       5.75343180    
   1816.39392       5.47427607    
   1875.00000       5.11819649    
   1933.60608       4.76832533    
   1978.77795       4.50352430    
   2000.00000       4.38121367    
   2021.22205       4.26429462    
   2066.39380       4.01988268    
   2125.00000       3.70908689    
   2183.60620       3.40447736    
   2228.77808       3.17436910    
   2250.00000       3.06821990    
   2271.22192       2.96702027    
   2316.39380       2.75563002    
   2375.00000       2.48689818    
   2433.60620       2.22337365    
   2478.77808       2.02402353    
   2500.00000       1.93189037    
   2521.22192       1.84351683    
   2566.39380       1.65838540    
   2625.00000       1.42211819    
   2683.60620       1.18930686    
   2728.77808       1.01216745    
   2750.00000      0.929812253    
   2771.22192      0.849480212    
   2816.39380      0.679992616    
   2875.00000      0.461851239    
   2933.60620      0.244918734    
   2978.77808       7.82267153E-02
   3000.00000       1.96569526E-05
