   0.00000000       9.99995136    
   21.2220135       9.96145725    
   66.3938980       9.87943363    
   125.000000       9.77307034    
   183.606094       9.66680717    
   228.777985       9.58501530    
   250.000000       9.54664803    
   271.222015       9.50844955    
   316.393890       9.42729855    
   375.000000       9.32226658    
   433.606110       9.21753216    
   478.777985       9.13706875    
   500.000000       9.09938908    
   521.221985       9.06204128    
   566.393921       8.98283577    
   625.000000       8.88051605    
   683.606079       8.77867985    
   728.778015       8.70059013    
   750.000000       8.66408539    
   771.221985       8.62806320    
   816.393921       8.55179977    
   875.000000       8.45347023    
   933.606079       8.35579109    
   978.778015       8.28103161    
   1000.00000       8.24614334    
   1021.22198       8.21186924    
   1066.39392       8.13943577    
   1125.00000       8.04622364    
   1183.60608       7.95380497    
   1228.77795       7.88320541    
   1250.00000       7.85031462    
   1271.22205       7.81814718    
   1316.39392       7.75028563    
   1375.00000       7.66312742    
   1433.60608       7.57687426    
   1478.77795       7.51110935    
   1500.00000       7.48052359    
   1521.22205       7.38389921    
   1566.39392       7.04677629    
   1625.00000       6.66042614    
   1683.60608       6.25521326    
   1728.77795       5.95926332    
   1750.00000       5.81871414    
   1771.22205       5.68479729    
   1816.39392       5.40420675    
   1875.00000       5.04664898    
   1933.60608       4.69568491    
   1978.77795       4.43033934    
   2000.00000       4.30789995    
   2021.22205       4.19117689    
   2066.39380       3.94744873    
   2125.00000       3.63791394    
   2183.60620       3.33492804    
   2228.77808       3.10634184    
   2250.00000       3.00102019    
   2271.22192       2.90093040    
   2316.39380       2.69213033    
   2375.00000       2.42707086    
   2433.60620       2.16750908    
   2478.77808       1.97142172    
   2500.00000       1.88090491    
   2521.22192       1.79435289    
   2566.39380       1.61326075    
   2625.00000       1.38244653    
   2683.60620       1.15527427    
   2728.77808      0.982604444    
   2750.00000      0.902395129    
   2771.22192      0.824316382    
   2816.39380      0.659704387    
   2875.00000      0.447981328    
   2933.60620      0.237530932    
   2978.77808       7.58622065E-02
   3000.00000       1.90626033E-05
