   0.00000000       9.99995232    
   21.2220135       9.96177101    
   66.3938980       9.88041496    
   125.000000       9.77491665    
   183.606094       9.66951656    
   228.777985       9.58838749    
   250.000000       9.55032921    
   271.222015       9.51243687    
   316.393890       9.43193340    
   375.000000       9.32773685    
   433.606110       9.22382927    
   478.777985       9.14399815    
   500.000000       9.10661221    
   521.221985       9.06955147    
   566.393921       8.99094868    
   625.000000       8.88940144    
   683.606079       8.78832626    
   728.778015       8.71081448    
   750.000000       8.67457676    
   771.221985       8.63881016    
   816.393921       8.56308270    
   875.000000       8.46543503    
   933.606079       8.36842251    
   978.778015       8.29416466    
   1000.00000       8.25950623    
   1021.22198       8.22544861    
   1066.39392       8.15346432    
   1125.00000       8.06081867    
   1183.60608       7.96894741    
   1228.77795       7.89875603    
   1250.00000       7.86605072    
   1271.22205       7.83405304    
   1316.39392       7.76653814    
   1375.00000       7.67981052    
   1433.60608       7.59396791    
   1478.77795       7.52850342    
   1500.00000       7.49805212    
   1521.22205       7.40180206    
   1566.39392       7.06593943    
   1625.00000       6.68092918    
   1683.60608       6.27703619    
   1728.77795       5.98196125    
   1750.00000       5.84179497    
   1771.22205       5.70814800    
   1816.39392       5.42804003    
   1875.00000       5.07097816    
   1933.60608       4.72037888    
   1978.77795       4.45521355    
   2000.00000       4.33281565    
   2021.22205       4.21602392    
   2066.39380       3.97205877    
   2125.00000       3.66208982    
   2183.60620       3.35854697    
   2228.77808       3.12943983    
   2250.00000       3.02383542    
   2271.22192       2.92336726    
   2316.39380       2.71368480    
   2375.00000       2.44737530    
   2433.60620       2.18646502    
   2478.77808       1.98926806    
   2500.00000       1.89820182    
   2521.22192       1.81103110    
   2566.39380       1.62856734    
   2625.00000       1.39590192    
   2683.60620       1.16681576    
   2728.77808      0.992629230    
   2750.00000      0.911691844    
   2771.22192      0.832848847    
   2816.39380      0.666583478    
   2875.00000      0.452684015    
   2933.60620      0.240035772    
   2978.77808       7.66638890E-02
   3000.00000       1.92641146E-05
