   0.00000000       9.99995422    
   21.2220135       9.96323681    
   66.3938980       9.88499641    
   125.000000       9.78353691    
   183.606094       9.68216324    
   228.777985       9.60412598    
   250.000000       9.56751537    
   271.222015       9.53105164    
   316.393890       9.45357227    
   375.000000       9.35327148    
   433.606110       9.25323009    
   478.777985       9.17634964    
   500.000000       9.14033794    
   521.221985       9.10461521    
   566.393921       9.02883053    
   625.000000       8.93089294    
   683.606079       8.83337688    
   728.778015       8.75856590    
   750.000000       8.72357750    
   771.221985       8.68901062    
   816.393921       8.61579132    
   875.000000       8.52133465    
   933.606079       8.42744446    
   978.778015       8.35553741    
   1000.00000       8.32196045    
   1021.22198       8.28891850    
   1066.39392       8.21904278    
   1125.00000       8.12905312    
   1183.60608       8.03975677    
   1228.77795       7.97148323    
   1250.00000       7.93965101    
   1271.22205       7.90845108    
   1316.39392       7.84257174    
   1375.00000       7.75787497    
   1433.60608       7.67397070    
   1478.77795       7.60992670    
   1500.00000       7.58011055    
   1521.22205       7.48563671    
   1566.39392       7.15576363    
   1625.00000       6.77713203    
   1683.60608       6.37953091    
   1728.77795       6.08863688    
   1750.00000       5.95030689    
   1771.22205       5.81796074    
   1816.39392       5.54019737    
   1875.00000       5.18556309    
   1933.60608       4.83677435    
   1978.77795       4.57252645    
   2000.00000       4.45035553    
   2021.22205       4.33326912    
   2066.39380       4.08824778    
   2125.00000       3.77630687    
   2183.60620       3.47020698    
   2228.77808       3.23869228    
   2250.00000       3.13177538    
   2271.22192       3.02953815    
   2316.39380       2.81572127    
   2375.00000       2.54354334    
   2433.60620       2.27629375    
   2478.77808       2.07387280    
   2500.00000       1.98021650    
   2521.22192       1.89012229    
   2566.39380       1.70117259    
   2625.00000       1.45974660    
   2683.60620       1.22159719    
   2728.77808       1.04022419    
   2750.00000      0.955835462    
   2771.22192      0.873366177    
   2816.39380      0.699252307    
   2875.00000      0.475019068    
   2933.60620      0.251932949    
   2978.77808       8.04717243E-02
   3000.00000       2.02212650E-05
