   0.00000000       9.99995422    
   21.2220135       9.96350956    
   66.3938980       9.88585186    
   125.000000       9.78514481    
   183.606094       9.68452358    
   228.777985       9.60706329    
   250.000000       9.57072258    
   271.222015       9.53452587    
   316.393890       9.45761108    
   375.000000       9.35803795    
   433.606110       9.25871754    
   478.777985       9.18238926    
   500.000000       9.14663315    
   521.221985       9.11116123    
   566.393921       9.03590298    
   625.000000       8.93864059    
   683.606079       8.84179020    
   728.778015       8.76748371    
   750.000000       8.73272896    
   771.221985       8.69838619    
   816.393921       8.62563705    
   875.000000       8.53177738    
   933.606079       8.43847179    
   978.778015       8.36700535    
   1000.00000       8.33363056    
   1021.22198       8.30077934    
   1066.39392       8.23129940    
   1125.00000       8.14180851    
   1183.60608       8.05299568    
   1228.77795       7.98508263    
   1250.00000       7.95341396    
   1271.22205       7.92236423    
   1316.39392       7.85679340    
   1375.00000       7.77247953    
   1433.60608       7.68894100    
   1478.77795       7.62516546    
   1500.00000       7.59546947    
   1521.22205       7.50133228    
   1566.39392       7.17259550    
   1625.00000       6.79517651    
   1683.60608       6.39877367    
   1728.77795       6.10867739    
   1750.00000       5.97069788    
   1771.22205       5.83860254    
   1816.39392       5.56129313    
   1875.00000       5.20713186    
   1933.60608       4.85870028    
   1978.77795       4.59463739    
   2000.00000       4.47251511    
   2021.22205       4.35537815    
   2066.39380       4.11016893    
   2125.00000       3.79786921    
   2183.60620       3.49129987    
   2228.77808       3.25934029    
   2250.00000       3.15217972    
   2271.22192       3.04961157    
   2316.39380       2.83502030    
   2375.00000       2.56174135    
   2433.60620       2.29330039    
   2478.77808       2.08989620    
   2500.00000       1.99575210    
   2521.22192       1.90510583    
   2566.39380       1.71493065    
   2625.00000       1.47184825    
   2683.60620       1.23198402    
   2728.77808       1.04925060    
   2750.00000      0.964208364    
   2771.22192      0.881051660    
   2816.39380      0.705449581    
   2875.00000      0.479256362    
   2933.60620      0.254190147    
   2978.77808       8.11941773E-02
   3000.00000       2.04028656E-05
