   0.00000000       9.99995327    
   21.2220135       9.96295643    
   66.3938980       9.88412189    
   125.000000       9.78189087    
   183.606094       9.67974854    
   228.777985       9.60112095    
   250.000000       9.56423378    
   271.222015       9.52749729    
   316.393890       9.44944000    
   375.000000       9.34839535    
   433.606110       9.24761581    
   478.777985       9.17017174    
   500.000000       9.13389683    
   521.221985       9.09791946    
   566.393921       9.02159595    
   625.000000       8.92296886    
   683.606079       8.82477188    
   728.778015       8.74944496    
   750.000000       8.71421719    
   771.221985       8.67942047    
   816.393921       8.60572243    
   875.000000       8.51065445    
   933.606079       8.41616631    
   978.778015       8.34381008    
   1000.00000       8.31002617    
   1021.22198       8.27678967    
   1066.39392       8.20650959    
   1125.00000       8.11601067    
   1183.60608       8.02622032    
   1228.77795       7.95757961    
   1250.00000       7.92557955    
   1271.22205       7.89422607    
   1316.39392       7.82803297    
   1375.00000       7.74294567    
   1433.60608       7.65866852    
   1478.77795       7.59435129    
   1500.00000       7.56441259    
   1521.22205       7.46959591    
   1566.39392       7.13856602    
   1625.00000       6.75870085    
   1683.60608       6.35988188    
   1728.77795       6.06817770    
   1750.00000       5.92949104    
   1771.22205       5.79689121    
   1816.39392       5.51866913    
   1875.00000       5.16355705    
   1933.60608       4.81440926    
   1978.77795       4.54997635    
   2000.00000       4.42775774    
   2021.22205       4.31072426    
   2066.39380       4.06589842    
   2125.00000       3.75432706    
   2183.60620       3.44871020    
   2228.77808       3.21765208    
   2250.00000       3.11098480    
   2271.22192       3.00908589    
   2316.39380       2.79606032    
   2375.00000       2.52500701    
   2433.60620       2.25897360    
   2478.77808       2.05755544    
   2500.00000       1.96439695    
   2521.22192       1.87486541    
   2566.39380       1.68716455    
   2625.00000       1.44742620    
   2683.60620       1.21102357    
   2728.77808       1.03103614    
   2750.00000      0.947313070    
   2771.22192      0.865543544    
   2816.39380      0.692944586    
   2875.00000      0.470706373    
   2933.60620      0.249635637    
   2978.77808       7.97364265E-02
   3000.00000       2.00364393E-05
