   0.00000000       9.99995327    
   21.2220135       9.96267033    
   66.3938980       9.88322735    
   125.000000       9.78020668    
   183.606094       9.67727852    
   228.777985       9.59804630    
   250.000000       9.56087685    
   271.222015       9.52386093    
   316.393890       9.44521332    
   375.000000       9.34340763    
   433.606110       9.24187183    
   478.777985       9.16385174    
   500.000000       9.12730885    
   521.221985       9.09106922    
   566.393921       9.01419449    
   625.000000       8.91486263    
   683.606079       8.81596947    
   728.778015       8.74011421    
   750.000000       8.70464325    
   771.221985       8.66961193    
   816.393921       8.59542274    
   875.000000       8.49973106    
   933.606079       8.40463257    
   978.778015       8.33181667    
   1000.00000       8.29782009    
   1021.22198       8.26438522    
   1066.39392       8.19369316    
   1125.00000       8.10267448    
   1183.60608       8.01237965    
   1228.77795       7.94336319    
   1250.00000       7.91119242    
   1271.22205       7.87968254    
   1316.39392       7.81316900    
   1375.00000       7.72768307    
   1433.60608       7.64302588    
   1478.77795       7.57843018    
   1500.00000       7.54836655    
   1521.22205       7.45320082    
   1566.39392       7.12099409    
   1625.00000       6.73987484    
   1683.60608       6.33981752    
   1728.77795       6.04728985    
   1750.00000       5.90824175    
   1771.22205       5.77538443    
   1816.39392       5.49669838    
   1875.00000       5.14110422    
   1933.60608       4.79159546    
   1978.77795       4.52697849    
   2000.00000       4.40471315    
   2021.22205       4.28773546    
   2066.39380       4.04311275    
   2125.00000       3.73192286    
   2183.60620       3.42680240    
   2228.77808       3.19621301    
   2250.00000       3.08980179    
   2271.22192       2.98824859    
   2316.39380       2.77603173    
   2375.00000       2.50612688    
   2433.60620       2.24133492    
   2478.77808       2.04094052    
   2500.00000       1.94828951    
   2521.22192       1.85933149    
   2566.39380       1.67290318    
   2625.00000       1.43488431    
   2683.60620       1.20026088    
   2728.77808       1.02168453    
   2750.00000      0.938639224    
   2771.22192      0.857582092    
   2816.39380      0.686525106    
   2875.00000      0.466317385    
   2933.60620      0.247297719    
   2978.77808       7.89881349E-02
   3000.00000       1.98483467E-05
