   0.00000000       9.99995422    
   21.2220135       9.96377754    
   66.3938980       9.88668823    
   125.000000       9.78671741    
   183.606094       9.68683147    
   228.777985       9.60993576    
   250.000000       9.57385826    
   271.222015       9.53792191    
   316.393890       9.46155930    
   375.000000       9.36269760    
   433.606110       9.26408386    
   478.777985       9.18829346    
   500.000000       9.15278912    
   521.221985       9.11756134    
   566.393921       9.04281807    
   625.000000       8.94621563    
   683.606079       8.85001564    
   728.778015       8.77620316    
   750.000000       8.74167728    
   771.221985       8.70755386    
   816.393921       8.63526440    
   875.000000       8.54198933    
   933.606079       8.44925594    
   978.778015       8.37822056    
   1000.00000       8.34504414    
   1021.22198       8.31237984    
   1066.39392       8.24328709    
   1125.00000       8.15428448    
   1183.60608       8.06594467    
   1228.77795       7.99838495    
   1250.00000       7.96687698    
   1271.22205       7.93597460    
   1316.39392       7.87070560    
   1375.00000       7.78676701    
   1433.60608       7.70358706    
   1478.77795       7.64007473    
   1500.00000       7.61049700    
   1521.22205       7.51669025    
   1566.39392       7.18907022    
   1625.00000       6.81284380    
   1683.60608       6.41761827    
   1728.77795       6.12830734    
   1750.00000       5.99067354    
   1771.22205       5.85882568    
   1816.39392       5.58196449    
   1875.00000       5.22827196    
   1933.60608       4.88019514    
   1978.77795       4.61631727    
   2000.00000       4.49424410    
   2021.22205       4.37705946    
   2066.39380       4.13166857    
   2125.00000       3.81902122    
   2183.60620       3.51199555    
   2228.77808       3.27960205    
   2250.00000       3.17220354    
   2271.22192       3.06931210    
   2316.39380       2.85396290    
   2375.00000       2.57960558    
   2433.60620       2.30999756    
   2478.77808       2.10562992    
   2500.00000       2.01100755    
   2521.22192       1.91981983    
   2566.39380       1.72844207    
   2625.00000       1.48373401    
   2683.60620       1.24218655    
   2728.77808       1.05811751    
   2750.00000      0.972433448    
   2771.22192      0.888601601    
   2816.39380      0.711537719    
   2875.00000      0.483419150    
   2933.60620      0.256407708    
   2978.77808       8.19039568E-02
   3000.00000       2.05812794E-05
