   0.00000000       9.99995613    
   21.2220135       9.96478844    
   66.3938980       9.88984966    
   125.000000       9.79266644    
   183.606094       9.69555950    
   228.777985       9.62079811    
   250.000000       9.58571911    
   271.222015       9.55076981    
   316.393890       9.47649574    
   375.000000       9.38032532    
   433.606110       9.28438187    
   478.777985       9.21063137    
   500.000000       9.17607594    
   521.221985       9.14177418    
   566.393921       9.06898212    
   625.000000       8.97487831    
   683.606079       8.88114166    
   728.778015       8.80920029    
   750.000000       8.77554131    
   771.221985       8.74224949    
   816.393921       8.67170048    
   875.000000       8.58064079    
   933.606079       8.49007702    
   978.778015       8.42067719    
   1000.00000       8.38825226    
   1021.22198       8.35629654    
   1066.39392       8.28867435    
   1125.00000       8.20152664    
   1183.60608       8.11498547    
   1228.77795       8.04876709    
   1250.00000       8.01787090    
   1271.22205       7.98752832    
   1316.39392       7.92340994    
   1375.00000       7.84090137    
   1433.60608       7.75908852    
   1478.77795       7.69657946    
   1500.00000       7.66745138    
   1521.22205       7.57490969    
   1566.39392       7.25156260    
   1625.00000       6.87990284    
   1683.60608       6.48919535    
   1728.77795       6.20289850    
   1750.00000       6.06659317    
   1771.22205       5.93570137    
   1816.39392       5.66057825    
   1875.00000       5.30871153    
   1933.60608       4.96202660    
   1978.77795       4.69888449    
   2000.00000       4.57701254    
   2021.22205       4.45965958    
   2066.39380       4.21360540    
   2125.00000       3.89966869    
   2183.60620       3.59093571    
   2228.77808       3.35691285    
   2250.00000       3.24861836    
   2271.22192       3.14450169    
   2316.39380       2.92627835    
   2375.00000       2.64782691    
   2433.60620       2.37378311    
   2478.77808       2.16575050    
   2500.00000       2.06930709    
   2521.22192       1.97605467    
   2566.39380       1.78008950    
   2625.00000       1.52917635    
   2683.60620       1.28120160    
   2728.77808       1.09203076    
   2750.00000       1.00389445    
   2771.22192      0.917481244    
   2816.39380      0.734827101    
   2875.00000      0.499344110    
   2933.60620      0.264891326    
   2978.77808       8.46193731E-02
   3000.00000       2.12638406E-05
