   0.00000000       9.99995518    
   21.2220135       9.96403885    
   66.3938980       9.88750553    
   125.000000       9.78825569    
   183.606094       9.68908787    
   228.777985       9.61274338    
   250.000000       9.57692432    
   271.222015       9.54124260    
   316.393890       9.46541977    
   375.000000       9.36725330    
   433.606110       9.26933002    
   478.777985       9.19406700    
   500.000000       9.15880775    
   521.221985       9.12381935    
   566.393921       9.04957962    
   625.000000       8.95362282    
   683.606079       8.85805893    
   728.778015       8.78472996    
   750.000000       8.75042820    
   771.221985       8.71651936    
   816.393921       8.64467907    
   875.000000       8.55197525    
   933.606079       8.45980263    
   978.778015       8.38918972    
   1000.00000       8.35620594    
   1021.22198       8.32372475    
   1066.39392       8.25501156    
   1125.00000       8.16648769    
   1183.60608       8.07861137    
   1228.77795       8.01139736    
   1250.00000       7.98004723    
   1271.22205       7.94928885    
   1316.39392       7.88431644    
   1375.00000       7.80074596    
   1433.60608       7.71791744    
   1478.77795       7.65466356    
   1500.00000       7.62520123    
   1521.22205       7.53171921    
   1566.39392       7.20519638    
   1625.00000       6.83014154    
   1683.60608       6.43607473    
   1728.77795       6.14753580    
   1750.00000       6.01024246    
   1771.22205       5.87863874    
   1816.39392       5.60222006    
   1875.00000       5.24899149    
   1933.60608       4.90126753    
   1978.77795       4.63757420    
   2000.00000       4.51555061    
   2021.22205       4.39832067    
   2066.39380       4.15275478    
   2125.00000       3.83977032    
   2183.60620       3.53230023    
   2228.77808       3.29948401    
   2250.00000       3.19185328    
   2271.22192       3.08864546    
   2316.39380       2.87255454    
   2375.00000       2.59714127    
   2433.60620       2.32638979    
   2478.77808       2.12107825    
   2500.00000       2.02598691    
   2521.22192       1.93426788    
   2566.39380       1.74171031    
   2625.00000       1.49540675    
   2683.60620       1.25220716    
   2728.77808       1.06682694    
   2750.00000      0.980512738    
   2771.22192      0.896017849    
   2816.39380      0.717518210    
   2875.00000      0.487508386    
   2933.60620      0.258586079    
   2978.77808       8.26011971E-02
   3000.00000       2.07565427E-05
