   0.00000000       9.99995518    
   21.2220135       9.96429348    
   66.3938980       9.88830376    
   125.000000       9.78975868    
   183.606094       9.69129372    
   228.777985       9.61548805    
   250.000000       9.57992172    
   271.222015       9.54448986    
   316.393890       9.46919441    
   375.000000       9.37170887    
   433.606110       9.27445889    
   478.777985       9.19971180    
   500.000000       9.16469288    
   521.221985       9.12993813    
   566.393921       9.05619144    
   625.000000       8.96086597    
   683.606079       8.86592484    
   728.778015       8.79306889    
   750.000000       8.75898552    
   771.221985       8.72528648    
   816.393921       8.65388680    
   875.000000       8.56174278    
   933.606079       8.47011757    
   978.778015       8.39991760    
   1000.00000       8.36712456    
   1021.22198       8.33482170    
   1066.39392       8.26648045    
   1125.00000       8.17842388    
   1183.60608       8.09100246    
   1228.77795       8.02412701    
   1250.00000       7.99293137    
   1271.22205       7.96231461    
   1316.39392       7.89763212    
   1375.00000       7.81442308    
   1433.60608       7.73193979    
   1478.77795       7.66893864    
   1500.00000       7.63958979    
   1521.22205       7.54642725    
   1566.39392       7.22098207    
   1625.00000       6.84707880    
   1683.60608       6.45415068    
   1728.77795       6.16637182    
   1750.00000       6.02941322    
   1771.22205       5.89804983    
   1816.39392       5.62206888    
   1875.00000       5.26929951    
   1933.60608       4.92192459    
   1978.77795       4.65841579    
   2000.00000       4.53644228    
   2021.22205       4.41916895    
   2066.39380       4.17343473    
   2125.00000       3.86012340    
   2183.60620       3.55222082    
   2228.77808       3.31899238    
   2250.00000       3.21113515    
   2271.22192       3.10761762    
   2316.39380       2.89080048    
   2375.00000       2.61435342    
   2433.60620       2.34248185    
   2478.77808       2.13624477    
   2500.00000       2.04069400    
   2521.22192       1.94845390    
   2566.39380       1.75473869    
   2625.00000       1.50686955    
   2683.60620       1.26204824    
   2728.77808       1.07538092    
   2750.00000      0.988448024    
   2771.22192      0.903302014    
   2816.39380      0.723392308    
   2875.00000      0.491524994    
   2933.60620      0.260725826    
   2978.77808       8.32860768E-02
   3000.00000       2.09286973E-05
