   0.00000000       9.99995613    
   21.2220135       9.96502686    
   66.3938980       9.89059734    
   125.000000       9.79407215    
   183.606094       9.69762230    
   228.777985       9.62336540    
   250.000000       9.58852291    
   271.222015       9.55380630    
   316.393890       9.48002529    
   375.000000       9.38449192    
   433.606110       9.28917980    
   478.777985       9.21591187    
   500.000000       9.18158150    
   521.221985       9.14749813    
   566.393921       9.07516670    
   625.000000       8.98165417    
   683.606079       8.88850117    
   728.778015       8.81700325    
   750.000000       8.78354836    
   771.221985       8.75045300    
   816.393921       8.68031693    
   875.000000       8.58978271    
   933.606079       8.49973297    
   978.778015       8.43072033    
   1000.00000       8.39847279    
   1021.22198       8.36668491    
   1066.39392       8.29941177    
   1125.00000       8.21270370    
   1183.60608       8.12658978    
   1228.77795       8.06069088    
   1250.00000       8.02993870    
   1271.22205       7.99973011    
   1316.39392       7.93588495    
   1375.00000       7.85371685    
   1433.60608       7.77222919    
   1478.77795       7.70995951    
   1500.00000       7.68093872    
   1521.22205       7.58869886    
   1566.39392       7.26637268    
   1625.00000       6.89580536    
   1683.60608       6.50617933    
   1728.77795       6.22060585    
   1750.00000       6.08461905    
   1771.22205       5.95395756    
   1816.39392       5.67925453    
   1875.00000       5.32783127    
   1933.60608       4.98148727    
   1978.77795       4.71852684    
   2000.00000       4.59670591    
   2021.22205       4.47931576    
   2066.39380       4.23310995    
   2125.00000       3.91887450    
   2183.60620       3.60974264    
   2228.77808       3.37533712    
   2250.00000       3.26683164    
   2271.22192       3.16242528    
   2316.39380       2.94352078    
   2375.00000       2.66409850    
   2433.60620       2.38900113    
   2478.77808       2.18009758    
   2500.00000       2.08322120    
   2521.22192       1.98947704    
   2566.39380       1.79241884    
   2625.00000       1.54002643    
   2683.60620       1.29051876    
   2728.77808       1.10013080    
   2750.00000       1.01140928    
   2771.22192      0.924379826    
   2816.39380      0.740390599    
   2875.00000      0.503148556    
   2933.60620      0.266918123    
   2978.77808       8.52681100E-02
   3000.00000       2.14269130E-05
