   0.00000000       9.99995518    
   21.2220135       9.96454334    
   66.3938980       9.88908577    
   125.000000       9.79122925    
   183.606094       9.69344997    
   228.777985       9.61817265    
   250.000000       9.58285236    
   271.222015       9.54766464    
   316.393890       9.47288513    
   375.000000       9.37606525    
   433.606110       9.27947617    
   478.777985       9.20523262    
   500.000000       9.17044735    
   521.221985       9.13592243    
   566.393921       9.06265736    
   625.000000       8.96794987    
   683.606079       8.87361813    
   728.778015       8.80122375    
   750.000000       8.76735497    
   771.221985       8.73386192    
   816.393921       8.66289234    
   875.000000       8.57129574    
   933.606079       8.48020744    
   978.778015       8.41041183    
   1000.00000       8.37780476    
   1021.22198       8.34567738    
   1066.39392       8.27769852    
   1125.00000       8.19010162    
   1183.60608       8.10312462    
   1228.77795       8.03658199    
   1250.00000       8.00553703    
   1271.22205       7.97505856    
   1316.39392       7.91066122    
   1375.00000       7.82780552    
   1433.60608       7.74566078    
   1478.77795       7.68290854    
   1500.00000       7.65367126    
   1521.22205       7.56082153    
   1566.39392       7.23643494    
   1625.00000       6.86366320    
   1683.60608       6.47185516    
   1728.77795       6.18482351    
   1750.00000       6.04819393    
   1771.22205       5.91706800    
   1816.39392       5.64151859    
   1875.00000       5.28920317    
   1933.60608       4.94217539    
   1978.77795       4.67884970    
   2000.00000       4.55692720    
   2021.22205       4.43961287    
   2066.39380       4.19371557    
   2125.00000       3.88008714    
   2183.60620       3.57176399    
   2228.77808       3.33813310    
   2250.00000       3.23005486    
   2271.22192       3.12623453    
   2316.39380       2.90870667    
   2375.00000       2.63124704    
   2433.60620       2.35827804    
   2478.77808       2.15113425    
   2500.00000       2.05513263    
   2521.22192       1.96238160    
   2566.39380       1.76753068    
   2625.00000       1.51812506    
   2683.60620       1.27171218    
   2728.77808       1.08378148    
   2750.00000      0.996241271    
   2771.22192      0.910455883    
   2816.39380      0.729161441    
   2875.00000      0.495469898    
   2933.60620      0.262827396    
   2978.77808       8.39587450E-02
   3000.00000       2.10977832E-05
