   0.00000000       9.99995708    
   21.2220135       9.96614552    
   66.3938980       9.89409542    
   125.000000       9.80065441    
   183.606094       9.70728016    
   228.777985       9.63538551    
   250.000000       9.60164833    
   271.222015       9.56802368    
   316.393890       9.49655533    
   375.000000       9.40400219    
   433.606110       9.31164742    
   478.777985       9.24063873    
   500.000000       9.20735931    
   521.221985       9.17430305    
   566.393921       9.10413361    
   625.000000       9.01339149    
   683.606079       8.92297173    
   728.778015       8.85354805    
   750.000000       8.82105446    
   771.221985       8.78888321    
   816.393921       8.72068214    
   875.000000       8.63260937    
   933.606079       8.54497147    
   978.778015       8.47777748    
   1000.00000       8.44636631    
   1021.22198       8.41536713    
   1066.39392       8.34973335    
   1125.00000       8.26509380    
   1183.60608       8.18098736    
   1228.77795       8.11658669    
   1250.00000       8.08651829    
   1271.22205       8.05693626    
   1316.39392       7.99438000    
   1375.00000       7.91381598    
   1433.60608       7.83386326    
   1478.77795       7.77272224    
   1500.00000       7.74420786    
   1521.22205       7.65339756    
   1566.39392       7.33590460    
   1625.00000       6.97051620    
   1683.60608       6.58602190    
   1728.77795       6.30388260    
   1750.00000       6.16941261    
   1771.22205       6.03985310    
   1816.39392       5.76716471    
   1875.00000       5.41787577    
   1933.60608       5.07318020    
   1978.77795       4.81111193    
   2000.00000       4.68954802    
   2021.22205       4.57199764    
   2066.39380       4.32510757    
   2125.00000       4.00950003    
   2183.60620       3.69852257    
   2228.77808       3.46233869    
   2250.00000       3.35284901    
   2271.22192       3.24708366    
   2316.39380       3.02498293    
   2375.00000       2.74099708    
   2433.60620       2.46094513    
   2478.77808       2.24794054    
   2500.00000       2.14902377    
   2521.22192       2.05295897    
   2566.39380       1.85073996    
   2625.00000       1.59136045    
   2683.60620       1.33460939    
   2728.77808       1.13846803    
   2750.00000       1.04697955    
   2771.22192      0.957033873    
   2816.39380      0.766726732    
   2875.00000      0.521158695    
   2933.60620      0.276513219    
   2978.77808       8.83393809E-02
   3000.00000       2.21989285E-05
