   0.00000000       9.99995708    
   21.2220135       9.96548939    
   66.3938980       9.89204311    
   125.000000       9.79679298    
   183.606094       9.70161343    
   228.777985       9.62833214    
   250.000000       9.59394646    
   271.222015       9.55968094    
   316.393890       9.48685646    
   375.000000       9.39255428    
   433.606110       9.29846382    
   478.777985       9.22612953    
   500.000000       9.19223309    
   521.221985       9.15857410    
   566.393921       9.08713627    
   625.000000       8.99476719    
   683.606079       8.90274334    
   728.778015       8.83210182    
   750.000000       8.79904461    
   771.221985       8.76633072    
   816.393921       8.69699383    
   875.000000       8.60747528    
   933.606079       8.51842117    
   978.778015       8.45015907    
   1000.00000       8.41825676    
   1021.22198       8.38679409    
   1066.39392       8.32019806    
   1125.00000       8.23434258    
   1183.60608       8.14905643    
   1228.77795       8.08377552    
   1250.00000       8.05330467    
   1271.22205       8.02335453    
   1316.39392       7.96004057    
   1375.00000       7.87853289    
   1433.60608       7.79767752    
   1478.77795       7.73587227    
   1500.00000       7.70705986    
   1521.22205       7.61540794    
   1566.39392       7.29506874    
   1625.00000       6.92662859    
   1683.60608       6.53911018    
   1728.77795       6.25494576    
   1750.00000       6.11958122    
   1771.22205       5.98937082    
   1816.39392       5.71549082    
   1875.00000       5.36493826    
   1933.60608       5.01926422    
   1978.77795       4.75666475    
   2000.00000       4.63494682    
   2021.22205       4.51748753    
   2066.39380       4.27099419    
   2125.00000       3.95618606    
   2183.60620       3.64628696    
   2228.77808       3.41114426    
   2250.00000       3.30223131    
   2271.22192       3.19726348    
   2316.39380       2.97703981    
   2375.00000       2.69573498    
   2433.60620       2.41859484    
   2478.77808       2.20800090    
   2500.00000       2.11028409    
   2521.22192       2.01558447    
   2566.39380       1.81640208    
   2625.00000       1.56113446    
   2683.60620       1.30864668    
   2728.77808       1.11589193    
   2750.00000       1.02603245    
   2771.22192      0.937803805    
   2816.39380      0.751217067    
   2875.00000      0.510552108    
   2933.60620      0.270862401    
   2978.77808       8.65306109E-02
   3000.00000       2.17442630E-05
