   0.00000000       9.99995708    
   21.2220135       9.96593189    
   66.3938980       9.89342690    
   125.000000       9.79939556    
   183.606094       9.70543289    
   228.777985       9.63308620    
   250.000000       9.59913731    
   271.222015       9.56530285    
   316.393890       9.49339294    
   375.000000       9.40026951    
   433.606110       9.30734825    
   478.777985       9.23590755    
   500.000000       9.20242786    
   521.221985       9.16917419    
   566.393921       9.09859085    
   625.000000       9.00731850    
   683.606079       8.91637516    
   728.778015       8.84655476    
   750.000000       8.81387711    
   771.221985       8.78152847    
   816.393921       8.71295643    
   875.000000       8.62441254    
   933.606079       8.53631210    
   978.778015       8.46877003    
   1000.00000       8.43719864    
   1021.22198       8.40604877    
   1066.39392       8.34010029    
   1125.00000       8.25506401    
   1183.60608       8.17057228    
   1228.77795       8.10588360    
   1250.00000       8.07568455    
   1271.22205       8.04598141    
   1316.39392       7.98317766    
   1375.00000       7.90230560    
   1433.60608       7.82205820    
   1478.77795       7.76069975    
   1500.00000       7.73208809    
   1521.22205       7.64100218    
   1566.39392       7.32257795    
   1625.00000       6.95619106    
   1683.60608       6.57070637    
   1728.77795       6.28790379    
   1750.00000       6.15314054    
   1771.22205       6.02336740    
   1816.39392       5.75028801    
   1875.00000       5.40058327    
   1933.60608       5.05556536    
   1978.77795       4.79332161    
   2000.00000       4.67170620    
   2021.22205       4.55418491    
   2066.39380       4.30742264    
   2125.00000       3.99207401    
   2183.60620       3.68144679    
   2228.77808       3.44560146    
   2250.00000       3.33629990    
   2271.22192       3.23079443    
   2316.39380       3.00930643    
   2375.00000       2.72619557    
   2433.60620       2.44709444    
   2478.77808       2.23487735    
   2500.00000       2.13635254    
   2521.22192       2.04073405    
   2566.39380       1.83950782    
   2625.00000       1.58147275    
   2683.60620       1.32611573    
   2728.77808       1.13108194    
   2750.00000       1.04012620    
   2771.22192      0.950742245    
   2816.39380      0.761652231    
   2875.00000      0.517688334    
   2933.60620      0.274664313    
   2978.77808       8.77475664E-02
   3000.00000       2.20501643E-05
