   0.00000000       9.99995613    
   21.2220135       9.96526051    
   66.3938980       9.89132786    
   125.000000       9.79544735    
   183.606094       9.69964027    
   228.777985       9.62587643    
   250.000000       9.59126472    
   271.222015       9.55677605    
   316.393890       9.48347855    
   375.000000       9.38856792    
   433.606110       9.29387283    
   478.777985       9.22107697    
   500.000000       9.18696594    
   521.221985       9.15309715    
   566.393921       9.08121777    
   625.000000       8.98828316    
   683.606079       8.89570045    
   728.778015       8.82463551    
   750.000000       8.79138088    
   771.221985       8.75847912    
   816.393921       8.68874645    
   875.000000       8.59872532    
   933.606079       8.50917912    
   978.778015       8.44054604    
   1000.00000       8.40847301    
   1021.22198       8.37684917    
   1066.39392       8.30991745    
   1125.00000       8.22364140    
   1183.60608       8.13794518    
   1228.77795       8.07235813    
   1250.00000       8.04174805    
   1271.22205       8.01167011    
   1316.39392       7.94809294    
   1375.00000       7.86625862    
   1433.60608       7.78508997    
   1478.77795       7.72305489    
   1500.00000       7.69413948    
   1521.22205       7.60219622    
   1566.39392       7.28087234    
   1625.00000       6.91137838    
   1683.60608       6.52281523    
   1728.77795       6.23795223    
   1750.00000       6.10227919    
   1771.22205       5.97184515    
   1816.39392       5.69755650    
   1875.00000       5.34657097    
   1933.60608       5.00056410    
   1978.77795       4.73778439    
   2000.00000       4.61601496    
   2021.22205       4.49858952    
   2066.39380       4.25223732    
   2125.00000       3.93771148    
   2183.60620       3.62819099    
   2228.77808       3.39341235    
   2250.00000       3.28470063    
   2271.22192       3.18001056    
   2316.39380       2.96043944    
   2375.00000       2.68006611    
   2433.60620       2.40393686    
   2478.77808       2.19417977    
   2500.00000       2.09687877    
   2521.22192       2.00265241    
   2566.39380       1.80452180    
   2625.00000       1.55067813    
   2683.60620       1.29966629    
   2728.77808       1.10808384    
   2750.00000       1.01878798    
   2771.22192      0.931153417    
   2816.39380      0.745853484    
   2875.00000      0.506884277    
   2933.60620      0.268908322    
   2978.77808       8.59051347E-02
   3000.00000       2.15870386E-05
