   0.00000000       9.99995708    
   21.2220135       9.96571255    
   66.3938980       9.89274216    
   125.000000       9.79810810    
   183.606094       9.70354462    
   228.777985       9.63073540    
   250.000000       9.59657001    
   271.222015       9.56252289    
   316.393890       9.49016094    
   375.000000       9.39645386    
   433.606110       9.30295467    
   478.777985       9.23107147    
   500.000000       9.19738674    
   521.221985       9.16393280    
   566.393921       9.09292603    
   625.000000       9.00111103    
   683.606079       8.90963364    
   728.778015       8.83940697    
   750.000000       8.80654144    
   771.221985       8.77401257    
   816.393921       8.70506191    
   875.000000       8.61603546    
   933.606079       8.52746391    
   978.778015       8.45956516    
   1000.00000       8.42783070    
   1021.22198       8.39652538    
   1066.39392       8.33025646    
   1125.00000       8.24481583    
   1183.60608       8.15993023    
   1228.77795       8.09494877    
   1250.00000       8.06461525    
   1271.22205       8.03479004    
   1316.39392       7.97173357    
   1375.00000       7.89054680    
   1433.60608       7.80999804    
   1478.77795       7.74841881    
   1500.00000       7.71970749    
   1521.22205       7.62834120    
   1566.39392       7.30896807    
   1625.00000       6.94156408    
   1683.60608       6.55507135    
   1728.77795       6.27159405    
   1750.00000       6.13653231    
   1771.22205       6.00654268    
   1816.39392       5.73306561    
   1875.00000       5.38293982    
   1933.60608       5.03759575    
   1978.77795       4.77517462    
   2000.00000       4.65350819    
   2021.22205       4.53601742    
   2066.39380       4.28938723    
   2125.00000       3.97430468    
   2183.60620       3.66403699    
   2228.77808       3.42853856    
   2250.00000       3.31942916    
   2271.22192       3.21418953    
   2316.39380       2.99332690    
   2375.00000       2.71110988    
   2433.60620       2.43297911    
   2478.77808       2.22156549    
   2500.00000       2.12344074    
   2521.22192       2.02827716    
   2566.39380       1.82806289    
   2625.00000       1.57139838    
   2683.60620       1.31746233    
   2728.77808       1.12355733    
   2750.00000       1.03314447    
   2771.22192      0.944332838    
   2816.39380      0.756482840    
   2875.00000      0.514153183    
   2933.60620      0.272780895    
   2978.77808       8.71447027E-02
   3000.00000       2.18986243E-05
