   0.00000000       9.99995804    
   21.2220135       9.96695709    
   66.3938980       9.89663219    
   125.000000       9.80542660    
   183.606094       9.71428204    
   228.777985       9.64409924    
   250.000000       9.61116314    
   271.222015       9.57833004    
   316.393890       9.50853920    
   375.000000       9.41814709    
   433.606110       9.32793713    
   478.777985       9.25856686    
   500.000000       9.22605133    
   521.221985       9.19373894    
   566.393921       9.12513828    
   625.000000       9.03640747    
   683.606079       8.94797230    
   728.778015       8.88005638    
   750.000000       8.84825993    
   771.221985       8.81676006    
   816.393921       8.74996471    
   875.000000       8.66368198    
   933.606079       8.57779884    
   978.778015       8.51192760    
   1000.00000       8.48112583    
   1021.22198       8.45070076    
   1066.39392       8.38626194    
   1125.00000       8.30313015    
   1183.60608       8.22048664    
   1228.77795       8.15717983    
   1250.00000       8.12760925    
   1271.22205       8.09848595    
   1316.39392       8.03687191    
   1375.00000       7.95748138    
   1433.60608       7.87865305    
   1478.77795       7.81833887    
   1500.00000       7.79019594    
   1521.22205       7.70043659    
   1566.39392       7.38650131    
   1625.00000       7.02493048    
   1683.60608       6.64422369    
   1728.77795       6.36462355    
   1750.00000       6.23127651    
   1771.22205       6.10253811    
   1816.39392       5.83135605    
   1875.00000       5.48367214    
   1933.60608       5.14022636    
   1978.77795       4.87884426    
   2000.00000       4.75748348    
   2021.22205       4.63983107    
   2066.39380       4.39247036    
   2125.00000       4.07589579    
   2183.60620       3.76360250    
   2228.77808       3.52614188    
   2250.00000       3.41594267    
   2271.22192       3.30919051    
   2316.39380       3.08476472    
   2375.00000       2.79745388    
   2433.60620       2.51378679    
   2478.77808       2.29778647    
   2500.00000       2.19737792    
   2521.22192       2.09961295    
   2566.39380       1.89360988    
   2625.00000       1.62910414    
   2683.60620       1.36703598    
   2728.77808       1.16666913    
   2750.00000       1.07314789    
   2771.22192      0.981057942    
   2816.39380      0.786104023    
   2875.00000      0.534410894    
   2933.60620      0.283573806    
   2978.77808       9.05994326E-02
   3000.00000       2.27670316E-05
