   0.00000000       9.99995804    
   21.2220135       9.96656036    
   66.3938980       9.89539146    
   125.000000       9.80309200    
   183.606094       9.71085739    
   228.777985       9.63983727    
   250.000000       9.60650826    
   271.222015       9.57328892    
   316.393890       9.50267696    
   375.000000       9.41122818    
   433.606110       9.31996918    
   478.777985       9.24979687    
   500.000000       9.21690845    
   521.221985       9.18423176    
   566.393921       9.11486340    
   625.000000       9.02514839    
   683.606079       8.93574142    
   728.778015       8.86708832    
   750.000000       8.83495140    
   771.221985       8.80312252    
   816.393921       8.73563862    
   875.000000       8.64848042    
   933.606079       8.56173801    
   978.778015       8.49521923    
   1000.00000       8.46411896    
   1021.22198       8.43341351    
   1066.39392       8.36838913    
   1125.00000       8.28451920    
   1183.60608       8.20115948    
   1228.77795       8.13731670    
   1250.00000       8.10750198    
   1271.22205       8.07815361    
   1316.39392       8.01607800    
   1375.00000       7.93611288    
   1433.60608       7.85673332    
   1478.77795       7.79601336    
   1500.00000       7.76768875    
   1521.22205       7.67741346    
   1566.39392       7.36173296    
   1625.00000       6.99828815    
   1683.60608       6.61572218    
   1728.77795       6.33487463    
   1750.00000       6.20097589    
   1771.22205       6.07183361    
   1816.39392       5.79991007    
   1875.00000       5.45143509    
   1933.60608       5.10737228    
   1978.77795       4.84565067    
   2000.00000       4.72418880    
   2021.22205       4.60658503    
   2066.39380       4.35945177    
   2125.00000       4.04334736    
   2183.60620       3.73169565    
   2228.77808       3.49485826    
   2250.00000       3.38500571    
   2271.22192       3.27873635    
   2316.39380       3.05544877    
   2375.00000       2.76976585    
   2433.60620       2.48786950    
   2478.77808       2.27333689    
   2500.00000       2.17365932    
   2521.22192       2.07672787    
   2566.39380       1.87258005    
   2625.00000       1.61058807    
   2683.60620       1.35112751    
   2728.77808       1.15283298    
   2750.00000       1.06030881    
   2771.22192      0.969270825    
   2816.39380      0.776596665    
   2875.00000      0.527908623    
   2933.60620      0.280109495    
   2978.77808       8.94905180E-02
   3000.00000       2.24882860E-05
