   0.00000000       9.99995804    
   21.2220135       9.96635532    
   66.3938980       9.89475060    
   125.000000       9.80188656    
   183.606094       9.70908833    
   228.777985       9.63763523    
   250.000000       9.60410500    
   271.222015       9.57068443    
   316.393890       9.49965000    
   375.000000       9.40765476    
   433.606110       9.31585312    
   478.777985       9.24526691    
   500.000000       9.21218586    
   521.221985       9.17932129    
   566.393921       9.10955620    
   625.000000       9.01933289    
   683.606079       8.92942524    
   728.778015       8.86039162    
   750.000000       8.82807827    
   771.221985       8.79607964    
   816.393921       8.72824097    
   875.000000       8.64062977    
   933.606079       8.55344486    
   978.778015       8.48659229    
   1000.00000       8.45533848    
   1021.22198       8.42448711    
   1066.39392       8.35916233    
   1125.00000       8.27491093    
   1183.60608       8.19118118    
   1228.77795       8.12706280    
   1250.00000       8.09712219    
   1271.22205       8.06765842    
   1316.39392       8.00534439    
   1375.00000       7.92508316    
   1433.60608       7.84541988    
   1478.77795       7.78449154    
   1500.00000       7.75607252    
   1521.22205       7.66553259    
   1566.39392       7.34895420    
   1625.00000       6.98454666    
   1683.60608       6.60102510    
   1728.77795       6.31953716    
   1750.00000       6.18535519    
   1771.22205       6.05600595    
   1816.39392       5.78370285    
   1875.00000       5.43482399    
   1933.60608       5.09044695    
   1978.77795       4.82855272    
   2000.00000       4.70703983    
   2021.22205       4.58946228    
   2066.39380       4.34244871    
   2125.00000       4.02658892    
   2183.60620       3.71527028    
   2228.77808       3.47875571    
   2250.00000       3.36908269    
   2271.22192       3.26306248    
   2316.39380       3.04036212    
   2375.00000       2.75551891    
   2433.60620       2.47453523    
   2478.77808       2.26075888    
   2500.00000       2.16145802    
   2521.22192       2.06495571    
   2566.39380       1.86176300    
   2625.00000       1.60106468    
   2683.60620       1.34294581    
   2728.77808       1.14571762    
   2750.00000       1.05370641    
   2771.22192      0.963209450    
   2816.39380      0.771707714    
   2875.00000      0.524565101    
   2933.60620      0.278328091    
   2978.77808       8.89203101E-02
   3000.00000       2.23449551E-05
