   0.00000000       9.99995804    
   21.2220135       9.96676064    
   66.3938980       9.89601803    
   125.000000       9.80427170    
   183.606094       9.71258831    
   228.777985       9.64199066    
   250.000000       9.60886097    
   271.222015       9.57583618    
   316.393890       9.50564003    
   375.000000       9.41472530    
   433.606110       9.32399654    
   478.777985       9.25422955    
   500.000000       9.22152901    
   521.221985       9.18903637    
   566.393921       9.12005615    
   625.000000       9.03083801    
   683.606079       8.94192314    
   728.778015       8.87364197    
   750.000000       8.84167767    
   771.221985       8.81001472    
   816.393921       8.74287891    
   875.000000       8.65616322    
   933.606079       8.56985474    
   978.778015       8.50366306    
   1000.00000       8.47271347    
   1021.22198       8.44215012    
   1066.39392       8.37742138    
   1125.00000       8.29392433    
   1183.60608       8.21092606    
   1228.77795       8.14735413    
   1250.00000       8.11766243    
   1271.22205       8.08842754    
   1316.39392       8.02658558    
   1375.00000       7.94691038    
   1433.60608       7.86780930    
   1478.77795       7.80729437    
   1500.00000       7.77906132    
   1521.22205       7.68904638    
   1566.39392       7.37424660    
   1625.00000       7.01174736    
   1683.60608       6.63011932    
   1728.77795       6.34990120    
   1750.00000       6.21628046    
   1771.22205       6.08734179    
   1816.39392       5.81579208    
   1875.00000       5.46771526    
   1933.60608       5.12396336    
   1978.77795       4.86241245    
   2000.00000       4.74100113    
   2021.22205       4.62337255    
   2066.39380       4.37612391    
   2125.00000       4.05978107    
   2183.60620       3.74780440    
   2228.77808       3.51065183    
   2250.00000       3.40062404    
   2271.22192       3.29411054    
   2316.39380       3.07024789    
   2375.00000       2.78374267    
   2433.60620       2.50095201    
   2478.77808       2.28567791    
   2500.00000       2.18563128    
   2521.22192       2.08827901    
   2566.39380       1.88319457    
   2625.00000       1.61993361    
   2683.60620       1.35915673    
   2728.77808       1.15981615    
   2750.00000       1.06678867    
   2771.22192      0.975219727    
   2816.39380      0.781394958    
   2875.00000      0.531190217    
   2933.60620      0.281857878    
   2978.77808       9.00501758E-02
   3000.00000       2.26289649E-05
