   0.00000000       9.99995899    
   21.2220135       9.96714878    
   66.3938980       9.89723206    
   125.000000       9.80655575    
   183.606094       9.71593952    
   228.777985       9.64616203    
   250.000000       9.61341572    
   271.222015       9.58077049    
   316.393890       9.51137638    
   375.000000       9.42149639    
   433.606110       9.33179379    
   478.777985       9.26281166    
   500.000000       9.23047733    
   521.221985       9.19834137    
   566.393921       9.13011265    
   625.000000       9.04185772    
   683.606079       8.95389271    
   728.778015       8.88633347    
   750.000000       8.85470295    
   771.221985       8.82336235    
   816.393921       8.75690079    
   875.000000       8.67104244    
   933.606079       8.58557510    
   978.778015       8.52001762    
   1000.00000       8.48935986    
   1021.22198       8.45907116    
   1066.39392       8.39491558    
   1125.00000       8.31214142    
   1183.60608       8.22984600    
   1228.77795       8.16679859    
   1250.00000       8.13734627    
   1271.22205       8.10833168    
   1316.39392       8.04694176    
   1375.00000       7.96783113    
   1433.60608       7.88926983    
   1478.77795       7.82915258    
   1500.00000       7.80109835    
   1521.22205       7.71158981    
   1566.39392       7.39850283    
   1625.00000       7.03784323    
   1683.60608       6.65804100    
   1728.77795       6.37904787    
   1750.00000       6.24596930    
   1771.22205       6.11742783    
   1816.39392       5.84660816    
   1875.00000       5.49931097    
   1933.60608       5.15616798    
   1978.77795       4.89495277    
   2000.00000       4.77364206    
   2021.22205       4.65596676    
   2066.39380       4.40849781    
   2125.00000       4.09169722    
   2183.60620       3.77909541    
   2228.77808       3.54133391    
   2250.00000       3.43096709    
   2271.22192       3.32398129    
   2316.39380       3.09900403    
   2375.00000       2.81090403    
   2433.60620       2.52637839    
   2478.77808       2.30966592    
   2500.00000       2.20890260    
   2521.22192       2.11073303    
   2566.39380       1.90382922    
   2625.00000       1.63810265    
   2683.60620       1.37476778    
   2728.77808       1.17339408    
   2750.00000       1.07938838    
   2771.22192      0.986787200    
   2816.39380      0.790725350    
   2875.00000      0.537571490    
   2933.60620      0.285257787    
   2978.77808       9.11384746E-02
   3000.00000       2.29025281E-05
