   0.00000000       9.99995995    
   21.2220135       9.96787643    
   66.3938980       9.89950943    
   125.000000       9.81083870    
   183.606094       9.72222424    
   228.777985       9.65398407    
   250.000000       9.62195683    
   271.222015       9.59002304    
   316.393890       9.52213478    
   375.000000       9.43419552    
   433.606110       9.34642029    
   478.777985       9.27890968    
   500.000000       9.24726009    
   521.221985       9.21579361    
   566.393921       9.14897442    
   625.000000       9.06252766    
   683.606079       8.97634697    
   728.778015       8.91014290    
   750.000000       8.87913990    
   771.221985       8.84840393    
   816.393921       8.78320694    
   875.000000       8.69896030    
   933.606079       8.61507225    
   978.778015       8.55070686    
   1000.00000       8.52059650    
   1021.22198       8.49082661    
   1066.39392       8.42774868    
   1125.00000       8.34633446    
   1183.60608       8.26535988    
   1228.77795       8.20329952    
   1250.00000       8.17429733    
   1271.22205       8.14569759    
   1316.39392       8.08516026    
   1375.00000       8.00711250    
   1433.60608       7.92957020    
   1478.77795       7.87020254    
   1500.00000       7.84248543    
   1521.22205       7.75393295    
   1566.39392       7.44408464    
   1625.00000       7.08690548    
   1683.60608       6.71055984    
   1728.77795       6.43388796    
   1750.00000       6.30183697    
   1771.22205       6.17405176    
   1816.39392       5.90462303    
   1875.00000       5.55881500    
   1933.60608       5.21684027    
   1978.77795       4.95627451    
   2000.00000       4.83516073    
   2021.22205       4.71740484    
   2066.39380       4.46953440    
   2125.00000       4.15188885    
   2183.60620       3.83812475    
   2228.77808       3.59922743    
   2250.00000       3.48822689    
   2271.22192       3.38035369    
   2316.39380       3.15328288    
   2375.00000       2.86218381    
   2433.60620       2.57439327    
   2478.77808       2.35497236    
   2500.00000       2.25285888    
   2521.22192       2.15314770    
   2566.39380       1.94281125    
   2625.00000       1.67243147    
   2683.60620       1.40426767    
   2728.77808       1.19905496    
   2750.00000       1.10320163    
   2771.22192       1.00865018    
   2816.39380      0.808360696    
   2875.00000      0.549633086    
   2933.60620      0.291684300    
   2978.77808       9.31956097E-02
   3000.00000       2.34196268E-05
