   0.00000000       9.99995995    
   21.2220135       9.96804905    
   66.3938980       9.90004826    
   125.000000       9.81185341    
   183.606094       9.72371292    
   228.777985       9.65583706    
   250.000000       9.62398052    
   271.222015       9.59221458    
   316.393890       9.52468300    
   375.000000       9.43720436    
   433.606110       9.34988499    
   478.777985       9.28272343    
   500.000000       9.25123692    
   521.221985       9.21992874    
   566.393921       9.15344429    
   625.000000       9.06742573    
   683.606079       8.98166752    
   728.778015       8.91578484    
   750.000000       8.88493061    
   771.221985       8.85433769    
   816.393921       8.78944111    
   875.000000       8.70557690    
   933.606079       8.62206364    
   978.778015       8.55798054    
   1000.00000       8.52800083    
   1021.22198       8.49835396    
   1066.39392       8.43553066    
   1125.00000       8.35443974    
   1183.60608       8.27377892    
   1228.77795       8.21195316    
   1250.00000       8.18305779    
   1271.22205       8.15455723    
   1316.39392       8.09422207    
   1375.00000       8.01642704    
   1433.60608       7.93912697    
   1478.77795       7.87993813    
   1500.00000       7.85230112    
   1521.22205       7.76397657    
   1566.39392       7.45490026    
   1625.00000       7.09855127    
   1683.60608       6.72303057    
   1728.77795       6.44691277    
   1750.00000       6.31510782    
   1771.22205       6.18750286    
   1816.39392       5.91840839    
   1875.00000       5.57295847    
   1933.60608       5.23126507    
   1978.77795       4.97085619    
   2000.00000       4.84979105    
   2021.22205       4.73201704    
   2066.39380       4.48405409    
   2125.00000       4.16621113    
   2183.60620       3.85217309    
   2228.77808       3.61300802    
   2250.00000       3.50185752    
   2271.22192       3.39377403    
   2316.39380       3.16620660    
   2375.00000       2.87439537    
   2433.60620       2.58582926    
   2478.77808       2.36576486    
   2500.00000       2.26333046    
   2521.22192       2.16325235    
   2566.39380       1.95209885    
   2625.00000       1.68061125    
   2683.60620       1.41129768    
   2728.77808       1.20517051    
   2750.00000       1.10887706    
   2771.22192       1.01386094    
   2816.39380      0.812564015    
   2875.00000      0.552507997    
   2933.60620      0.293216109    
   2978.77808       9.36859474E-02
   3000.00000       2.35428834E-05
