   0.00000000       9.99995899    
   21.2220135       9.96770000    
   66.3938980       9.89895821    
   125.000000       9.80980206    
   183.606094       9.72070312    
   228.777985       9.65209103    
   250.000000       9.61988926    
   271.222015       9.58778286    
   316.393890       9.51953030    
   375.000000       9.43112183    
   433.606110       9.34288025    
   478.777985       9.27501392    
   500.000000       9.24319839    
   521.221985       9.21156979    
   566.393921       9.14440918    
   625.000000       9.05752468    
   683.606079       8.97091198    
   728.778015       8.90437984    
   750.000000       8.87322521    
   771.221985       8.84234238    
   816.393921       8.77683926    
   875.000000       8.69220161    
   933.606079       8.60793209    
   978.778015       8.54327679    
   1000.00000       8.51303482    
   1021.22198       8.48313904    
   1066.39392       8.41979980    
   1125.00000       8.33805561    
   1183.60608       8.25676155    
   1228.77795       8.19446182    
   1250.00000       8.16534996    
   1271.22205       8.13665009    
   1316.39392       8.07590580    
   1375.00000       7.99760008    
   1433.60608       7.91981077    
   1478.77795       7.86026096    
   1500.00000       7.83246183    
   1521.22205       7.74367762    
   1566.39392       7.43304253    
   1625.00000       7.07501698    
   1683.60608       6.69783115    
   1728.77795       6.42059469    
   1750.00000       6.28829384    
   1771.22205       6.16032410    
   1816.39392       5.89055634    
   1875.00000       5.54438448    
   1933.60608       5.20212412    
   1978.77795       4.94139862    
   2000.00000       4.82023668    
   2021.22205       4.70249939    
   2066.39380       4.45472479    
   2125.00000       4.13728237    
   2183.60620       3.82379794    
   2228.77808       3.58517480    
   2250.00000       3.47432756    
   2271.22192       3.36666918    
   2316.39380       3.14010549    
   2375.00000       2.84973311    
   2433.60620       2.56273413    
   2478.77808       2.34397006    
   2500.00000       2.24218392    
   2521.22192       2.14284682    
   2566.39380       1.93334353    
   2625.00000       1.66409338    
   2683.60620       1.39710212    
   2728.77808       1.19282150    
   2750.00000       1.09741688    
   2771.22192       1.00333905    
   2816.39380      0.804076552    
   2875.00000      0.546702921    
   2933.60620      0.290123075    
   2978.77808       9.26958546E-02
   3000.00000       2.32940056E-05
