   0.00000000       9.99995899    
   21.2220135       9.96752071    
   66.3938980       9.89839554    
   125.000000       9.80874348    
   183.606094       9.71914959    
   228.777985       9.65015697    
   250.000000       9.61777782    
   271.222015       9.58549595    
   316.393890       9.51687050    
   375.000000       9.42798233    
   433.606110       9.33926392    
   478.777985       9.27103329    
   500.000000       9.23904800    
   521.221985       9.20725441    
   566.393921       9.13974571    
   625.000000       9.05241394    
   683.606079       8.96535969    
   728.778015       8.89849281    
   750.000000       8.86718273    
   771.221985       8.83615017    
   816.393921       8.77033424    
   875.000000       8.68529892    
   933.606079       8.60063744    
   978.778015       8.53568840    
   1000.00000       8.50531006    
   1021.22198       8.47528648    
   1066.39392       8.41168022    
   1125.00000       8.32960033    
   1183.60608       8.24797916    
   1228.77795       8.18543530    
   1250.00000       8.15621185    
   1271.22205       8.12740898    
   1316.39392       8.06645393    
   1375.00000       7.98788548    
   1433.60608       7.90984392    
   1478.77795       7.85010862    
   1500.00000       7.82222605    
   1521.22205       7.73320484    
   1566.39392       7.42176819    
   1625.00000       7.06288099    
   1683.60608       6.68483925    
   1728.77795       6.40702772    
   1750.00000       6.27447224    
   1771.22205       6.14631510    
   1816.39392       5.87620211    
   1875.00000       5.52966118    
   1933.60608       5.18711042    
   1978.77795       4.92622375    
   2000.00000       4.80501270    
   2021.22205       4.68729496    
   2066.39380       4.43961906    
   2125.00000       4.12238503    
   2183.60620       3.80918765    
   2228.77808       3.57084513    
   2250.00000       3.46015453    
   2271.22192       3.35271549    
   2316.39380       3.12666965    
   2375.00000       2.83703923    
   2433.60620       2.55084777    
   2478.77808       2.33275390    
   2500.00000       2.23130202    
   2521.22192       2.13234663    
   2566.39380       1.92369282    
   2625.00000       1.65559447    
   2683.60620       1.38979840    
   2728.77808       1.18646824    
   2750.00000       1.09152102    
   2771.22192      0.997926056    
   2816.39380      0.799710214    
   2875.00000      0.543716550    
   2933.60620      0.288531899    
   2978.77808       9.21865180E-02
   3000.00000       2.31659742E-05
