   0.00000000       9.99995899    
   21.2220135       9.96733665    
   66.3938980       9.89782047    
   125.000000       9.80766106    
   183.606094       9.71756172    
   228.777985       9.64818096    
   250.000000       9.61561966    
   271.222015       9.58315849    
   316.393890       9.51415253    
   375.000000       9.42477417    
   433.606110       9.33556938    
   478.777985       9.26696682    
   500.000000       9.23480892    
   521.221985       9.20284557    
   566.393921       9.13498020    
   625.000000       9.04719257    
   683.606079       8.95968723    
   728.778015       8.89247799    
   750.000000       8.86100960    
   771.221985       8.82982445    
   816.393921       8.76368904    
   875.000000       8.67824650    
   933.606079       8.59318638    
   978.778015       8.52793694    
   1000.00000       8.49741936    
   1021.22198       8.46726513    
   1066.39392       8.40338707    
   1125.00000       8.32096386    
   1183.60608       8.23900890    
   1228.77795       8.17621517    
   1250.00000       8.14687920    
   1271.22205       8.11797142    
   1316.39392       8.05680084    
   1375.00000       7.97796392    
   1433.60608       7.89966536    
   1478.77795       7.83974075    
   1500.00000       7.81177330    
   1521.22205       7.72251081    
   1566.39392       7.41025686    
   1625.00000       7.05049133    
   1683.60608       6.67157745    
   1728.77795       6.39318085    
   1750.00000       6.26036596    
   1771.22205       6.13201809    
   1816.39392       5.86155510    
   1875.00000       5.51463842    
   1933.60608       5.17179394    
   1978.77795       4.91074371    
   2000.00000       4.78948307    
   2021.22205       4.67178631    
   2066.39380       4.42421198    
   2125.00000       4.10719204    
   2183.60620       3.79428864    
   2228.77808       3.55623317    
   2250.00000       3.44570279    
   2271.22192       3.33848786    
   2316.39380       3.11297083    
   2375.00000       2.82409763    
   2433.60620       2.53873062    
   2478.77808       2.32132053    
   2500.00000       2.22020960    
   2521.22192       2.12164307    
   2566.39380       1.91385579    
   2625.00000       1.64693177    
   2683.60620       1.38235450    
   2728.77808       1.17999315    
   2750.00000       1.08551216    
   2771.22192      0.992409348    
   2816.39380      0.795260251    
   2875.00000      0.540673077    
   2933.60620      0.286910325    
   2978.77808       9.16674435E-02
   3000.00000       2.30354963E-05
