   0.00000000       9.99996090    
   21.2220135       9.96870327    
   66.3938980       9.90209484    
   125.000000       9.81570339    
   183.606094       9.72936153    
   228.777985       9.66286755    
   250.000000       9.63165760    
   271.222015       9.60053062    
   316.393890       9.53435326    
   375.000000       9.44861889    
   433.606110       9.36303234    
   478.777985       9.29719448    
   500.000000       9.26632404    
   521.221985       9.23561764    
   566.393921       9.17040157    
   625.000000       9.08600998    
   683.606079       9.00185680    
   728.778015       8.93719387    
   750.000000       8.90690517    
   771.221985       8.87685585    
   816.393921       8.81309891    
   875.000000       8.73068619    
   933.606079       8.64859676    
   978.778015       8.58558750    
   1000.00000       8.55610180    
   1021.22198       8.52692223    
   1066.39392       8.46507168    
   1125.00000       8.38520813    
   1183.60608       8.30574036    
   1228.77795       8.24480534    
   1250.00000       8.21631718    
   1271.22205       8.18819141    
   1316.39392       8.12862873    
   1375.00000       8.05179596    
   1433.60608       7.97541809    
   1478.77795       7.91690874    
   1500.00000       7.88957739    
   1521.22205       7.80212212    
   1566.39392       7.49599028    
   1625.00000       7.14280939    
   1683.60608       6.77043772    
   1728.77795       6.49643803    
   1750.00000       6.36557150    
   1771.22205       6.23866034    
   1816.39392       5.97084570    
   1875.00000       5.62677050    
   1933.60608       5.28616238    
   1978.77795       5.02636194    
   2000.00000       4.90548468    
   2021.22205       4.78764629    
   2066.39380       4.53933859    
   2125.00000       4.22075415    
   2183.60620       3.90568566    
   2228.77808       3.66550756    
   2250.00000       3.55378985    
   2271.22192       3.44490814    
   2316.39380       3.21545362    
   2375.00000       2.92093635    
   2433.60620       2.62942123    
   2478.77808       2.40690756    
   2500.00000       2.30325174    
   2521.22192       2.20177674    
   2566.39380       1.98751068    
   2625.00000       1.71180224    
   2683.60620       1.43810630    
   2728.77808       1.22849405    
   2750.00000       1.13052285    
   2771.22192       1.03373456    
   2816.39380      0.828595698    
   2875.00000      0.563473344    
   2933.60620      0.299058765    
   2978.77808       9.55562070E-02
   3000.00000       2.40130084E-05
