   0.00000000       9.99995995    
   21.2220135       9.96821785    
   66.3938980       9.90057659    
   125.000000       9.81284714    
   183.606094       9.72517109    
   228.777985       9.65765095    
   250.000000       9.62596130    
   271.222015       9.59436035    
   316.393890       9.52717781    
   375.000000       9.44014931    
   433.606110       9.35327721    
   478.777985       9.28645706    
   500.000000       9.25512981    
   521.221985       9.22397709    
   566.393921       9.15781975    
   625.000000       9.07221985    
   683.606079       8.98687553    
   728.778015       8.92130852    
   750.000000       8.89060020    
   771.221985       8.86014652    
   816.393921       8.79554462    
   875.000000       8.71205425    
   933.606079       8.62890816    
   978.778015       8.56510162    
   1000.00000       8.53524971    
   1021.22198       8.50572300    
   1066.39392       8.44315147    
   1125.00000       8.36237621    
   1183.60608       8.28202248    
   1228.77795       8.22042656    
   1250.00000       8.19163609    
   1271.22205       8.16323185    
   1316.39392       8.10309601    
   1375.00000       8.02554893    
   1433.60608       7.94848633    
   1478.77795       7.88947201    
   1500.00000       7.86191368    
   1521.22205       7.77381277    
   1566.39392       7.46549416    
   1625.00000       7.10995960    
   1683.60608       6.73524809    
   1728.77795       6.45967484    
   1750.00000       6.32811069    
   1771.22205       6.20068407    
   1816.39392       5.93191767    
   1875.00000       5.58681965    
   1933.60608       5.24540424    
   1978.77795       4.98515081    
   2000.00000       4.86413288    
   2021.22205       4.74634171    
   2066.39380       4.49828863    
   2125.00000       4.18025303    
   2183.60620       3.86594844    
   2228.77808       3.62652135    
   2250.00000       3.51522446    
   2271.22192       3.40693498    
   2316.39380       3.17888093    
   2375.00000       2.88637233    
   2433.60620       2.59704638    
   2478.77808       2.37635088    
   2500.00000       2.27360201    
   2521.22192       2.17316437    
   2566.39380       1.96120954    
   2625.00000       1.68863559    
   2683.60620       1.41819417    
   2728.77808       1.21117032    
   2750.00000       1.11444509    
   2771.22192       1.01897311    
   2816.39380      0.816687822    
   2875.00000      0.555328548    
   2933.60620      0.294718981    
   2978.77808       9.41670164E-02
   3000.00000       2.36638098E-05
