   0.00000000       9.99995995    
   21.2220135       9.96838284    
   66.3938980       9.90109348    
   125.000000       9.81381989    
   183.606094       9.72659779    
   228.777985       9.65942669    
   250.000000       9.62790012    
   271.222015       9.59646130    
   316.393890       9.52962017    
   375.000000       9.44303322    
   433.606110       9.35659790    
   478.777985       9.29011250    
   500.000000       9.25894070    
   521.221985       9.22793961    
   566.393921       9.16210270    
   625.000000       9.07691479    
   683.606079       8.99197578    
   728.778015       8.92671585    
   750.000000       8.89615059    
   771.221985       8.86583424    
   816.393921       8.80151939    
   875.000000       8.71839619    
   933.606079       8.63560963    
   978.778015       8.57207489    
   1000.00000       8.54234695    
   1021.22198       8.51293850    
   1066.39392       8.45061207    
   1125.00000       8.37014675    
   1183.60608       8.29009533    
   1228.77795       8.22872353    
   1250.00000       8.20003605    
   1271.22205       8.17172623    
   1316.39392       8.11178589    
   1375.00000       8.03448105    
   1433.60608       7.95765162    
   1478.77795       7.89880896    
   1500.00000       7.87132788    
   1521.22205       7.78344631    
   1566.39392       7.47587061    
   1625.00000       7.12113523    
   1683.60608       6.74721861    
   1728.77795       6.47217989    
   1750.00000       6.34085226    
   1771.22205       6.21360064    
   1816.39392       5.94515657    
   1875.00000       5.60040569    
   1933.60608       5.25926304    
   1978.77795       4.99916267    
   2000.00000       4.87819242    
   2021.22205       4.76038504    
   2066.39380       4.51224422    
   2125.00000       4.19402122    
   2183.60620       3.87945580    
   2228.77808       3.63977242    
   2250.00000       3.52833223    
   2271.22192       3.41984129    
   2316.39380       3.19131064    
   2375.00000       2.89811873    
   2433.60620       2.60804820    
   2478.77808       2.38673449    
   2500.00000       2.28367710    
   2521.22192       2.18288684    
   2566.39380       1.97014642    
   2625.00000       1.69650710    
   2683.60620       1.42495966    
   2728.77808       1.21705616    
   2750.00000       1.11990762    
   2771.22192       1.02398825    
   2816.39380      0.820733488    
   2875.00000      0.558095694    
   2933.60620      0.296193391    
   2978.77808       9.46389809E-02
   3000.00000       2.37824461E-05
