   0.00000000       9.99996090    
   21.2220135       9.96885872    
   66.3938980       9.90257931    
   125.000000       9.81661606    
   183.606094       9.73070049    
   228.777985       9.66453362    
   250.000000       9.63347721    
   271.222015       9.60250187    
   316.393890       9.53664494    
   375.000000       9.45132542    
   433.606110       9.36614895    
   478.777985       9.30062485    
   500.000000       9.26990032    
   521.221985       9.23933697    
   566.393921       9.17442226    
   625.000000       9.09041595    
   683.606079       9.00664330    
   728.778015       8.94226933    
   750.000000       8.91211510    
   771.221985       8.88219452    
   816.393921       8.81870842    
   875.000000       8.73663998    
   933.606079       8.65488815    
   978.778015       8.59213352    
   1000.00000       8.56276512    
   1021.22198       8.53369713    
   1066.39392       8.47207642    
   1125.00000       8.39250469    
   1183.60608       8.31332016    
   1228.77795       8.25259781    
   1250.00000       8.22420597    
   1271.22205       8.19616890    
   1316.39392       8.13678932    
   1375.00000       8.06018543    
   1433.60608       7.98402739    
   1478.77795       7.92568016    
   1500.00000       7.89842129    
   1521.22205       7.81117296    
   1566.39392       7.50574303    
   1625.00000       7.15331697    
   1683.60608       6.78169632    
   1728.77795       6.50820208    
   1750.00000       6.37755966    
   1771.22205       6.25081444    
   1816.39392       5.98330593    
   1875.00000       5.63956070    
   1933.60608       5.29921341    
   1978.77795       5.03955984    
   2000.00000       4.91872835    
   2021.22205       4.80087566    
   2066.39380       4.55248833    
   2125.00000       4.23372936    
   2183.60620       3.91841817    
   2228.77808       3.67800069    
   2250.00000       3.56614900    
   2271.22192       3.45707774    
   2316.39380       3.22717547    
   2375.00000       2.93201566    
   2433.60620       2.63979983    
   2478.77808       2.41670442    
   2500.00000       2.31275797    
   2521.22192       2.21095061    
   2566.39380       1.99594414    
   2625.00000       1.71923101    
   2683.60620       1.44449198    
   2728.77808       1.23404992    
   2750.00000       1.13567924    
   2771.22192       1.03846896    
   2816.39380      0.832414865    
   2875.00000      0.566085637    
   2933.60620      0.300450683    
   2978.77808       9.60017741E-02
   3000.00000       2.41250109E-05
