   0.00000000       9.99996090    
   21.2220135       9.96854496    
   66.3938980       9.90159893    
   125.000000       9.81477165    
   183.606094       9.72799397    
   228.777985       9.66116524    
   250.000000       9.62979889    
   271.222015       9.59851742    
   316.393890       9.53201199    
   375.000000       9.44585514    
   433.606110       9.35984898    
   478.777985       9.29369068    
   500.000000       9.26267147    
   521.221985       9.23181915    
   566.393921       9.16629601    
   625.000000       9.08151054    
   683.606079       8.99696827    
   728.778015       8.93201065    
   750.000000       8.90158463    
   771.221985       8.87140369    
   816.393921       8.80737019    
   875.000000       8.72460556    
   933.606079       8.64217186    
   978.778015       8.57890224    
   1000.00000       8.54929638    
   1021.22198       8.52000427    
   1066.39392       8.45791817    
   1125.00000       8.37775612    
   1183.60608       8.29799938    
   1228.77795       8.23684883    
   1250.00000       8.20826244    
   1271.22205       8.18004513    
   1316.39392       8.12029552    
   1375.00000       8.04322910    
   1433.60608       7.96662760    
   1478.77795       7.90795326    
   1500.00000       7.88054752    
   1521.22205       7.79288101    
   1566.39392       7.48603439    
   1625.00000       7.13208342    
   1683.60608       6.75894690    
   1728.77795       6.48443222    
   1750.00000       6.35333776    
   1771.22205       6.22625780    
   1816.39392       5.95813084    
   1875.00000       5.61372042    
   1933.60608       5.27284718    
   1978.77795       5.01289797    
   2000.00000       4.89197445    
   2021.22205       4.77415133    
   2066.39380       4.52592611    
   2125.00000       4.20751953    
   2183.60620       3.89269972    
   2228.77808       3.65276647    
   2250.00000       3.54118586    
   2271.22192       3.43249750    
   2316.39380       3.20350003    
   2375.00000       2.90963864    
   2433.60620       2.61883855    
   2478.77808       2.39691877    
   2500.00000       2.29355907    
   2521.22192       2.19242311    
   2566.39380       1.97891247    
   2625.00000       1.70422840    
   2683.60620       1.43159628    
   2728.77808       1.22283006    
   2750.00000       1.12526619    
   2771.22192       1.02890825    
   2816.39380      0.824702322    
   2875.00000      0.560810328    
   2933.60620      0.297639817    
   2978.77808       9.51019973E-02
   3000.00000       2.38988341E-05
