   0.00000000       9.99996185    
   21.2220135       9.96930408    
   66.3938980       9.90397453    
   125.000000       9.81924057    
   183.606094       9.73455238    
   228.777985       9.66932774    
   250.000000       9.63871098    
   271.222015       9.60817242    
   316.393890       9.54323864    
   375.000000       9.45910835    
   433.606110       9.37511349    
   478.777985       9.31049252    
   500.000000       9.28018856    
   521.221985       9.25003624    
   566.393921       9.18598652    
   625.000000       9.10309029    
   683.606079       9.02041340    
   728.778015       8.95687199    
   750.000000       8.92710304    
   771.221985       8.89755440    
   816.393921       8.83484554    
   875.000000       8.75376892    
   933.606079       8.67298985    
   978.778015       8.61096859    
   1000.00000       8.58193874    
   1021.22198       8.55318928    
   1066.39392       8.49223423    
   1125.00000       8.41350174    
   1183.60608       8.33513355    
   1228.77795       8.27502155    
   1250.00000       8.24690819    
   1271.22205       8.21912766    
   1316.39392       8.16027737    
   1375.00000       8.08433342    
   1433.60608       8.00880814    
   1478.77795       7.95092678    
   1500.00000       7.92387772    
   1521.22205       7.83722687    
   1566.39392       7.53382206    
   1625.00000       7.18357706    
   1683.60608       6.81412649    
   1728.77795       6.54209232    
   1750.00000       6.41209793    
   1771.22205       6.28583241    
   1816.39392       6.01921177    
   1875.00000       5.67642355    
   1933.60608       5.33683395    
   1978.77795       5.07760811    
   2000.00000       4.95691061    
   2021.22205       4.83901882    
   2066.39380       4.59040451    
   2125.00000       4.27114916    
   2183.60620       3.95514250    
   2228.77808       3.71403861    
   2250.00000       3.60180116    
   2271.22192       3.49218512    
   2316.39380       3.26099372    
   2375.00000       2.96398330    
   2433.60620       2.66974902    
   2478.77808       2.44497609    
   2500.00000       2.34019256    
   2521.22192       2.23742676    
   2566.39380       2.02028418    
   2625.00000       1.74067295    
   2683.60620       1.46292412    
   2728.77808       1.25008774    
   2750.00000       1.15056431    
   2771.22192       1.05213571    
   2816.39380      0.843439996    
   2875.00000      0.573626935    
   2933.60620      0.304468960    
   2978.77808       9.72880647E-02
   3000.00000       2.44483454E-05
