   0.00000000       9.99996185    
   21.2220135       9.96944714    
   66.3938980       9.90442085    
   125.000000       9.82007885    
   183.606094       9.73578262    
   228.777985       9.67085934    
   250.000000       9.64038372    
   271.222015       9.60998440    
   316.393890       9.54534531    
   375.000000       9.46159554    
   433.606110       9.37797832    
   478.777985       9.31364632    
   500.000000       9.28347683    
   521.221985       9.25345516    
   566.393921       9.18968201    
   625.000000       9.10714054    
   683.606079       9.02481365    
   728.778015       8.96153927    
   750.000000       8.93189335    
   771.221985       8.90246296    
   816.393921       8.84000397    
   875.000000       8.75924397    
   933.606079       8.67877579    
   978.778015       8.61698914    
   1000.00000       8.58806705    
   1021.22198       8.55942059    
   1066.39392       8.49867725    
   1125.00000       8.42021370    
   1183.60608       8.34210682    
   1228.77795       8.28218937    
   1250.00000       8.25416565    
   1271.22205       8.22646809    
   1316.39392       8.16778660    
   1375.00000       8.09205341    
   1433.60608       8.01673126    
   1478.77795       7.95899916    
   1500.00000       7.93201780    
   1521.22205       7.84555817    
   1566.39392       7.54280281    
   1625.00000       7.19325781    
   1683.60608       6.82450294    
   1728.77795       6.55293751    
   1750.00000       6.42315102    
   1771.22205       6.29703999    
   1816.39392       6.03070545    
   1875.00000       5.68822479    
   1933.60608       5.34887981    
   1978.77795       5.08979273    
   2000.00000       4.96913815    
   2021.22205       4.85123444    
   2066.39380       4.60254860    
   2125.00000       4.28313589    
   2183.60620       3.96690798    
   2228.77808       3.72558546    
   2250.00000       3.61322498    
   2271.22192       3.50343490    
   2316.39380       3.27183104    
   2375.00000       2.97422862    
   2433.60620       2.67934823    
   2478.77808       2.45403838    
   2500.00000       2.34898686    
   2521.22192       2.24591398    
   2566.39380       2.02808690    
   2625.00000       1.74754703    
   2683.60620       1.46883368    
   2728.77808       1.25522995    
   2750.00000       1.15533686    
   2771.22192       1.05651772    
   2816.39380      0.846975148    
   2875.00000      0.576044977    
   2933.60620      0.305757433    
   2978.77808       9.77005213E-02
   3000.00000       2.45520241E-05
