   0.00000000       9.99996090    
   21.2220135       9.96915913    
   66.3938980       9.90351963    
   125.000000       9.81838417    
   183.606094       9.73329544    
   228.777985       9.66776371    
   250.000000       9.63700294    
   271.222015       9.60632133    
   316.393890       9.54108715    
   375.000000       9.45656872    
   433.606110       9.37218857    
   478.777985       9.30727196    
   500.000000       9.27683163    
   521.221985       9.24654484    
   566.393921       9.18221283    
   625.000000       9.09895325    
   683.606079       9.01591873    
   728.778015       8.95210648    
   750.000000       8.92221165    
   771.221985       8.89254093    
   816.393921       8.82957935    
   875.000000       8.74817848    
   933.606079       8.66708183    
   978.778015       8.60482121    
   1000.00000       8.57568073    
   1021.22198       8.54682732    
   1066.39392       8.48565483    
   1125.00000       8.40664864    
   1183.60608       8.32801342    
   1228.77795       8.26770210    
   1250.00000       8.23949718    
   1271.22205       8.21163368    
   1316.39392       8.15261078    
   1375.00000       8.07645035    
   1433.60608       8.00071812    
   1478.77795       7.94268513    
   1500.00000       7.91556787    
   1521.22205       7.82872152    
   1566.39392       7.52465439    
   1625.00000       7.17369652    
   1683.60608       6.80353594    
   1728.77795       6.53102446    
   1750.00000       6.40081787    
   1771.22205       6.27439547    
   1816.39392       6.00748396    
   1875.00000       5.66438246    
   1933.60608       5.32454395    
   1978.77795       5.06517792    
   2000.00000       4.94443607    
   2021.22205       4.82655668    
   2066.39380       4.57801580    
   2125.00000       4.25892210    
   2183.60620       3.94314194    
   2228.77808       3.70226192    
   2250.00000       3.59015036    
   2271.22192       3.48071194    
   2316.39380       3.24994135    
   2375.00000       2.95353532    
   2433.60620       2.65996027    
   2478.77808       2.43573523    
   2500.00000       2.33122516    
   2521.22192       2.22877264    
   2566.39380       2.01232791    
   2625.00000       1.73366380    
   2683.60620       1.45689869    
   2728.77808       1.24484491    
   2750.00000       1.14569831    
   2771.22192       1.04766786    
   2816.39380      0.839835763    
   2875.00000      0.571161568    
   2933.60620      0.303155333    
   2978.77808       9.68675539E-02
   3000.00000       2.43426421E-05
