   0.00000000       9.99996090    
   21.2220135       9.96901035    
   66.3938980       9.90305424    
   125.000000       9.81750965    
   183.606094       9.73201180    
   228.777985       9.66616535    
   250.000000       9.63525867    
   271.222015       9.60443211    
   316.393890       9.53888893    
   375.000000       9.45397472    
   433.606110       9.36920071    
   478.777985       9.30398369    
   500.000000       9.27340221    
   521.221985       9.24297905    
   566.393921       9.17835808    
   625.000000       9.09472942    
   683.606079       9.01132965    
   728.778015       8.94723988    
   750.000000       8.91721630    
   771.221985       8.88742256    
   816.393921       8.82420063    
   875.000000       8.74246979    
   933.606079       8.66104889    
   978.778015       8.59854412    
   1000.00000       8.56929016    
   1021.22198       8.54033089    
   1066.39392       8.47893715    
   1125.00000       8.39965057    
   1183.60608       8.32074356    
   1228.77795       8.26022816    
   1250.00000       8.23193169    
   1271.22205       8.20398235    
   1316.39392       8.14478207    
   1375.00000       8.06840324    
   1433.60608       7.99245977    
   1478.77795       7.93427086    
   1500.00000       7.90708351    
   1521.22205       7.82003784    
   1566.39392       7.51529598    
   1625.00000       7.16361141    
   1683.60608       6.79272747    
   1728.77795       6.51972914    
   1750.00000       6.38930702    
   1771.22205       6.26272440    
   1816.39392       5.99551725    
   1875.00000       5.65209627    
   1933.60608       5.31200552    
   1978.77795       5.05249691    
   2000.00000       4.93171024    
   2021.22205       4.81384420    
   2066.39380       4.56537867    
   2125.00000       4.24645042    
   2183.60620       3.93090200    
   2228.77808       3.69025064    
   2250.00000       3.57826757    
   2271.22192       3.46901107    
   2316.39380       3.23867011    
   2375.00000       2.94288063    
   2433.60620       2.64997840    
   2478.77808       2.42631245    
   2500.00000       2.32208133    
   2521.22192       2.21994829    
   2566.39380       2.00421548    
   2625.00000       1.72651732    
   2683.60620       1.45075536    
   2728.77808       1.23949957    
   2750.00000       1.14073718    
   2771.22192       1.04311287    
   2816.39380      0.836161137    
   2875.00000      0.568648100    
   2933.60620      0.301816046    
   2978.77808       9.64388400E-02
   3000.00000       2.42348760E-05
