   0.00000000       9.99996185    
   21.2220135       9.96958637    
   66.3938980       9.90485668    
   125.000000       9.82090092    
   183.606094       9.73698807    
   228.777985       9.67235947    
   250.000000       9.64202213    
   271.222015       9.61175823    
   316.393890       9.54740906    
   375.000000       9.46403217    
   433.606110       9.38078403    
   478.777985       9.31673431    
   500.000000       9.28669643    
   521.221985       9.25680351    
   566.393921       9.19330120    
   625.000000       9.11110687    
   683.606079       9.02912331    
   728.778015       8.96610928    
   750.000000       8.93658447    
   771.221985       8.90727043    
   816.393921       8.84505463    
   875.000000       8.76460552    
   933.606079       8.68444157    
   978.778015       8.62288570    
   1000.00000       8.59406948    
   1021.22198       8.56552219    
   1066.39392       8.50498867    
   1125.00000       8.42678738    
   1183.60608       8.34893608    
   1228.77795       8.28921032    
   1250.00000       8.26127338    
   1271.22205       8.23365688    
   1316.39392       8.17514133    
   1375.00000       8.09961605    
   1433.60608       8.02449131    
   1478.77795       7.96690655    
   1500.00000       7.93999100    
   1521.22205       7.85371923    
   1566.39392       7.55160093    
   1625.00000       7.20274210    
   1683.60608       6.83467007    
   1728.77795       6.56356478    
   1750.00000       6.43398237    
   1771.22205       6.30802298    
   1816.39392       6.04196882    
   1875.00000       5.69979143    
   1933.60608       5.36068630    
   1978.77795       5.10173559    
   2000.00000       4.98112440    
   2021.22205       4.86320925    
   2066.39380       4.61445379    
   2125.00000       4.29488754    
   2183.60620       3.97844315    
   2228.77808       3.73690653    
   2250.00000       3.62442589    
   2271.22192       3.51446486    
   2316.39380       3.28245735    
   2375.00000       2.98427463    
   2433.60620       2.68876147    
   2478.77808       2.46292543    
   2500.00000       2.35761118    
   2521.22192       2.25423717    
   2566.39380       2.03573918    
   2625.00000       1.75428855    
   2683.60620       1.47462940    
   2728.77808       1.26027322    
   2750.00000       1.16001773    
   2771.22192       1.06081557    
   2816.39380      0.850442350    
   2875.00000      0.578416646    
   2933.60620      0.307021171    
   2978.77808       9.81050506E-02
   3000.00000       2.46537111E-05
