   0.00000000       9.99996185    
   21.2220135       9.96998787    
   66.3938980       9.90611267    
   125.000000       9.82326412    
   183.606094       9.74045563    
   228.777985       9.67667484    
   250.000000       9.64673519    
   271.222015       9.61686420    
   316.393890       9.55334568    
   375.000000       9.47104073    
   433.606110       9.38885689    
   478.777985       9.32561970    
   500.000000       9.29596138    
   521.221985       9.26643848    
   566.393921       9.20371628    
   625.000000       9.12252140    
   683.606079       9.04152584    
   728.778015       8.97926140    
   750.000000       8.95008373    
   771.221985       8.92110538    
   816.393921       8.85959148    
   875.000000       8.78003693    
   933.606079       8.70074940    
   978.778015       8.63985538    
   1000.00000       8.61134338    
   1021.22198       8.58308506    
   1066.39392       8.52315140    
   1125.00000       8.44570923    
   1183.60608       8.36859512    
   1228.77795       8.30942059    
   1250.00000       8.28173542    
   1271.22205       8.25435066    
   1316.39392       8.19631386    
   1375.00000       8.12138462    
   1433.60608       8.04683399    
   1478.77795       7.98967123    
   1500.00000       7.96294546    
   1521.22205       7.87721634    
   1566.39392       7.57693624    
   1625.00000       7.23005867    
   1683.60608       6.86395884    
   1728.77795       6.59418249    
   1750.00000       6.46518993    
   1771.22205       6.33966875    
   1816.39392       6.07442665    
   1875.00000       5.73312712    
   1933.60608       5.39471960    
   1978.77795       5.13616467    
   2000.00000       5.01567888    
   2021.22205       4.89773178    
   2066.39380       4.64877987    
   2125.00000       4.32877398    
   2183.60620       4.01170969    
   2228.77808       3.76955819    
   2250.00000       3.65673137    
   2271.22192       3.54627943    
   2316.39380       3.31310892    
   2375.00000       3.01325536    
   2433.60620       2.71591830    
   2478.77808       2.48856568    
   2500.00000       2.38249397    
   2521.22192       2.27825212    
   2566.39380       2.05781889    
   2625.00000       1.77374184    
   2683.60620       1.49135435    
   2728.77808       1.27482724    
   2750.00000       1.17352629    
   2771.22192       1.07321882    
   2816.39380      0.860448539    
   2875.00000      0.585261166    
   2933.60620      0.310668319    
   2978.77808       9.92725492E-02
   3000.00000       2.49471850E-05
