   0.00000000       9.99996281    
   21.2220135       9.97011662    
   66.3938980       9.90651417    
   125.000000       9.82401943    
   183.606094       9.74156380    
   228.777985       9.67805481    
   250.000000       9.64824104    
   271.222015       9.61849594    
   316.393890       9.55524349    
   375.000000       9.47328091    
   433.606110       9.39143753    
   478.777985       9.32846069    
   500.000000       9.29892254    
   521.221985       9.26951790    
   566.393921       9.20704556    
   625.000000       9.12617111    
   683.606079       9.04549026    
   728.778015       8.98346615    
   750.000000       8.95440006    
   771.221985       8.92552757    
   816.393921       8.86423874    
   875.000000       8.78497028    
   933.606079       8.70596313    
   978.778015       8.64528084    
   1000.00000       8.61686707    
   1021.22198       8.58870029    
   1066.39392       8.52895832    
   1125.00000       8.45175934    
   1183.60608       8.37488079    
   1228.77795       8.31588268    
   1250.00000       8.28827858    
   1271.22205       8.26096821    
   1316.39392       8.20308399    
   1375.00000       8.12834644    
   1433.60608       8.05397892    
   1478.77795       7.99695158    
   1500.00000       7.97028732    
   1521.22205       7.88473129    
   1566.39392       7.58504105    
   1625.00000       7.23879862    
   1683.60608       6.87333107    
   1728.77795       6.60398102    
   1750.00000       6.47517776    
   1771.22205       6.34979773    
   1816.39392       6.08481693    
   1875.00000       5.74379921    
   1933.60608       5.40561628    
   1978.77795       5.14718962    
   2000.00000       5.02674389    
   2021.22205       4.90878773    
   2066.39380       4.65977335    
   2125.00000       4.33962774    
   2183.60620       4.02236605    
   2228.77808       3.78001857    
   2250.00000       3.66708136    
   2271.22192       3.55647230    
   2316.39380       3.32292986    
   2375.00000       3.02254152    
   2433.60620       2.72462058    
   2478.77808       2.49678254    
   2500.00000       2.39046860    
   2521.22192       2.28594851    
   2566.39380       2.06489539    
   2625.00000       1.77997684    
   2683.60620       1.49671519    
   2728.77808       1.27949238    
   2750.00000       1.17785633    
   2771.22192       1.07719469    
   2816.39380      0.863656104    
   2875.00000      0.587455273    
   2933.60620      0.311837435    
   2978.77808       9.96468067E-02
   3000.00000       2.50412613E-05
