   0.00000000       9.99996281    
   21.2220135       9.97024250    
   66.3938980       9.90690804    
   125.000000       9.82475853    
   183.606094       9.74264908    
   228.777985       9.67940617    
   250.000000       9.64971733    
   271.222015       9.62009430    
   316.393890       9.55710220    
   375.000000       9.47547531    
   433.606110       9.39396477    
   478.777985       9.33124256    
   500.000000       9.30182362    
   521.221985       9.27253437    
   566.393921       9.21030617    
   625.000000       9.12974453    
   683.606079       9.04937363    
   728.778015       8.98758411    
   750.000000       8.95862675    
   771.221985       8.92986012    
   816.393921       8.86879063    
   875.000000       8.78980160    
   933.606079       8.71107006    
   978.778015       8.65059566    
   1000.00000       8.62227631    
   1021.22198       8.59420109    
   1066.39392       8.53464699    
   1125.00000       8.45768547    
   1183.60608       8.38103771    
   1228.77795       8.32221317    
   1250.00000       8.29468727    
   1271.22205       8.26745033    
   1316.39392       8.20971680    
   1375.00000       8.13516617    
   1433.60608       8.06097889    
   1478.77795       8.00408363    
   1500.00000       7.97747898    
   1521.22205       7.89209366    
   1566.39392       7.59298134    
   1625.00000       7.24736166    
   1683.60608       6.88251495    
   1728.77795       6.61358309    
   1750.00000       6.48496532    
   1771.22205       6.35972357    
   1816.39392       6.09499884    
   1875.00000       5.75425863    
   1933.60608       5.41629696    
   1978.77795       5.15799570    
   2000.00000       5.03759050    
   2021.22205       4.91962433    
   2066.39380       4.67054987    
   2125.00000       4.35026789    
   2183.60620       4.03281307    
   2228.77808       3.79027367    
   2250.00000       3.67722821    
   2271.22192       3.56646562    
   2316.39380       3.33255863    
   2375.00000       3.03164649    
   2433.60620       2.73315358    
   2478.77808       2.50483966    
   2500.00000       2.39828801    
   2521.22192       2.29349542    
   2566.39380       2.07183433    
   2625.00000       1.78609097    
   2683.60620       1.50197220    
   2728.77808       1.28406715    
   2750.00000       1.18210268    
   2771.22192       1.08109367    
   2816.39380      0.866801620    
   2875.00000      0.589606941    
   2933.60620      0.312983960    
   2978.77808      0.100013830    
   3000.00000       2.51335186E-05
