   0.00000000       9.99996185    
   21.2220135       9.96972370    
   66.3938980       9.90528488    
   125.000000       9.82170486    
   183.606094       9.73816776    
   228.777985       9.67382812    
   250.000000       9.64362621    
   271.222015       9.61349583    
   316.393890       9.54942894    
   375.000000       9.46641731    
   433.606110       9.38353157    
   478.777985       9.31975842    
   500.000000       9.28984928    
   521.221985       9.26008224    
   566.393921       9.19684601    
   625.000000       9.11499119    
   683.606079       9.03334427    
   728.778015       8.97058487    
   750.000000       8.94117832    
   771.221985       8.91197872    
   816.393921       8.85000134    
   875.000000       8.76985741    
   933.606079       8.68999100    
   978.778015       8.62866020    
   1000.00000       8.59994698    
   1021.22198       8.57149887    
   1066.39392       8.51116848    
   1125.00000       8.43322659    
   1183.60608       8.35562515    
   1228.77795       8.29608727    
   1250.00000       8.26823616    
   1271.22205       8.24069786    
   1316.39392       8.18234539    
   1375.00000       8.10702229    
   1433.60608       8.03209305    
   1478.77795       7.97465181    
   1500.00000       7.94780111    
   1521.22205       7.86171341    
   1566.39392       7.56022024    
   1625.00000       7.21203423    
   1683.60608       6.84463215    
   1728.77795       6.57397842    
   1750.00000       6.44459629    
   1771.22205       6.31878614    
   1816.39392       6.05300713    
   1875.00000       5.71112776    
   1933.60608       5.37225914    
   1978.77795       5.11344242    
   2000.00000       4.99287319    
   2021.22205       4.87494707    
   2066.39380       4.62612438    
   2125.00000       4.30640793    
   2183.60620       3.98975229    
   2228.77808       3.74800634    
   2250.00000       3.63540769    
   2271.22192       3.52527976    
   2316.39380       3.29287648    
   2375.00000       2.99412560    
   2433.60620       2.69799185    
   2478.77808       2.47164011    
   2500.00000       2.36606836    
   2521.22192       2.26239944    
   2566.39380       2.04324341    
   2625.00000       1.76090002    
   2683.60620       1.48031354    
   2728.77808       1.26521933    
   2750.00000       1.16460860    
   2771.22192       1.06503081    
   2816.39380      0.853842854    
   2875.00000      0.580742657    
   2933.60620      0.308260590    
   2978.77808       9.85018089E-02
   3000.00000       2.47534444E-05
