   0.00000000       9.99996185    
   21.2220135       9.96985722    
   66.3938980       9.90570259    
   125.000000       9.82249260    
   183.606094       9.73932362    
   228.777985       9.67526627    
   250.000000       9.64519691    
   271.222015       9.61519718    
   316.393890       9.55140781    
   375.000000       9.46875286    
   433.606110       9.38622189    
   478.777985       9.32271957    
   500.000000       9.29293728    
   521.221985       9.26329327    
   566.393921       9.20031643    
   625.000000       9.11879635    
   683.606079       9.03747749    
   728.778015       8.97496891    
   750.000000       8.94567776    
   771.221985       8.91658974    
   816.393921       8.85484695    
   875.000000       8.77499962    
   933.606079       8.69542599    
   978.778015       8.63431644    
   1000.00000       8.60570431    
   1021.22198       8.57735252    
   1066.39392       8.51722240    
   1125.00000       8.43953228    
   1183.60608       8.36217785    
   1228.77795       8.30282307    
   1250.00000       8.27505589    
   1271.22205       8.24759483    
   1316.39392       8.18940163    
   1375.00000       8.11427784    
   1433.60608       8.03953934    
   1478.77795       7.98223877    
   1500.00000       7.95545149    
   1521.22205       7.86954451    
   1566.39392       7.56866407    
   1625.00000       7.22113848    
   1683.60608       6.85439396    
   1728.77795       6.58418274    
   1750.00000       6.45499754    
   1771.22205       6.32933331    
   1816.39392       6.06382513    
   1875.00000       5.72223806    
   1933.60608       5.38360167    
   1978.77795       5.12491751    
   2000.00000       5.00438976    
   2021.22205       4.88645315    
   2066.39380       4.63756514    
   2125.00000       4.31770229    
   2183.60620       4.00083971    
   2228.77808       3.75888872    
   2250.00000       3.64617491    
   2271.22192       3.53588343    
   2316.39380       3.30309248    
   2375.00000       3.00378466    
   2433.60620       2.70704293    
   2478.77808       2.48018575    
   2500.00000       2.37436152    
   2521.22192       2.27040339    
   2566.39380       2.05060244    
   2625.00000       1.76738369    
   2683.60620       1.48588777    
   2728.77808       1.27007008    
   2750.00000       1.16911089    
   2771.22192       1.06916463    
   2816.39380      0.857177854    
   2875.00000      0.583023906    
   2933.60620      0.309476167    
   2978.77808       9.88909304E-02
   3000.00000       2.48512570E-05
