   0.00000000       9.99996281    
   21.2220135       9.97036552    
   66.3938980       9.90729332    
   125.000000       9.82548332    
   183.606094       9.74371243    
   228.777985       9.68072891    
   250.000000       9.65116215    
   271.222015       9.62165928    
   316.393890       9.55892181    
   375.000000       9.47762394    
   433.606110       9.39644051    
   478.777985       9.33396721    
   500.000000       9.30466366    
   521.221985       9.27548885    
   566.393921       9.21349907    
   625.000000       9.13324547    
   683.606079       9.05317688    
   728.778015       8.99161720    
   750.000000       8.96276665    
   771.221985       8.93410301    
   816.393921       8.87324905    
   875.000000       8.79453468    
   933.606079       8.71607208    
   978.778015       8.65580082    
   1000.00000       8.62757492    
   1021.22198       8.59958839    
   1066.39392       8.54021931    
   1125.00000       8.46348953    
   1183.60608       8.38706970    
   1228.77795       8.32841396    
   1250.00000       8.30096531    
   1271.22205       8.27379990    
   1316.39392       8.21621323    
   1375.00000       8.14184666    
   1433.60608       8.06783485    
   1478.77795       8.01107025    
   1500.00000       7.98452425    
   1521.22205       7.89930582    
   1566.39392       7.60076046    
   1625.00000       7.25575209    
   1683.60608       6.89151382    
   1728.77795       6.62299204    
   1750.00000       6.49455690    
   1771.22205       6.36945105    
   1816.39392       6.10497808    
   1875.00000       5.76451015    
   1933.60608       5.42676497    
   1978.77795       5.16858816    
   2000.00000       5.04822159    
   2021.22205       4.93024731    
   2066.39380       4.68111324    
   2125.00000       4.36069870    
   2183.60620       4.04305458    
   2228.77808       3.80032778    
   2250.00000       3.68717647    
   2271.22192       3.57626295    
   2316.39380       3.34199905    
   2375.00000       3.04057360    
   2433.60620       2.74152017    
   2478.77808       2.51273990    
   2500.00000       2.40595531    
   2521.22192       2.30089569    
   2566.39380       2.07863855    
   2625.00000       1.79208636    
   2683.60620       1.50712717    
   2728.77808       1.28855336    
   2750.00000       1.18626678    
   2771.22192       1.08491707    
   2816.39380      0.869886220    
   2875.00000      0.591716945    
   2933.60620      0.314108312    
   2978.77808      0.100373752    
   3000.00000       2.52239934E-05
