   0.00000000       9.99996376    
   21.2220135       9.97083282    
   66.3938980       9.90875530    
   125.000000       9.82823563    
   183.606094       9.74775124    
   228.777985       9.68575573    
   250.000000       9.65665150    
   271.222015       9.62760639    
   316.393890       9.56583691    
   375.000000       9.48578739    
   433.606110       9.40584373    
   478.777985       9.34431744    
   500.000000       9.31545639    
   521.221985       9.28671169    
   566.393921       9.22563171    
   625.000000       9.14654255    
   683.606079       9.06762505    
   728.778015       9.00694180    
   750.000000       8.97849655    
   771.221985       8.95022202    
   816.393921       8.89018726    
   875.000000       8.81251621    
   933.606079       8.73507786    
   978.778015       8.67557812    
   1000.00000       8.64770889    
   1021.22198       8.62005901    
   1066.39392       8.56138992    
   1125.00000       8.48554707    
   1183.60608       8.40998840    
   1228.77795       8.35197735    
   1250.00000       8.32482338    
   1271.22205       8.29792881    
   1316.39392       8.24090290    
   1375.00000       8.16723537    
   1433.60608       8.09389496    
   1478.77795       8.03762531    
   1500.00000       8.01130199    
   1521.22205       7.92672014    
   1566.39392       7.63033390    
   1625.00000       7.28765488    
   1683.60608       6.92573643    
   1728.77795       6.65877914    
   1750.00000       6.53103876    
   1771.22205       6.40645075    
   1816.39392       6.14294004    
   1875.00000       5.80351353    
   1933.60608       5.46659946    
   1978.77795       5.20889759    
   2000.00000       5.08868313    
   2021.22205       4.97067595    
   2066.39380       4.72132158    
   2125.00000       4.40040398    
   2183.60620       4.08204556    
   2228.77808       3.83860707    
   2250.00000       3.72505403    
   2271.22192       3.61356831    
   2316.39380       3.37794709    
   2375.00000       3.07456970    
   2433.60620       2.77338409    
   2478.77808       2.54282975    
   2500.00000       2.43515873    
   2521.22192       2.32908177    
   2566.39380       2.10455632    
   2625.00000       1.81492436    
   2683.60620       1.52676499    
   2728.77808       1.30564404    
   2750.00000       1.20213056    
   2771.22192       1.09948313    
   2816.39380      0.881637752    
   2875.00000      0.599755645    
   2933.60620      0.318391860    
   2978.77808      0.101744987    
   3000.00000       2.55686809E-05
