   0.00000000       9.99996281    
   21.2220135       9.97072029    
   66.3938980       9.90840149    
   125.000000       9.82756901    
   183.606094       9.74677277    
   228.777985       9.68453789    
   250.000000       9.65532112    
   271.222015       9.62616539    
   316.393890       9.56416130    
   375.000000       9.48380947    
   433.606110       9.40356541    
   478.777985       9.34181023    
   500.000000       9.31284142    
   521.221985       9.28399277    
   566.393921       9.22269249    
   625.000000       9.14332104    
   683.606079       9.06412411    
   728.778015       9.00322819    
   750.000000       8.97468472    
   771.221985       8.94631672    
   816.393921       8.88608265    
   875.000000       8.80815983    
   933.606079       8.73047256    
   978.778015       8.67078590    
   1000.00000       8.64282990    
   1021.22198       8.61509800    
   1066.39392       8.55626011    
   1125.00000       8.48020267    
   1183.60608       8.40443420    
   1228.77795       8.34626675    
   1250.00000       8.31904125    
   1271.22205       8.29208183    
   1316.39392       8.23491955    
   1375.00000       8.16108227    
   1433.60608       8.08757877    
   1478.77795       8.03118896    
   1500.00000       8.00481224    
   1521.22205       7.92007589    
   1566.39392       7.62316561    
   1625.00000       7.27992105    
   1683.60608       6.91743946    
   1728.77795       6.65010214    
   1750.00000       6.52219296    
   1771.22205       6.39747953    
   1816.39392       6.13373470    
   1875.00000       5.79405499    
   1933.60608       5.45693874    
   1978.77795       5.19912100    
   2000.00000       5.07886934    
   2021.22205       4.96086979    
   2066.39380       4.71156836    
   2125.00000       4.39077234    
   2183.60620       4.07258701    
   2228.77808       3.82932043    
   2250.00000       3.71586442    
   2271.22192       3.60451746    
   2316.39380       3.36922526    
   2375.00000       3.06632113    
   2433.60620       2.76565242    
   2478.77808       2.53552818    
   2500.00000       2.42807221    
   2521.22192       2.32224202    
   2566.39380       2.09826708    
   2625.00000       1.80938220    
   2683.60620       1.52199924    
   2728.77808       1.30149639    
   2750.00000       1.19828057    
   2771.22192       1.09594810    
   2816.39380      0.878785789    
   2875.00000      0.597804666    
   2933.60620      0.317352265    
   2978.77808      0.101412192    
   3000.00000       2.54850274E-05
