   0.00000000       9.99996281    
   21.2220135       9.97060394    
   66.3938980       9.90803909    
   125.000000       9.82688808    
   183.606094       9.74577427    
   228.777985       9.68329525    
   250.000000       9.65396309    
   271.222015       9.62469482    
   316.393890       9.56245136    
   375.000000       9.48179054    
   433.606110       9.40123940    
   478.777985       9.33924961    
   500.000000       9.31017208    
   521.221985       9.28121662    
   566.393921       9.21969128    
   625.000000       9.14003181    
   683.606079       9.06055069    
   728.778015       8.99943829    
   750.000000       8.97079468    
   771.221985       8.94232941    
   816.393921       8.88189316    
   875.000000       8.80371189    
   933.606079       8.72577095    
   978.778015       8.66589355    
   1000.00000       8.63784981    
   1021.22198       8.61003494    
   1066.39392       8.55102253    
   1125.00000       8.47474575    
   1183.60608       8.39876461    
   1228.77795       8.34043789    
   1250.00000       8.31313992    
   1271.22205       8.28611279    
   1316.39392       8.22881222    
   1375.00000       8.15480232    
   1433.60608       8.08113289    
   1478.77795       8.02462006    
   1500.00000       7.99818802    
   1521.22205       7.91329432    
   1566.39392       7.61584949    
   1625.00000       7.27202845    
   1683.60608       6.90897226    
   1728.77795       6.64124823    
   1750.00000       6.51316690    
   1771.22205       6.38832474    
   1816.39392       6.12434196    
   1875.00000       5.78440428    
   1933.60608       5.44708204    
   1978.77795       5.18914652    
   2000.00000       5.06885719    
   2021.22205       4.95086575    
   2066.39380       4.70161867    
   2125.00000       4.38094664    
   2183.60620       4.06293774    
   2228.77808       3.81984735    
   2250.00000       3.70649076    
   2271.22192       3.59528542    
   2316.39380       3.36032891    
   2375.00000       3.05790782    
   2433.60620       2.75776649    
   2478.77808       2.52808142    
   2500.00000       2.42084455    
   2521.22192       2.31526613    
   2566.39380       2.09185243    
   2625.00000       1.80372989    
   2683.60620       1.51713896    
   2728.77808       1.29726636    
   2750.00000       1.19435430    
   2771.22192       1.09234297    
   2816.39380      0.875877202    
   2875.00000      0.595815063    
   2933.60620      0.316292077    
   2978.77808      0.101072803    
   3000.00000       2.53997150E-05
