   0.00000000       9.99996281    
   21.2220135       9.97048569    
   66.3938980       9.90767002    
   125.000000       9.82619286    
   183.606094       9.74475384    
   228.777985       9.68202496    
   250.000000       9.65257740    
   271.222015       9.62319279    
   316.393890       9.56070518    
   375.000000       9.47972870    
   433.606110       9.39886475    
   478.777985       9.33663559    
   500.000000       9.30744648    
   521.221985       9.27838230    
   566.393921       9.21662712    
   625.000000       9.13667393    
   683.606079       9.05690193    
   728.778015       8.99556828    
   750.000000       8.96682262    
   771.221985       8.93825912    
   816.393921       8.87761593    
   875.000000       8.79917049    
   933.606079       8.72097206    
   978.778015       8.66089916    
   1000.00000       8.63276577    
   1021.22198       8.60486603    
   1066.39392       8.54567719    
   1125.00000       8.46917629    
   1183.60608       8.39297771    
   1228.77795       8.33448792    
   1250.00000       8.30711555    
   1271.22205       8.28001976    
   1316.39392       8.22257710    
   1375.00000       8.14839077    
   1433.60608       8.07455254    
   1478.77795       8.01791477    
   1500.00000       7.99142599    
   1521.22205       7.90637159    
   1566.39392       7.60838175    
   1625.00000       7.26397324    
   1683.60608       6.90033197    
   1728.77795       6.63221264    
   1750.00000       6.50395584    
   1771.22205       6.37898302    
   1816.39392       6.11475754    
   1875.00000       5.77455711    
   1933.60608       5.43702555    
   1978.77795       5.17897034    
   2000.00000       5.05864286    
   2021.22205       4.94065952    
   2066.39380       4.69146824    
   2125.00000       4.37092352    
   2183.60620       4.05309486    
   2228.77808       3.81018424    
   2250.00000       3.69692922    
   2271.22192       3.58586836    
   2316.39380       3.35125470    
   2375.00000       3.04932618    
   2433.60620       2.74972343    
   2478.77808       2.52048612    
   2500.00000       2.41347313    
   2521.22192       2.30815172    
   2566.39380       2.08531046    
   2625.00000       1.79796529    
   2683.60620       1.51218212    
   2728.77808       1.29295266    
   2750.00000       1.19035017    
   2771.22192       1.08866644    
   2816.39380      0.872911036    
   2875.00000      0.593786061    
   2933.60620      0.315210879    
   2978.77808      0.100726701    
   3000.00000       2.53127146E-05
