   0.00000000       9.99996376    
   21.2220135       9.97115898    
   66.3938980       9.90977573    
   125.000000       9.83015537    
   183.606094       9.75056839    
   228.777985       9.68926239    
   250.000000       9.66047955    
   271.222015       9.63175392    
   316.393890       9.57066059    
   375.000000       9.49148178    
   433.606110       9.41240215    
   478.777985       9.35153770    
   500.000000       9.32298374    
   521.221985       9.29454041    
   566.393921       9.23409462    
   625.000000       9.15581894    
   683.606079       9.07770443    
   728.778015       9.01763058    
   750.000000       8.98946857    
   771.221985       8.96146774    
   816.393921       8.90200424    
   875.000000       8.82506180    
   933.606079       8.74833679    
   978.778015       8.68937683    
   1000.00000       8.66175556    
   1021.22198       8.63434124    
   1066.39392       8.57616234    
   1125.00000       8.50093746    
   1183.60608       8.42598057    
   1228.77795       8.36841965    
   1250.00000       8.34147167    
   1271.22205       8.31476688    
   1316.39392       8.25813198    
   1375.00000       8.18495369    
   1433.60608       8.11208248    
   1478.77795       8.05615902    
   1500.00000       8.02999210    
   1521.22205       7.94585562    
   1566.39392       7.65098143    
   1625.00000       7.30993366    
   1683.60608       6.94964027    
   1728.77795       6.68377972    
   1750.00000       6.55652666    
   1771.22205       6.43230247    
   1816.39392       6.16946745    
   1875.00000       5.83077383    
   1933.60608       5.49444532    
   1978.77795       5.23707867    
   2000.00000       5.11697197    
   2021.22205       4.99894381    
   2066.39380       4.74943781    
   2125.00000       4.42817307    
   2183.60620       4.10931873    
   2228.77808       3.86538506    
   2250.00000       3.75155234    
   2271.22192       3.63966703    
   2316.39380       3.40309834    
   2375.00000       3.09835792    
   2433.60620       2.79568243    
   2478.77808       2.56388831    
   2500.00000       2.45559764    
   2521.22192       2.34880948    
   2566.39380       2.12269711    
   2625.00000       1.83091044    
   2683.60620       1.54051173    
   2728.77808       1.31760848    
   2750.00000       1.21323621    
   2771.22192       1.10968065    
   2816.39380      0.889864981    
   2875.00000      0.605383575    
   2933.60620      0.321390837    
   2978.77808      0.102705017    
   3000.00000       2.58100044E-05
