   0.00000000       9.99996376    
   21.2220135       9.97105312    
   66.3938980       9.90944290    
   125.000000       9.82952881    
   183.606094       9.74964905    
   228.777985       9.68811798    
   250.000000       9.65923023    
   271.222015       9.63039970    
   316.393890       9.56908512    
   375.000000       9.48962307    
   433.606110       9.41026115    
   478.777985       9.34918022    
   500.000000       9.32052612    
   521.221985       9.29198456    
   566.393921       9.23133183    
   625.000000       9.15279102    
   683.606079       9.07441425    
   728.778015       9.01414108    
   750.000000       8.98588657    
   771.221985       8.95779610    
   816.393921       8.89814568    
   875.000000       8.82096577    
   933.606079       8.74400806    
   978.778015       8.68487167    
   1000.00000       8.65716934    
   1021.22198       8.62967777    
   1066.39392       8.57133865    
   1125.00000       8.49591255    
   1183.60608       8.42075920    
   1228.77795       8.36305141    
   1250.00000       8.33603573    
   1271.22205       8.30926895    
   1316.39392       8.25250626    
   1375.00000       8.17916775    
   1433.60608       8.10614395    
   1478.77795       8.05010700    
   1500.00000       8.02388859    
   1521.22205       7.93960714    
   1566.39392       7.64423895    
   1625.00000       7.30265808    
   1683.60608       6.94183350    
   1728.77795       6.67561436    
   1750.00000       6.54820204    
   1771.22205       6.42385912    
   1816.39392       6.16080236    
   1875.00000       5.82186890    
   1933.60608       5.48534918    
   1978.77795       5.22787237    
   2000.00000       5.10773039    
   2021.22205       4.98970890    
   2066.39380       4.74025249    
   2125.00000       4.41910076    
   2183.60620       4.10040808    
   2228.77808       3.85663605    
   2250.00000       3.74289441    
   2271.22192       3.63113952    
   2316.39380       3.39488029    
   2375.00000       3.09058523    
   2433.60620       2.78839636    
   2478.77808       2.55700707    
   2500.00000       2.44891882    
   2521.22192       2.34236312    
   2566.39380       2.11676908    
   2625.00000       1.82568645    
   2683.60620       1.53601944    
   2728.77808       1.31369853    
   2750.00000       1.20960701    
   2771.22192       1.10634816    
   2816.39380      0.887176335    
   2875.00000      0.603544354    
   2933.60620      0.320410788    
   2978.77808      0.102391280    
   3000.00000       2.57311403E-05
