   0.00000000       9.99996376    
   21.2220135       9.97094440    
   66.3938980       9.90910339    
   125.000000       9.82888889    
   183.606094       9.74870968    
   228.777985       9.68694878    
   250.000000       9.65795422    
   271.222015       9.62901688    
   316.393890       9.56747818    
   375.000000       9.48772526    
   433.606110       9.40807533    
   478.777985       9.34677410    
   500.000000       9.31801701    
   521.221985       9.28937531    
   566.393921       9.22851086    
   625.000000       9.14969921    
   683.606079       9.07105446    
   728.778015       9.01057816    
   750.000000       8.98222923    
   771.221985       8.95404816    
   816.393921       8.89420795    
   875.000000       8.81678486    
   933.606079       8.73958874    
   978.778015       8.68027306    
   1000.00000       8.65248775    
   1021.22198       8.62491798    
   1066.39392       8.56641579    
   1125.00000       8.49078369    
   1183.60608       8.41542912    
   1228.77795       8.35757160    
   1250.00000       8.33048725    
   1271.22205       8.30365753    
   1316.39392       8.24676418    
   1375.00000       8.17326260    
   1433.60608       8.10008240    
   1478.77795       8.04393005    
   1500.00000       8.01766014    
   1521.22205       7.93322945    
   1566.39392       7.63735723    
   1625.00000       7.29523277    
   1683.60608       6.93386650    
   1728.77795       6.66728163    
   1750.00000       6.53970718    
   1771.22205       6.41524267    
   1816.39392       6.15196133    
   1875.00000       5.81278372    
   1933.60608       5.47606850    
   1978.77795       5.21848011    
   2000.00000       5.09830189    
   2021.22205       4.98028755    
   2066.39380       4.73088121    
   2125.00000       4.40984583    
   2183.60620       4.09131861    
   2228.77808       3.84771109    
   2250.00000       3.73406291    
   2271.22192       3.62244105    
   2316.39380       3.38649774    
   2375.00000       3.08265686    
   2433.60620       2.78096437    
   2478.77808       2.54998851    
   2500.00000       2.44210672    
   2521.22192       2.33578801    
   2566.39380       2.11072302    
   2625.00000       1.82035851    
   2683.60620       1.53143775    
   2728.77808       1.30971098    
   2750.00000       1.20590556    
   2771.22192       1.10294938    
   2816.39380      0.884434283    
   2875.00000      0.601668656    
   2933.60620      0.319411248    
   2978.77808      0.102071308    
   3000.00000       2.56507101E-05
