   0.00000000       9.99996376    
   21.2220135       9.97136593    
   66.3938980       9.91042233    
   125.000000       9.83137131    
   183.606094       9.75235176    
   228.777985       9.69148159    
   250.000000       9.66290379    
   271.222015       9.63437939    
   316.393890       9.57371330    
   375.000000       9.49508667    
   433.606110       9.41655445    
   478.777985       9.35610867    
   500.000000       9.32775021    
   521.221985       9.29949665    
   566.393921       9.23945236    
   625.000000       9.16169167    
   683.606079       9.08408642    
   728.778015       9.02439880    
   750.000000       8.99641609    
   771.221985       8.96858788    
   816.393921       8.90948582    
   875.000000       8.83300495    
   933.606079       8.75673199    
   978.778015       8.69811440    
   1000.00000       8.67065048    
   1021.22198       8.64338493    
   1066.39392       8.58551598    
   1125.00000       8.51068401    
   1183.60608       8.43610764    
   1228.77795       8.37883282    
   1250.00000       8.35201454    
   1271.22205       8.32543087    
   1316.39392       8.26904392    
   1375.00000       8.19617462    
   1433.60608       8.12360191    
   1478.77795       8.06789780    
   1500.00000       8.04182911    
   1521.22205       7.95797586    
   1566.39392       7.66406107    
   1625.00000       7.32404900    
   1683.60608       6.96478748    
   1728.77795       6.69962311    
   1750.00000       6.57267952    
   1771.22205       6.44868708    
   1816.39392       6.18628120    
   1875.00000       5.84805393    
   1933.60608       5.51209879    
   1978.77795       5.25494623    
   2000.00000       5.13490820    
   2021.22205       5.01686764    
   2066.39380       4.76726675    
   2125.00000       4.44578362    
   2183.60620       4.12661600    
   2228.77808       3.88236952    
   2250.00000       3.76835966    
   2271.22192       3.65622139    
   2316.39380       3.41905260    
   2375.00000       3.11344838    
   2433.60620       2.80982900    
   2478.77808       2.57724881    
   2500.00000       2.46856523    
   2521.22192       2.36132598    
   2566.39380       2.13420725    
   2625.00000       1.84105384    
   2683.60620       1.54923475    
   2728.77808       1.32520056    
   2750.00000       1.22028363    
   2771.22192       1.11615169    
   2816.39380      0.895085812    
   2875.00000      0.608955026    
   2933.60620      0.323293984    
   2978.77808      0.103314243    
   3000.00000       2.59631470E-05
