   0.00000000       9.99996376    
   21.2220135       9.97126389    
   66.3938980       9.91010284    
   125.000000       9.83076954    
   183.606094       9.75146961    
   228.777985       9.69038391    
   250.000000       9.66170406    
   271.222015       9.63307953    
   316.393890       9.57220268    
   375.000000       9.49330330    
   433.606110       9.41450024    
   478.777985       9.35384655    
   500.000000       9.32539177    
   521.221985       9.29704475    
   566.393921       9.23680115    
   625.000000       9.15878582    
   683.606079       9.08092785    
   728.778015       9.02104950    
   750.000000       8.99297810    
   771.221985       8.96506405    
   816.393921       8.90578365    
   875.000000       8.82907391    
   933.606079       8.75257778    
   978.778015       8.69379044    
   1000.00000       8.66624832    
   1021.22198       8.63890934    
   1066.39392       8.58088684    
   1125.00000       8.50586128    
   1183.60608       8.43109608    
   1228.77795       8.37368011    
   1250.00000       8.34679699    
   1271.22205       8.32015324    
   1316.39392       8.26364422    
   1375.00000       8.19062138    
   1433.60608       8.11790085    
   1478.77795       8.06208801    
   1500.00000       8.03597069    
   1521.22205       7.95197773    
   1566.39392       7.65758801    
   1625.00000       7.31706285    
   1683.60608       6.95729065    
   1728.77795       6.69178152    
   1750.00000       6.56468487    
   1771.22205       6.44057751    
   1816.39392       6.17795897    
   1875.00000       5.83950090    
   1933.60608       5.50336075    
   1978.77795       5.24610186    
   2000.00000       5.12602997    
   2021.22205       5.00799513    
   2066.39380       4.75844145    
   2125.00000       4.43706608    
   2183.60620       4.11805344    
   2228.77808       3.87396193    
   2250.00000       3.76003957    
   2271.22192       3.64802647    
   2316.39380       3.41115475    
   2375.00000       3.10597801    
   2433.60620       2.80282593    
   2478.77808       2.57063460    
   2500.00000       2.46214557    
   2521.22192       2.35512972    
   2566.39380       2.12850904    
   2625.00000       1.83603227    
   2683.60620       1.54491627    
   2728.77808       1.32144201    
   2750.00000       1.21679473    
   2771.22192       1.11294806    
   2816.39380      0.892501116    
   2875.00000      0.607186913    
   2933.60620      0.322351784    
   2978.77808      0.103012629    
   3000.00000       2.58873297E-05
