   0.00000000       9.99996471    
   21.2220135       9.97166061    
   66.3938980       9.91134262    
   125.000000       9.83310223    
   183.606094       9.75489235    
   228.777985       9.69464397    
   250.000000       9.66635704    
   271.222015       9.63812065    
   316.393890       9.57806396    
   375.000000       9.50022316    
   433.606110       9.42247200    
   478.777985       9.36262131    
   500.000000       9.33454037    
   521.221985       9.30655956    
   566.393921       9.24708652    
   625.000000       9.17006016    
   683.606079       9.09317970    
   728.778015       9.03404331    
   750.000000       9.00631523    
   771.221985       8.97873306    
   816.393921       8.92014694    
   875.000000       8.84432411    
   933.606079       8.76869678    
   978.778015       8.71056557    
   1000.00000       8.68332577    
   1021.22198       8.65627289    
   1066.39392       8.59884644    
   1125.00000       8.52457333    
   1183.60608       8.45054150    
   1228.77795       8.39367294    
   1250.00000       8.36704063    
   1271.22205       8.34062862    
   1316.39392       8.28459549    
   1375.00000       8.21216965    
   1433.60608       8.14002037    
   1478.77795       8.08463001    
   1500.00000       8.05870247    
   1521.22205       7.97525311    
   1566.39392       7.68270826    
   1625.00000       7.34417534    
   1683.60608       6.98638725    
   1728.77795       6.72221804    
   1750.00000       6.59571695    
   1771.22205       6.47205496    
   1816.39392       6.21026468    
   1875.00000       5.87270498    
   1933.60608       5.53728437    
   1978.77795       5.28043890    
   2000.00000       5.16050005    
   2021.22205       5.04244184    
   2066.39380       4.79270792    
   2125.00000       4.47091436    
   2183.60620       4.15130186    
   2228.77808       3.90661049    
   2250.00000       3.79234886    
   2271.22192       3.67985010    
   2316.39380       3.44182563    
   2375.00000       3.13498974    
   2433.60620       2.83002400    
   2478.77808       2.59632254    
   2500.00000       2.48707867    
   2521.22192       2.37919569    
   2566.39380       2.15064049    
   2625.00000       1.85553634    
   2683.60620       1.56168950    
   2728.77808       1.33604109    
   2750.00000       1.23034656    
   2771.22192       1.12539160    
   2816.39380      0.902540684    
   2875.00000      0.614054739    
   2933.60620      0.326011509    
   2978.77808      0.104184180    
   3000.00000       2.61818222E-05
