   0.00000000       9.99996471    
   21.2220135       9.97156429    
   66.3938980       9.91104221    
   125.000000       9.83253670    
   183.606094       9.75406265    
   228.777985       9.69361210    
   250.000000       9.66522980    
   271.222015       9.63689899    
   316.393890       9.57664394    
   375.000000       9.49854660    
   433.606110       9.42053986    
   478.777985       9.36049557    
   500.000000       9.33232307    
   521.221985       9.30425358    
   566.393921       9.24459457    
   625.000000       9.16732788    
   683.606079       9.09020996    
   728.778015       9.03089428    
   750.000000       9.00308323    
   771.221985       8.97542000    
   816.393921       8.91666603    
   875.000000       8.84062767    
   933.606079       8.76478958    
   978.778015       8.70650005    
   1000.00000       8.67918682    
   1021.22198       8.65206432    
   1066.39392       8.59449387    
   1125.00000       8.52003765    
   1183.60608       8.44582844    
   1228.77795       8.38882732    
   1250.00000       8.36213398    
   1271.22205       8.33566570    
   1316.39392       8.27951717    
   1375.00000       8.20694637    
   1433.60608       8.13465881    
   1478.77795       8.07916641    
   1500.00000       8.05319309    
   1521.22205       7.96961117    
   1566.39392       7.67661858    
   1625.00000       7.33760214    
   1683.60608       6.97933292    
   1728.77795       6.71483803    
   1750.00000       6.58819246    
   1771.22205       6.46442223    
   1816.39392       6.20243073    
   1875.00000       5.86465263    
   1933.60608       5.52905703    
   1978.77795       5.27211142    
   2000.00000       5.15214014    
   2021.22205       5.03408718    
   2066.39380       4.78439665    
   2125.00000       4.46270418    
   2183.60620       4.14323711    
   2228.77808       3.89869070    
   2250.00000       3.78451109    
   2271.22192       3.67213011    
   2316.39380       3.43438506    
   2375.00000       3.12795162    
   2433.60620       2.82342553    
   2478.77808       2.59009027    
   2500.00000       2.48102951    
   2521.22192       2.37335682    
   2566.39380       2.14527082    
   2625.00000       1.85080409    
   2683.60620       1.55761969    
   2728.77808       1.33249879    
   2750.00000       1.22705829    
   2771.22192       1.12237227    
   2816.39380      0.900104642    
   2875.00000      0.612388253    
   2933.60620      0.325123489    
   2978.77808      0.103899911    
   3000.00000       2.61103651E-05
