   0.00000000       9.99996471    
   21.2220135       9.97175407    
   66.3938980       9.91163635    
   125.000000       9.83365631    
   183.606094       9.75570583    
   228.777985       9.69565582    
   250.000000       9.66746140    
   271.222015       9.63931751    
   316.393890       9.57945633    
   375.000000       9.50186634    
   433.606110       9.42436409    
   478.777985       9.36470509    
   500.000000       9.33671284    
   521.221985       9.30881786    
   566.393921       9.24952888    
   625.000000       9.17273712    
   683.606079       9.09608841    
   728.778015       9.03712845    
   750.000000       9.00948238    
   771.221985       8.98197842    
   816.393921       8.92355728    
   875.000000       8.84794426    
   933.606079       8.77252388    
   978.778015       8.71454811    
   1000.00000       8.68738079    
   1021.22198       8.66039562    
   1066.39392       8.60311031    
   1125.00000       8.52901649    
   1183.60608       8.45515919    
   1228.77795       8.39842033    
   1250.00000       8.37184811    
   1271.22205       8.34549046    
   1316.39392       8.28957176    
   1375.00000       8.21728611    
   1433.60608       8.14527321    
   1478.77795       8.08998394    
   1500.00000       8.06410122    
   1521.22205       7.98078108    
   1566.39392       7.68867540    
   1625.00000       7.35061598    
   1683.60608       6.99330091    
   1728.77795       6.72945023    
   1750.00000       6.60309076    
   1771.22205       6.47953510    
   1816.39392       6.21794176    
   1875.00000       5.88059664    
   1933.60608       5.54534769    
   1978.77795       5.28860140    
   2000.00000       5.16869450    
   2021.22205       5.05063105    
   2066.39380       4.80085421    
   2125.00000       4.47896194    
   2183.60620       4.15920782    
   2228.77808       3.91437411    
   2250.00000       3.80003166    
   2271.22192       3.68741775    
   2316.39380       3.44911957    
   2375.00000       3.14188957    
   2433.60620       2.83649254    
   2478.77808       2.60243249    
   2500.00000       2.49300909    
   2521.22192       2.38491988    
   2566.39380       2.15590453    
   2625.00000       1.86017573    
   2683.60620       1.56567943    
   2728.77808       1.33951402    
   2750.00000       1.23357034    
   2771.22192       1.12835181    
   2816.39380      0.904928982    
   2875.00000      0.615688503    
   2933.60620      0.326882124    
   2978.77808      0.104462884    
   3000.00000       2.62518824E-05
