   0.00000000       9.99996376    
   21.2220135       9.97146606    
   66.3938980       9.91073513    
   125.000000       9.83195972    
   183.606094       9.75321579    
   228.777985       9.69255733    
   250.000000       9.66407871    
   271.222015       9.63565254    
   316.393890       9.57519341    
   375.000000       9.49683475    
   433.606110       9.41856766    
   478.777985       9.35832405    
   500.000000       9.33006001    
   521.221985       9.30189991    
   566.393921       9.24205017    
   625.000000       9.16453934    
   683.606079       9.08718014    
   728.778015       9.02768040    
   750.000000       8.99978352    
   771.221985       8.97203922    
   816.393921       8.91311264    
   875.000000       8.83685493    
   933.606079       8.76080227    
   978.778015       8.70234966    
   1000.00000       8.67496204    
   1021.22198       8.64776897    
   1066.39392       8.59005070    
   1125.00000       8.51540852    
   1183.60608       8.44101810    
   1228.77795       8.38388062    
   1250.00000       8.35712624    
   1271.22205       8.33060074    
   1316.39392       8.27433395    
   1375.00000       8.20161629    
   1433.60608       8.12918663    
   1478.77795       8.07358932    
   1500.00000       8.04756927    
   1521.22205       7.96385288    
   1566.39392       7.67040396    
   1625.00000       7.33089447    
   1683.60608       6.97213364    
   1728.77795       6.70730734    
   1750.00000       6.58051443    
   1771.22205       6.45663404    
   1816.39392       6.19443750    
   1875.00000       5.85643673    
   1933.60608       5.52066326    
   1978.77795       5.26361465    
   2000.00000       5.14361048    
   2021.22205       5.02556372    
   2066.39380       4.77591753    
   2125.00000       4.45432854    
   2183.60620       4.13500929    
   2228.77808       3.89061141    
   2250.00000       3.77651572    
   2271.22192       3.66425490    
   2316.39380       3.42679501    
   2375.00000       3.12077212    
   2433.60620       2.81669474    
   2478.77808       2.58373332    
   2500.00000       2.47485924    
   2521.22192       2.36740088    
   2566.39380       2.13979387    
   2625.00000       1.84597719    
   2683.60620       1.55346870    
   2728.77808       1.32888579    
   2750.00000       1.22370446    
   2771.22192       1.11929274    
   2816.39380      0.897620022    
   2875.00000      0.610688567    
   2933.60620      0.324217767    
   2978.77808      0.103609972    
   3000.00000       2.60374836E-05
