   0.00000000       9.99996471    
   21.2220135       9.97184658    
   66.3938980       9.91192532    
   125.000000       9.83419895    
   183.606094       9.75650120    
   228.777985       9.69664669    
   250.000000       9.66854382    
   271.222015       9.64048958    
   316.393890       9.58081913    
   375.000000       9.50347614    
   433.606110       9.42621803    
   478.777985       9.36674595    
   500.000000       9.33884048    
   521.221985       9.31103134    
   566.393921       9.25192165    
   625.000000       9.17535973    
   683.606079       9.09893799    
   728.778015       9.04015064    
   750.000000       9.01258469    
   771.221985       8.98515797    
   816.393921       8.92689896    
   875.000000       8.85149193    
   933.606079       8.77627373    
   978.778015       8.71845055    
   1000.00000       8.69135380    
   1021.22198       8.66443443    
   1066.39392       8.60728836    
   1125.00000       8.53337002    
   1183.60608       8.45968246    
   1228.77795       8.40307236    
   1250.00000       8.37655735    
   1271.22205       8.35025501    
   1316.39392       8.29444599    
   1375.00000       8.22230053    
   1433.60608       8.15042019    
   1478.77795       8.09522915    
   1500.00000       8.06939125    
   1521.22205       7.98619747    
   1566.39392       7.69452238    
   1625.00000       7.35692787    
   1683.60608       7.00007534    
   1728.77795       6.73653746    
   1750.00000       6.61031723    
   1771.22205       6.48686600    
   1816.39392       6.22546625    
   1875.00000       5.88833141    
   1933.60608       5.55325079    
   1978.77795       5.29660130    
   2000.00000       5.17672586    
   2021.22205       5.05865717    
   2066.39380       4.80883932    
   2125.00000       4.48685026    
   2183.60620       4.16695738    
   2228.77808       3.92198420    
   2250.00000       3.80756307    
   2271.22192       3.69483590    
   2316.39380       3.45626950    
   2375.00000       3.14865327    
   2433.60620       2.84283400    
   2478.77808       2.60842204    
   2500.00000       2.49882293    
   2521.22192       2.39053154    
   2566.39380       2.16106534    
   2625.00000       1.86472404    
   2683.60620       1.56959116    
   2728.77808       1.34291887    
   2750.00000       1.23673093    
   2771.22192       1.13125396    
   2816.39380      0.907270491    
   2875.00000      0.617290318    
   2933.60620      0.327735692    
   2978.77808      0.104736134    
   3000.00000       2.63205675E-05
