   0.00000000       9.99996471    
   21.2220135       9.97211170    
   66.3938980       9.91275597    
   125.000000       9.83576202    
   183.606094       9.75879478    
   228.777985       9.69950104    
   250.000000       9.67166042    
   271.222015       9.64386559    
   316.393890       9.58474541    
   375.000000       9.50811100    
   433.606110       9.43155766    
   478.777985       9.37262344    
   500.000000       9.34496880    
   521.221985       9.31740475    
   566.393921       9.25881195    
   625.000000       9.18291283    
   683.606079       9.10714531    
   728.778015       9.04885483    
   750.000000       9.02151966    
   771.221985       8.99431515    
   816.393921       8.93652248    
   875.000000       8.86170864    
   933.606079       8.78707314    
   978.778015       8.72969055    
   1000.00000       8.70279598    
   1021.22198       8.67606926    
   1066.39392       8.61932278    
   1125.00000       8.54590893    
   1183.60608       8.47271347    
   1228.77795       8.41647053    
   1250.00000       8.39012432    
   1271.22205       8.36397648    
   1316.39392       8.30848789    
   1375.00000       8.23674202    
   1433.60608       8.16524696    
   1478.77795       8.11033916    
   1500.00000       8.08462906    
   1521.22205       8.00180054    
   1566.39392       7.71136665    
   1625.00000       7.37511206    
   1683.60608       7.01959610    
   1728.77795       6.75696039    
   1750.00000       6.63114119    
   1771.22205       6.50799036    
   1816.39392       6.24714994    
   1875.00000       5.91062260    
   1933.60608       5.57602930    
   1978.77795       5.31966066    
   2000.00000       5.19987631    
   2021.22205       5.08179283    
   2066.39380       4.83185673    
   2125.00000       4.50959063    
   2183.60620       4.18929768    
   2228.77808       3.94392443    
   2250.00000       3.82927608    
   2271.22192       3.71622372    
   2316.39380       3.47688437    
   2375.00000       3.16815543    
   2433.60620       2.86111903    
   2478.77808       2.62569332    
   2500.00000       2.51558709    
   2521.22192       2.40671325    
   2566.39380       2.17594719    
   2625.00000       1.87784004    
   2683.60620       1.58087146    
   2728.77808       1.35273767    
   2750.00000       1.24584556    
   2771.22192       1.13962340    
   2816.39380      0.914023042    
   2875.00000      0.621909678    
   2933.60620      0.330197275    
   2978.77808      0.105524145    
   3000.00000       2.65186500E-05
