   0.00000000       9.99996471    
   21.2220135       9.97202587    
   66.3938980       9.91248417    
   125.000000       9.83525181    
   183.606094       9.75804615    
   228.777985       9.69856930    
   250.000000       9.67064285    
   271.222015       9.64276314    
   316.393890       9.58346367    
   375.000000       9.50659752    
   433.606110       9.42981434    
   478.777985       9.37070465    
   500.000000       9.34296799    
   521.221985       9.31532383    
   566.393921       9.25656128    
   625.000000       9.18044662    
   683.606079       9.10446453    
   728.778015       9.04601288    
   750.000000       9.01860142    
   771.221985       8.99132538    
   816.393921       8.93338013    
   875.000000       8.85837269    
   933.606079       8.78354645    
   978.778015       8.72601986    
   1000.00000       8.69905949    
   1021.22198       8.67226982    
   1066.39392       8.61539268    
   1125.00000       8.54181480    
   1183.60608       8.46845818    
   1228.77795       8.41209507    
   1250.00000       8.38569355    
   1271.22205       8.35949612    
   1316.39392       8.30390263    
   1375.00000       8.23202610    
   1433.60608       8.16040516    
   1478.77795       8.10540485    
   1500.00000       8.07965279    
   1521.22205       7.99670553    
   1566.39392       7.70586538    
   1625.00000       7.36917305    
   1683.60608       7.01322031    
   1728.77795       6.75028992    
   1750.00000       6.62433958    
   1771.22205       6.50109053    
   1816.39392       6.24006701    
   1875.00000       5.90334129    
   1933.60608       5.56858873    
   1978.77795       5.31212807    
   2000.00000       5.19231367    
   2021.22205       5.07423544    
   2066.39380       4.82433748    
   2125.00000       4.50216150    
   2183.60620       4.18199921    
   2228.77808       3.93675661    
   2250.00000       3.82218242    
   2271.22192       3.70923615    
   2316.39380       3.47014928    
   2375.00000       3.16178370    
   2433.60620       2.85514474    
   2478.77808       2.62005043    
   2500.00000       2.51010990    
   2521.22192       2.40142608    
   2566.39380       2.17108488    
   2625.00000       1.87355459    
   2683.60620       1.57718575    
   2728.77808       1.34952939    
   2750.00000       1.24286735    
   2771.22192       1.13688874    
   2816.39380      0.911816657    
   2875.00000      0.620400310    
   2933.60620      0.329392970    
   2978.77808      0.105266660    
   3000.00000       2.64539267E-05
