   0.00000000       9.99996471    
   21.2220135       9.97193718    
   66.3938980       9.91220760    
   125.000000       9.83473015    
   183.606094       9.75728130    
   228.777985       9.69761753    
   250.000000       9.66960430    
   271.222015       9.64163780    
   316.393890       9.58215523    
   375.000000       9.50505257    
   433.606110       9.42803478    
   478.777985       9.36874580    
   500.000000       9.34092522    
   521.221985       9.31320000    
   566.393921       9.25426579    
   625.000000       9.17792892    
   683.606079       9.10172939    
   728.778015       9.04311180    
   750.000000       9.01562405    
   771.221985       8.98827267    
   816.393921       8.93017292    
   875.000000       8.85496712    
   933.606079       8.77994728    
   978.778015       8.72227383    
   1000.00000       8.69524574    
   1021.22198       8.66839218    
   1066.39392       8.61138248    
   1125.00000       8.53763580    
   1183.60608       8.46411514    
   1228.77795       8.40762997    
   1250.00000       8.38117218    
   1271.22205       8.35492229    
   1316.39392       8.29922295    
   1375.00000       8.22721291    
   1433.60608       8.15546417    
   1478.77795       8.10036850    
   1500.00000       8.07457447    
   1521.22205       7.99150515    
   1566.39392       7.70025158    
   1625.00000       7.36311245    
   1683.60608       7.00671434    
   1728.77795       6.74348307    
   1750.00000       6.61739922    
   1771.22205       6.49405003    
   1816.39392       6.23284006    
   1875.00000       5.89591169    
   1933.60608       5.56099701    
   1978.77795       5.30444288    
   2000.00000       5.18459797    
   2021.22205       5.06652451    
   2066.39380       4.81666613    
   2125.00000       4.49458265    
   2183.60620       4.17455339    
   2228.77808       3.92944407    
   2250.00000       3.81494570    
   2271.22192       3.70210791    
   2316.39380       3.46327853    
   2375.00000       3.15528393    
   2433.60620       2.84905076    
   2478.77808       2.61429405    
   2500.00000       2.50452232    
   2521.22192       2.39603305    
   2566.39380       2.16612482    
   2625.00000       1.86918318    
   2683.60620       1.57342613    
   2728.77808       1.34625685    
   2750.00000       1.23982954    
   2771.22192       1.13409925    
   2816.39380      0.909566104    
   2875.00000      0.618860722    
   2933.60620      0.328572541    
   2978.77808      0.105004020    
   3000.00000       2.63879083E-05
