   0.00000000       9.99996471    
   21.2220135       9.97219753    
   66.3938980       9.91302109    
   125.000000       9.83626175    
   183.606094       9.75952816    
   228.777985       9.70041370    
   250.000000       9.67265701    
   271.222015       9.64494610    
   316.393890       9.58600140    
   375.000000       9.50959396    
   433.606110       9.43326569    
   478.777985       9.37450409    
   500.000000       9.34692955    
   521.221985       9.31944370    
   566.393921       9.26101589    
   625.000000       9.18532848    
   683.606079       9.10977077    
   728.778015       9.05163956    
   750.000000       9.02437782    
   771.221985       8.99724483    
   816.393921       8.93960094    
   875.000000       8.86497784    
   933.606079       8.79052830    
   978.778015       8.73328590    
   1000.00000       8.70645618    
   1021.22198       8.67979145    
   1066.39392       8.62317276    
   1125.00000       8.54992104    
   1183.60608       8.47688293    
   1228.77795       8.42075729    
   1250.00000       8.39446449    
   1271.22205       8.36836720    
   1316.39392       8.31298161    
   1375.00000       8.24136353    
   1433.60608       8.16999054    
   1478.77795       8.11517334    
   1500.00000       8.08950424    
   1521.22205       8.00679398    
   1566.39392       7.71675682    
   1625.00000       7.38093185    
   1683.60608       7.02584410    
   1728.77795       6.76349735    
   1750.00000       6.63780689    
   1771.22205       6.51475239    
   1816.39392       6.25409126    
   1875.00000       5.91775894    
   1933.60608       5.58332205    
   1978.77795       5.32704353    
   2000.00000       5.20728874    
   2021.22205       5.08920097    
   2066.39380       4.83922720    
   2125.00000       4.51687241    
   2183.60620       4.19645214    
   2228.77808       3.95095062    
   2250.00000       3.83622980    
   2271.22192       3.72307301    
   2316.39380       3.48348665    
   2375.00000       3.17440128    
   2433.60620       2.86697531    
   2478.77808       2.63122511    
   2500.00000       2.52095675    
   2521.22192       2.41189623    
   2566.39380       2.18071389    
   2625.00000       1.88204122    
   2683.60620       1.58448470    
   2728.77808       1.35588288    
   2750.00000       1.24876511    
   2771.22192       1.14230430    
   2816.39380      0.916186094    
   2875.00000      0.623389423    
   2933.60620      0.330985814    
   2978.77808      0.105776571    
   3000.00000       2.65821036E-05
