   0.00000000       9.99996471    
   21.2220135       9.97228050    
   66.3938980       9.91328144    
   125.000000       9.83675098    
   183.606094       9.76024628    
   228.777985       9.70130825    
   250.000000       9.67363453    
   271.222015       9.64600372    
   316.393890       9.58723164    
   375.000000       9.51104736    
   433.606110       9.43493938    
   478.777985       9.37634659    
   500.000000       9.34885025    
   521.221985       9.32144165    
   566.393921       9.26317501    
   625.000000       9.18769646    
   683.606079       9.11234283    
   728.778015       9.05436802    
   750.000000       9.02717876    
   771.221985       9.00011539    
   816.393921       8.94261742    
   875.000000       8.86818027    
   933.606079       8.79391384    
   978.778015       8.73680973    
   1000.00000       8.71004295    
   1021.22198       8.68343830    
   1066.39392       8.62694454    
   1125.00000       8.55385208    
   1183.60608       8.48096752    
   1228.77795       8.42495823    
   1250.00000       8.39871788    
   1271.22205       8.37266922    
   1316.39392       8.31738377    
   1375.00000       8.24589157    
   1433.60608       8.17463970    
   1478.77795       8.11991119    
   1500.00000       8.09428215    
   1521.22205       8.01168633    
   1566.39392       7.72203922    
   1625.00000       7.38663530    
   1683.60608       7.03196669    
   1728.77795       6.76990366    
   1750.00000       6.64433956    
   1771.22205       6.52137947    
   1816.39392       6.26089382    
   1875.00000       5.92475319    
   1933.60608       5.59046984    
   1978.77795       5.33428001    
   2000.00000       5.21455383    
   2021.22205       5.09646130    
   2066.39380       4.84645081    
   2125.00000       4.52400970    
   2183.60620       4.20346451    
   2228.77808       3.95783758    
   2250.00000       3.84304571    
   2271.22192       3.72978711    
   2316.39380       3.48995829    
   2375.00000       3.18052387    
   2433.60620       2.87271619    
   2478.77808       2.63664794    
   2500.00000       2.52622056    
   2521.22192       2.41697717    
   2566.39380       2.18538666    
   2625.00000       1.88615978    
   2683.60620       1.58802700    
   2728.77808       1.35896623    
   2750.00000       1.25162745    
   2771.22192       1.14493251    
   2816.39380      0.918306649    
   2875.00000      0.624840081    
   2933.60620      0.331758857    
   2978.77808      0.106024034    
   3000.00000       2.66443094E-05
