   0.00000000       9.99996567    
   21.2220135       9.97251987    
   66.3938980       9.91403103    
   125.000000       9.83816147    
   183.606094       9.76231670    
   228.777985       9.70388508    
   250.000000       9.67644787    
   271.222015       9.64905167    
   316.393890       9.59077644    
   375.000000       9.51523113    
   433.606110       9.43975925    
   478.777985       9.38165188    
   500.000000       9.35438347    
   521.221985       9.32719517    
   566.393921       9.26939583    
   625.000000       9.19451523    
   683.606079       9.11975193    
   728.778015       9.06222630    
   750.000000       9.03524494    
   771.221985       9.00838280    
   816.393921       8.95130539    
   875.000000       8.87740517    
   933.606079       8.80366421    
   978.778015       8.74695778    
   1000.00000       8.72037506    
   1021.22198       8.69394302    
   1066.39392       8.63781166    
   1125.00000       8.56517506    
   1183.60608       8.49273491    
   1228.77795       8.43705750    
   1250.00000       8.41096973    
   1271.22205       8.38506126    
   1316.39392       8.33006573    
   1375.00000       8.25893497    
   1433.60608       8.18803024    
   1478.77795       8.13355923    
   1500.00000       8.10804558    
   1521.22205       8.02578068    
   1566.39392       7.73725748    
   1625.00000       7.40306759    
   1683.60608       7.04960966    
   1728.77795       6.78836441    
   1750.00000       6.66316366    
   1771.22205       6.54047632    
   1816.39392       6.28049898    
   1875.00000       5.94491053    
   1933.60608       5.61107063    
   1978.77795       5.35513687    
   2000.00000       5.23549366    
   2021.22205       5.11738920    
   2066.39380       4.86727381    
   2125.00000       4.54458380    
   2183.60620       4.22367954    
   2228.77808       3.97769213    
   2250.00000       3.86269546    
   2271.22192       3.74914289    
   2316.39380       3.50861597    
   2375.00000       3.19817591    
   2433.60620       2.88926792    
   2478.77808       2.65228295    
   2500.00000       2.54139709    
   2521.22192       2.43162680    
   2566.39380       2.19885993    
   2625.00000       1.89803493    
   2683.60620       1.59824073    
   2728.77808       1.36785698    
   2750.00000       1.25988066    
   2771.22192       1.15251112    
   2816.39380      0.924421310    
   2875.00000      0.629023075    
   2933.60620      0.333987921    
   2978.77808      0.106737614    
   3000.00000       2.68236818E-05
