   0.00000000       9.99996567    
   21.2220135       9.97244167    
   66.3938980       9.91378689    
   125.000000       9.83770084    
   183.606094       9.76164055    
   228.777985       9.70304394    
   250.000000       9.67552853    
   271.222015       9.64805603    
   316.393890       9.58961868    
   375.000000       9.51386547    
   433.606110       9.43818569    
   478.777985       9.37992001    
   500.000000       9.35257626    
   521.221985       9.32531643    
   566.393921       9.26736450    
   625.000000       9.19228840    
   683.606079       9.11733246    
   728.778015       9.05965996    
   750.000000       9.03261089    
   771.221985       9.00568295    
   816.393921       8.94846821    
   875.000000       8.87439251    
   933.606079       8.80047989    
   978.778015       8.74364376    
   1000.00000       8.71700096    
   1021.22198       8.69051266    
   1066.39392       8.63426304    
   1125.00000       8.56147766    
   1183.60608       8.48889256    
   1228.77795       8.43310642    
   1250.00000       8.40696812    
   1271.22205       8.38101387    
   1316.39392       8.32592392    
   1375.00000       8.25467491    
   1433.60608       8.18365765    
   1478.77795       8.12910175    
   1500.00000       8.10355091    
   1521.22205       8.02117729    
   1566.39392       7.73228741    
   1625.00000       7.39770079    
   1683.60608       7.04384708    
   1728.77795       6.78233480    
   1750.00000       6.65701532    
   1771.22205       6.53423882    
   1816.39392       6.27409506    
   1875.00000       5.93832588    
   1933.60608       5.60434151    
   1978.77795       5.34832382    
   2000.00000       5.22865343    
   2021.22205       5.11055279    
   2066.39380       4.86047173    
   2125.00000       4.53786278    
   2183.60620       4.21707582    
   2228.77808       3.97120595    
   2250.00000       3.85627604    
   2271.22192       3.74281955    
   2316.39380       3.50252056    
   2375.00000       3.19240904    
   2433.60620       2.88386035    
   2478.77808       2.64717484    
   2500.00000       2.53643870    
   2521.22192       2.42684054    
   2566.39380       2.19445801    
   2625.00000       1.89415503    
   2683.60620       1.59490359    
   2728.77808       1.36495209    
   2750.00000       1.25718415    
   2771.22192       1.15003490    
   2816.39380      0.922423422    
   2875.00000      0.627656341    
   2933.60620      0.333259612    
   2978.77808      0.106504463    
   3000.00000       2.67650757E-05
