   0.00000000       9.99996567    
   21.2220135       9.97236156    
   66.3938980       9.91353703    
   125.000000       9.83723068    
   183.606094       9.76095104    
   228.777985       9.70218468    
   250.000000       9.67459106    
   271.222015       9.64704037    
   316.393890       9.58843803    
   375.000000       9.51247025    
   433.606110       9.43657875    
   478.777985       9.37815094    
   500.000000       9.35073280    
   521.221985       9.32339859    
   566.393921       9.26529121    
   625.000000       9.19001579    
   683.606079       9.11486340    
   728.778015       9.05704117    
   750.000000       9.02992249    
   771.221985       9.00292778    
   816.393921       8.94557285    
   875.000000       8.87131786    
   933.606079       8.79723072    
   978.778015       8.74026108    
   1000.00000       8.71355724    
   1021.22198       8.68701172    
   1066.39392       8.63064098    
   1125.00000       8.55770302    
   1183.60608       8.48497009    
   1228.77795       8.42907429    
   1250.00000       8.40288544    
   1271.22205       8.37688446    
   1316.39392       8.32169724    
   1375.00000       8.25032806    
   1433.60608       8.17919445    
   1478.77795       8.12455273    
   1500.00000       8.09896374    
   1521.22205       8.01648045    
   1566.39392       7.72721529    
   1625.00000       7.39222383    
   1683.60608       7.03796721    
   1728.77795       6.77618217    
   1750.00000       6.65074158    
   1771.22205       6.52787399    
   1816.39392       6.26756096    
   1875.00000       5.93160772    
   1933.60608       5.59747553    
   1978.77795       5.34137249    
   2000.00000       5.22167444    
   2021.22205       5.10357761    
   2066.39380       4.85353136    
   2125.00000       4.53100538    
   2183.60620       4.21033812    
   2228.77808       3.96458864    
   2250.00000       3.84972692    
   2271.22192       3.73636842    
   2316.39380       3.49630213    
   2375.00000       3.18652558    
   2433.60620       2.87834382    
   2478.77808       2.64196372    
   2500.00000       2.53138041    
   2521.22192       2.42195797    
   2566.39380       2.18996739    
   2625.00000       1.89019716    
   2683.60620       1.59149945    
   2728.77808       1.36198890    
   2750.00000       1.25443339    
   2771.22192       1.14750910    
   2816.39380      0.920385480    
   2875.00000      0.626262188    
   2933.60620      0.332516700    
   2978.77808      0.106266633    
   3000.00000       2.67052910E-05
