   0.00000000       9.99996567    
   21.2220135       9.97259712    
   66.3938980       9.91427135    
   125.000000       9.83861351    
   183.606094       9.76297855    
   228.777985       9.70470905    
   250.000000       9.67734718    
   271.222015       9.65002632    
   316.393890       9.59191036    
   375.000000       9.51657009    
   433.606110       9.44130230    
   478.777985       9.38335037    
   500.000000       9.35615349    
   521.221985       9.32903576    
   566.393921       9.27138615    
   625.000000       9.19669628    
   683.606079       9.12212276    
   728.778015       9.06474113    
   750.000000       9.03782654    
   771.221985       9.01102829    
   816.393921       8.95408535    
   875.000000       8.88035679    
   933.606079       8.80678463    
   978.778015       8.75020504    
   1000.00000       8.72368050    
   1021.22198       8.69730473    
   1066.39392       8.64128780    
   1125.00000       8.56879807    
   1183.60608       8.49650002    
   1228.77795       8.44092941    
   1250.00000       8.41489029    
   1271.22205       8.38902664    
   1316.39392       8.33412361    
   1375.00000       8.26310921    
   1433.60608       8.19231606    
   1478.77795       8.13792610    
   1500.00000       8.11245060    
   1521.22205       8.03029156    
   1566.39392       7.74212790    
   1625.00000       7.40832710    
   1683.60608       7.05525684    
   1728.77795       6.79427385    
   1750.00000       6.66918945    
   1771.22205       6.54658985    
   1816.39392       6.28677511    
   1875.00000       5.95136356    
   1933.60608       5.61766624    
   1978.77795       5.36181450    
   2000.00000       5.24219847    
   2021.22205       5.12409019    
   2066.39380       4.87394094    
   2125.00000       4.55117178    
   2183.60620       4.23015261    
   2228.77808       3.98405004    
   2250.00000       3.86898804    
   2271.22192       3.75534129    
   2316.39380       3.51459098    
   2375.00000       3.20382905    
   2433.60620       2.89456868    
   2478.77808       2.65729046    
   2500.00000       2.54625773    
   2521.22192       2.43631864    
   2566.39380       2.20317507    
   2625.00000       1.90183830    
   2683.60620       1.60151207    
   2728.77808       1.37070465    
   2750.00000       1.26252425    
   2771.22192       1.15493846    
   2816.39380      0.926379800    
   2875.00000      0.630362868    
   2933.60620      0.334701896    
   2978.77808      0.106966175    
   3000.00000       2.68811364E-05
