   0.00000000       9.99996567    
   21.2220135       9.97267151    
   66.3938980       9.91450596    
   125.000000       9.83905506    
   183.606094       9.76362801    
   228.777985       9.70551682    
   250.000000       9.67822933    
   271.222015       9.65098190    
   316.393890       9.59302139    
   375.000000       9.51788235    
   433.606110       9.44281292    
   478.777985       9.38501358    
   500.000000       9.35788727    
   521.221985       9.33084011    
   566.393921       9.27333546    
   625.000000       9.19883442    
   683.606079       9.12444592    
   728.778015       9.06720448    
   750.000000       9.04035568    
   771.221985       9.01361942    
   816.393921       8.95680904    
   875.000000       8.88324833    
   933.606079       8.80984211    
   978.778015       8.75338745    
   1000.00000       8.72692013    
   1021.22198       8.70059776    
   1066.39392       8.64469528    
   1125.00000       8.57234859    
   1183.60608       8.50018978    
   1228.77795       8.44472313    
   1250.00000       8.41873169    
   1271.22205       8.39291191    
   1316.39392       8.33810043    
   1375.00000       8.26719856    
   1433.60608       8.19651508    
   1478.77795       8.14220619    
   1500.00000       8.11676598    
   1521.22205       8.03471088    
   1566.39392       7.74690056    
   1625.00000       7.41348124    
   1683.60608       7.06079102    
   1728.77795       6.80006456    
   1750.00000       6.67509508    
   1771.22205       6.55258083    
   1816.39392       6.29292583    
   1875.00000       5.95768785    
   1933.60608       5.62413025    
   1978.77795       5.36835957    
   2000.00000       5.24876928    
   2021.22205       5.13065767    
   2066.39380       4.88047600    
   2125.00000       4.55762911    
   2183.60620       4.23649788    
   2228.77808       3.99028206    
   2250.00000       3.87515569    
   2271.22192       3.76141691    
   2316.39380       3.52044773    
   2375.00000       3.20937014    
   2433.60620       2.89976478    
   2478.77808       2.66219902    
   2500.00000       2.55102253    
   2521.22192       2.44091797    
   2566.39380       2.20740509    
   2625.00000       1.90556669    
   2683.60620       1.60471892    
   2728.77808       1.37349617    
   2750.00000       1.26511562    
   2771.22192       1.15731800    
   2816.39380      0.928299665    
   2875.00000      0.631676316    
   2933.60620      0.335401803    
   2978.77808      0.107190236    
   3000.00000       2.69374577E-05
