   0.00000000       9.99996567    
   21.2220135       9.97281742    
   66.3938980       9.91496277    
   125.000000       9.83991337    
   183.606094       9.76488686    
   228.777985       9.70708370    
   250.000000       9.67994022    
   271.222015       9.65283585    
   316.393890       9.59517670    
   375.000000       9.52042675    
   433.606110       9.44574451    
   478.777985       9.38823986    
   500.000000       9.36125183    
   521.221985       9.33433914    
   566.393921       9.27711868    
   625.000000       9.20298100    
   683.606079       9.12895203    
   728.778015       9.07198429    
   750.000000       9.04526138    
   771.221985       9.01864815    
   816.393921       8.96209335    
   875.000000       8.88885880    
   933.606079       8.81577206    
   978.778015       8.75955963    
   1000.00000       8.73320389    
   1021.22198       8.70698738    
   1066.39392       8.65130424    
   1125.00000       8.57923508    
   1183.60608       8.50734711    
   1228.77795       8.45208359    
   1250.00000       8.42618370    
   1271.22205       8.40044975    
   1316.39392       8.34581470    
   1375.00000       8.27513313    
   1433.60608       8.20466137    
   1478.77795       8.15050888    
   1500.00000       8.12513924    
   1521.22205       8.04328632    
   1566.39392       7.75616074    
   1625.00000       7.42348146    
   1683.60608       7.07152939    
   1728.77795       6.81130219    
   1750.00000       6.68655443    
   1771.22205       6.56420660    
   1816.39392       6.30486155    
   1875.00000       5.96996164    
   1933.60608       5.63667536    
   1978.77795       5.38106155    
   2000.00000       5.26152229    
   2021.22205       5.14340353    
   2066.39380       4.89315891    
   2125.00000       4.57016182    
   2183.60620       4.24881268    
   2228.77808       4.00237799    
   2250.00000       3.88712740    
   2271.22192       3.77320981    
   2316.39380       3.53181577    
   2375.00000       3.22012615    
   2433.60620       2.90985084    
   2478.77808       2.67172694    
   2500.00000       2.56027150    
   2521.22192       2.44984555    
   2566.39380       2.21561623    
   2625.00000       1.91280425    
   2683.60620       1.61094403    
   2728.77808       1.37891519    
   2750.00000       1.27014613    
   2771.22192       1.16193724    
   2816.39380      0.932026744    
   2875.00000      0.634225965    
   2933.60620      0.336760521    
   2978.77808      0.107625186    
   3000.00000       2.70467935E-05
