   0.00000000       9.99996567    
   21.2220135       9.97302532    
   66.3938980       9.91561222    
   125.000000       9.84113598    
   183.606094       9.76668072    
   228.777985       9.70931721    
   250.000000       9.68237877    
   271.222015       9.65547752    
   316.393890       9.59824944    
   375.000000       9.52405453    
   433.606110       9.44992352    
   478.777985       9.39284039    
   500.000000       9.36604881    
   521.221985       9.33932781    
   566.393921       9.28251171    
   625.000000       9.20889282    
   683.606079       9.13537598    
   728.778015       9.07879734    
   750.000000       9.05225563    
   771.221985       9.02581596    
   816.393921       8.96962643    
   875.000000       8.89685822    
   933.606079       8.82422829    
   978.778015       8.76836014    
   1000.00000       8.74216270    
   1021.22198       8.71609783    
   1066.39392       8.66072750    
   1125.00000       8.58905506    
   1183.60608       8.51755333    
   1228.77795       8.46257782    
   1250.00000       8.43680954    
   1271.22205       8.41119862    
   1316.39392       8.35681438    
   1375.00000       8.28644753    
   1433.60608       8.21627712    
   1478.77795       8.16234779    
   1500.00000       8.13707924    
   1521.22205       8.05551338    
   1566.39392       7.76936626    
   1625.00000       7.43774319    
   1683.60608       7.08684540    
   1728.77795       6.82733011    
   1750.00000       6.70289898    
   1771.22205       6.58078909    
   1816.39392       6.32188749    
   1875.00000       5.98747015    
   1933.60608       5.65457201    
   1978.77795       5.39918232    
   2000.00000       5.27971697    
   2021.22205       5.16158819    
   2066.39380       4.91125393    
   2125.00000       4.58804321    
   2183.60620       4.26638412    
   2228.77808       4.01963758    
   2250.00000       3.90420961    
   2271.22192       3.79003716    
   2316.39380       3.54803753    
   2375.00000       3.23547482    
   2433.60620       2.92424440    
   2478.77808       2.68532443    
   2500.00000       2.57347059    
   2521.22192       2.46258664    
   2566.39380       2.22733474    
   2625.00000       1.92313337    
   2683.60620       1.61982846    
   2728.77808       1.38664925    
   2750.00000       1.27732575    
   2771.22192       1.16852999    
   2816.39380      0.937346041    
   2875.00000      0.637864947    
   2933.60620      0.338699728    
   2978.77808      0.108245976    
   3000.00000       2.72028410E-05
