   0.00000000       9.99996567    
   21.2220135       9.97288799    
   66.3938980       9.91518307    
   125.000000       9.84032917    
   183.606094       9.76549721    
   228.777985       9.70784283    
   250.000000       9.68076992    
   271.222015       9.65373421    
   316.393890       9.59622192    
   375.000000       9.52166080    
   433.606110       9.44716549    
   478.777985       9.38980484    
   500.000000       9.36288357    
   521.221985       9.33603573    
   566.393921       9.27895260    
   625.000000       9.20499134    
   683.606079       9.13113689    
   728.778015       9.07430172    
   750.000000       9.04764080    
   771.221985       9.02108574    
   816.393921       8.96465588    
   875.000000       8.89157963    
   933.606079       8.81864834    
   978.778015       8.76255322    
   1000.00000       8.73625088    
   1021.22198       8.71008587    
   1066.39392       8.65450954    
   1125.00000       8.58257580    
   1183.60608       8.51081848    
   1228.77795       8.45565319    
   1250.00000       8.42979813    
   1271.22205       8.40410614    
   1316.39392       8.34955597    
   1375.00000       8.27898216    
   1433.60608       8.20861244    
   1478.77795       8.15453529    
   1500.00000       8.12919998    
   1521.22205       8.04744530    
   1566.39392       7.76065207    
   1625.00000       7.42833185    
   1683.60608       7.07673836    
   1728.77795       6.81675291    
   1750.00000       6.69211292    
   1771.22205       6.56984615    
   1816.39392       6.31065178    
   1875.00000       5.97591543    
   1933.60608       5.64276123    
   1978.77795       5.38722324    
   2000.00000       5.26770926    
   2021.22205       5.14958715    
   2066.39380       4.89931202    
   2125.00000       4.57624197    
   2183.60620       4.25478745    
   2228.77808       4.00824642    
   2250.00000       3.89293575    
   2271.22192       3.77893162    
   2316.39380       3.53733158    
   2375.00000       3.22534490    
   2433.60620       2.91474485    
   2478.77808       2.67635036    
   2500.00000       2.56475925    
   2521.22192       2.45417762    
   2566.39380       2.21960068    
   2625.00000       1.91631615    
   2683.60620       1.61396480    
   2728.77808       1.38154471    
   2750.00000       1.27258718    
   2771.22192       1.16417885    
   2816.39380      0.933835268    
   2875.00000      0.635463238    
   2933.60620      0.337419868    
   2978.77808      0.107836254    
   3000.00000       2.70998498E-05
