   0.00000000       9.99996567    
   21.2220135       9.97295761    
   66.3938980       9.91539955    
   125.000000       9.84073639    
   183.606094       9.76609516    
   228.777985       9.70858765    
   250.000000       9.68158245    
   271.222015       9.65461445    
   316.393890       9.59724617    
   375.000000       9.52287006    
   433.606110       9.44855881    
   478.777985       9.39133835    
   500.000000       9.36448193    
   521.221985       9.33769798    
   566.393921       9.28075027    
   625.000000       9.20696163    
   683.606079       9.13327789    
   728.778015       9.07657242    
   750.000000       9.04997158    
   771.221985       9.02347565    
   816.393921       8.96716690    
   875.000000       8.89424610    
   933.606079       8.82146645    
   978.778015       8.76548576    
   1000.00000       8.73923683    
   1021.22198       8.71312237    
   1066.39392       8.65764999    
   1125.00000       8.58584785    
   1183.60608       8.51422024    
   1228.77795       8.45915031    
   1250.00000       8.43334007    
   1271.22205       8.40768814    
   1316.39392       8.35322189    
   1375.00000       8.28275299    
   1433.60608       8.21248341    
   1478.77795       8.15848160    
   1500.00000       8.13317966    
   1521.22205       8.05152035    
   1566.39392       7.76505327    
   1625.00000       7.43308496    
   1683.60608       7.08184290    
   1728.77795       6.82209492    
   1750.00000       6.69756031    
   1771.22205       6.57537270    
   1816.39392       6.31632614    
   1875.00000       5.98175097    
   1933.60608       5.64872599    
   1978.77795       5.39326286    
   2000.00000       5.27377319    
   2021.22205       5.15564775    
   2066.39380       4.90534306    
   2125.00000       4.58220196    
   2183.60620       4.26064396    
   2228.77808       4.01399899    
   2250.00000       3.89862919    
   2271.22192       3.78453994    
   2316.39380       3.54273796    
   2375.00000       3.23046064    
   2433.60620       2.91954207    
   2478.77808       2.68088222    
   2500.00000       2.56915832    
   2521.22192       2.45842409    
   2566.39380       2.22350621    
   2625.00000       1.91975880    
   2683.60620       1.61692595    
   2728.77808       1.38412237    
   2750.00000       1.27498007    
   2771.22192       1.16637611    
   2816.39380      0.935608149    
   2875.00000      0.636676073    
   2933.60620      0.338066161    
   2978.77808      0.108043157    
   3000.00000       2.71518584E-05
