   0.00000000       9.99996567    
   21.2220135       9.97274590    
   66.3938980       9.91473675    
   125.000000       9.83948898    
   183.606094       9.76426315    
   228.777985       9.70630836    
   250.000000       9.67909336    
   271.222015       9.65191841    
   316.393890       9.59410954    
   375.000000       9.51916790    
   433.606110       9.44429302    
   478.777985       9.38664341    
   500.000000       9.35958672    
   521.221985       9.33260727    
   566.393921       9.27524662    
   625.000000       9.20092869    
   683.606079       9.12672234    
   728.778015       9.06961918    
   750.000000       9.04283333    
   771.221985       9.01615906    
   816.393921       8.95947838    
   875.000000       8.88608265    
   933.606079       8.81283760    
   978.778015       8.75650501    
   1000.00000       8.73009396    
   1021.22198       8.70382500    
   1066.39392       8.64803314    
   1125.00000       8.57582664    
   1183.60608       8.50380516    
   1228.77795       8.44844055    
   1250.00000       8.42249584    
   1271.22205       8.39671898    
   1316.39392       8.34199619    
   1375.00000       8.27120686    
   1433.60608       8.20062923    
   1478.77795       8.14639950    
   1500.00000       8.12099552    
   1521.22205       8.03904247    
   1566.39392       7.75157785    
   1625.00000       7.41853189    
   1683.60608       7.06621456    
   1728.77795       6.80574036    
   1750.00000       6.68088245    
   1771.22205       6.55845213    
   1816.39392       6.29895353    
   1875.00000       5.96388674    
   1933.60608       5.63046598    
   1978.77795       5.37477398    
   2000.00000       5.25520992    
   2021.22205       5.13709450    
   2066.39380       4.88688087    
   2125.00000       4.56395817    
   2183.60620       4.24271679    
   2228.77808       3.99639034    
   2250.00000       3.88120151    
   2271.22192       3.76737237    
   2316.39380       3.52618861    
   2375.00000       3.21480179    
   2433.60620       2.90485811    
   2478.77808       2.66701055    
   2500.00000       2.55569315    
   2521.22192       2.44542623    
   2566.39380       2.21155167    
   2625.00000       1.90922153    
   2683.60620       1.60786247    
   2728.77808       1.37623262    
   2750.00000       1.26765597    
   2771.22192       1.15965068    
   2816.39380      0.930181742    
   2875.00000      0.632963836    
   2933.60620      0.336087942    
   2978.77808      0.107409880    
   3000.00000       2.69926695E-05
