   0.00000000       9.99996662    
   21.2220135       9.97315693    
   66.3938980       9.91602421    
   125.000000       9.84191036    
   183.606094       9.76781750    
   228.777985       9.71073151    
   250.000000       9.68392467    
   271.222015       9.65715122    
   316.393890       9.60019588    
   375.000000       9.52635288    
   433.606110       9.45257092    
   478.777985       9.39575481    
   500.000000       9.36908722    
   521.221985       9.34248734    
   566.393921       9.28592777    
   625.000000       9.21263790    
   683.606079       9.13944626    
   728.778015       9.08311462    
   750.000000       9.05668736    
   771.221985       9.03035831    
   816.393921       8.97439957    
   875.000000       8.90192604    
   933.606079       8.82958508    
   978.778015       8.77393532    
   1000.00000       8.74783897    
   1021.22198       8.72186947    
   1066.39392       8.66669846    
   1125.00000       8.59527683    
   1183.60608       8.52401924    
   1228.77795       8.46922684    
   1250.00000       8.44354248    
   1271.22205       8.41800880    
   1316.39392       8.36378384    
   1375.00000       8.29361629    
   1433.60608       8.22363758    
   1478.77795       8.16984940    
   1500.00000       8.14464474    
   1521.22205       8.06326199    
   1566.39392       7.77773476    
   1625.00000       7.44678211    
   1683.60608       7.09655237    
   1728.77795       6.83748865    
   1750.00000       6.71325874    
   1771.22205       6.59130001    
   1816.39392       6.33267927    
   1875.00000       5.99856853    
   1933.60608       5.66591692    
   1978.77795       5.41067028    
   2000.00000       5.29125118    
   2021.22205       5.17311668    
   2066.39380       4.92272615    
   2125.00000       4.59938002    
   2183.60620       4.27752495    
   2228.77808       4.03058100    
   2250.00000       3.91504097    
   2271.22192       3.80070710    
   2316.39380       3.55832338    
   2375.00000       3.24520755    
   2433.60620       2.93337154    
   2478.77808       2.69394684    
   2500.00000       2.58184052    
   2521.22192       2.47066617    
   2566.39380       2.23476601    
   2625.00000       1.92968369    
   2683.60620       1.62546277    
   2728.77808       1.39155400    
   2750.00000       1.28187907    
   2771.22192       1.17271113    
   2816.39380      0.940719545    
   2875.00000      0.640172780    
   2933.60620      0.339929581    
   2978.77808      0.108639680    
   3000.00000       2.73018068E-05
