   0.00000000       9.99996662    
   21.2220135       9.97309208    
   66.3938980       9.91582012    
   125.000000       9.84152699    
   183.606094       9.76725483    
   228.777985       9.71003151    
   250.000000       9.68315983    
   271.222015       9.65632343    
   316.393890       9.59923267    
   375.000000       9.52521515    
   433.606110       9.45126057    
   478.777985       9.39431286    
   500.000000       9.36758327    
   521.221985       9.34092331    
   566.393921       9.28423691    
   625.000000       9.21078396    
   683.606079       9.13743210    
   728.778015       9.08097839    
   750.000000       9.05449390    
   771.221985       9.02811050    
   816.393921       8.97203732    
   875.000000       8.89941788    
   933.606079       8.82693386    
   978.778015       8.77117634    
   1000.00000       8.74503040    
   1021.22198       8.71901321    
   1066.39392       8.66374302    
   1125.00000       8.59219742    
   1183.60608       8.52081871    
   1228.77795       8.46593666    
   1250.00000       8.44021034    
   1271.22205       8.41463757    
   1316.39392       8.36033440    
   1375.00000       8.29006863    
   1433.60608       8.21999454    
   1478.77795       8.16613674    
   1500.00000       8.14090061    
   1521.22205       8.05942726    
   1566.39392       7.77359295    
   1625.00000       7.44230843    
   1683.60608       7.09174776    
   1728.77795       6.83246040    
   1750.00000       6.70813131    
   1771.22205       6.58609772    
   1816.39392       6.32733774    
   1875.00000       5.99307489    
   1933.60608       5.66030121    
   1978.77795       5.40498400    
   2000.00000       5.28554201    
   2021.22205       5.16741037    
   2066.39380       4.91704750    
   2125.00000       4.59376860    
   2183.60620       4.27201033    
   2228.77808       4.02516413    
   2250.00000       3.90967965    
   2271.22192       3.79542565    
   2316.39380       3.55323195    
   2375.00000       3.24038982    
   2433.60620       2.92885351    
   2478.77808       2.68967867    
   2500.00000       2.57769728    
   2521.22192       2.46666670    
   2566.39380       2.23108745    
   2625.00000       1.92644119    
   2683.60620       1.62267375    
   2728.77808       1.38912606    
   2750.00000       1.27962518    
   2771.22192       1.17064142    
   2816.39380      0.939049602    
   2875.00000      0.639030397    
   2933.60620      0.339320779    
   2978.77808      0.108444795    
   3000.00000       2.72528177E-05
