   0.00000000       9.99996662    
   21.2220135       9.97334480    
   66.3938980       9.91661072    
   125.000000       9.84301472    
   183.606094       9.76943874    
   228.777985       9.71274948    
   250.000000       9.68612766    
   271.222015       9.65953827    
   316.393890       9.60297108    
   375.000000       9.52962971    
   433.606110       9.45634556    
   478.777985       9.39990997    
   500.000000       9.37341976    
   521.221985       9.34699345    
   566.393921       9.29080009    
   625.000000       9.21797848    
   683.606079       9.14524937    
   728.778015       9.08926964    
   750.000000       9.06300545    
   771.221985       9.03683376    
   816.393921       8.98120499    
   875.000000       8.90915203    
   933.606079       8.83722401    
   978.778015       8.78188610    
   1000.00000       8.75593376    
   1021.22198       8.73009968    
   1066.39392       8.67521191    
   1125.00000       8.60414886    
   1183.60608       8.53323936    
   1228.77795       8.47870827    
   1250.00000       8.45314407    
   1271.22205       8.42772007    
   1316.39392       8.37372208    
   1375.00000       8.30383968    
   1433.60608       8.23413372    
   1478.77795       8.18054771    
   1500.00000       8.15543365    
   1521.22205       8.07431126    
   1566.39392       7.78966904    
   1625.00000       7.45967293    
   1683.60608       7.11039734    
   1728.77795       6.85197830    
   1750.00000       6.72803545    
   1771.22205       6.60629225    
   1816.39392       6.34807396    
   1875.00000       6.01440048    
   1933.60608       5.68210125    
   1978.77795       5.42705870    
   2000.00000       5.30770636    
   2021.22205       5.18956375    
   2066.39380       4.93909311    
   2125.00000       4.61555529    
   2183.60620       4.29342079    
   2228.77808       4.04619551    
   2250.00000       3.93049550    
   2271.22192       3.81593132    
   2316.39380       3.57300019    
   2375.00000       3.25909543    
   2433.60620       2.94639564    
   2478.77808       2.70625114    
   2500.00000       2.59378457    
   2521.22192       2.48219585    
   2566.39380       2.24537039    
   2625.00000       1.93903124    
   2683.60620       1.63350332    
   2728.77808       1.39855349    
   2750.00000       1.28837693    
   2771.22192       1.17867780    
   2816.39380      0.945533812    
   2875.00000      0.643466353    
   2933.60620      0.341684699    
   2978.77808      0.109201536    
   3000.00000       2.74430422E-05
