   0.00000000       9.99996662    
   21.2220135       9.97328377    
   66.3938980       9.91641903    
   125.000000       9.84265423    
   183.606094       9.76890945    
   228.777985       9.71209049    
   250.000000       9.68540764    
   271.222015       9.65875816    
   316.393890       9.60206509    
   375.000000       9.52855968    
   433.606110       9.45511246    
   478.777985       9.39855289    
   500.000000       9.37200546    
   521.221985       9.34552193    
   566.393921       9.28920841    
   625.000000       9.21623421    
   683.606079       9.14335442    
   728.778015       9.08725929    
   750.000000       9.06094170    
   771.221985       9.03471851    
   816.393921       8.97898293    
   875.000000       8.90679169    
   933.606079       8.83472919    
   978.778015       8.77928925    
   1000.00000       8.75329018    
   1021.22198       8.72741127    
   1066.39392       8.67243099    
   1125.00000       8.60125160    
   1183.60608       8.53022861    
   1228.77795       8.47561169    
   1250.00000       8.45000839    
   1271.22205       8.42454815    
   1316.39392       8.37047672    
   1375.00000       8.30050087    
   1433.60608       8.23070621    
   1478.77795       8.17705345    
   1500.00000       8.15190983    
   1521.22205       8.07070255    
   1566.39392       7.78577137    
   1625.00000       7.45546246    
   1683.60608       7.10587502    
   1728.77795       6.84724569    
   1750.00000       6.72320890    
   1771.22205       6.60139513    
   1816.39392       6.34304523    
   1875.00000       6.00922918    
   1933.60608       5.67681456    
   1978.77795       5.42170525    
   2000.00000       5.30233145    
   2021.22205       5.18419123    
   2066.39380       4.93374634    
   2125.00000       4.61027145    
   2183.60620       4.28822803    
   2228.77808       4.04109478    
   2250.00000       3.92544699    
   2271.22192       3.81095791    
   2316.39380       3.56820560    
   2375.00000       3.25455832    
   2433.60620       2.94214082    
   2478.77808       2.70223141    
   2500.00000       2.58988261    
   2521.22192       2.47842932    
   2566.39380       2.24190593    
   2625.00000       1.93597746    
   2683.60620       1.63087654    
   2728.77808       1.39626682    
   2750.00000       1.28625405    
   2771.22192       1.17672849    
   2816.39380      0.943960965    
   2875.00000      0.642390311    
   2933.60620      0.341111302    
   2978.77808      0.109017976    
   3000.00000       2.73968999E-05
