   0.00000000       9.99996662    
   21.2220135       9.97322083    
   66.3938980       9.91622353    
   125.000000       9.84228611    
   183.606094       9.76836872    
   228.777985       9.71141815    
   250.000000       9.68467331    
   271.222015       9.65796280    
   316.393890       9.60114002    
   375.000000       9.52746773    
   433.606110       9.45385456    
   478.777985       9.39716816    
   500.000000       9.37056160    
   521.221985       9.34402084    
   566.393921       9.28758526    
   625.000000       9.21445465    
   683.606079       9.14142036    
   728.778015       9.08520794    
   750.000000       9.05883598    
   771.221985       9.03256035    
   816.393921       8.97671509    
   875.000000       8.90438366    
   933.606079       8.83218288    
   978.778015       8.77663994    
   1000.00000       8.75059223    
   1021.22198       8.72466850    
   1066.39392       8.66959381    
   1125.00000       8.59829426    
   1183.60608       8.52715492    
   1228.77795       8.47245216    
   1250.00000       8.44680786    
   1271.22205       8.42131138    
   1316.39392       8.36716461    
   1375.00000       8.29709339    
   1433.60608       8.22720814    
   1478.77795       8.17348862    
   1500.00000       8.14831448    
   1521.22205       8.06702042    
   1566.39392       7.78179359    
   1625.00000       7.45116615    
   1683.60608       7.10126066    
   1728.77795       6.84241629    
   1750.00000       6.71828413    
   1771.22205       6.59639835    
   1816.39392       6.33791447    
   1875.00000       6.00395250    
   1933.60608       5.67142057    
   1978.77795       5.41624308    
   2000.00000       5.29684687    
   2021.22205       5.17870951    
   2066.39380       4.92829180    
   2125.00000       4.60488033    
   2183.60620       4.28293037    
   2228.77808       4.03589058    
   2250.00000       3.92029595    
   2271.22192       3.80588388    
   2316.39380       3.56331396    
   2375.00000       3.24992967    
   2433.60620       2.93779993    
   2478.77808       2.69813061    
   2500.00000       2.58590174    
   2521.22192       2.47458649    
   2566.39380       2.23837161    
   2625.00000       1.93286204    
   2683.60620       1.62819672    
   2728.77808       1.39393389    
   2750.00000       1.28408837    
   2771.22192       1.17473984    
   2816.39380      0.942356408    
   2875.00000      0.641292632    
   2933.60620      0.340526313    
   2978.77808      0.108830720    
   3000.00000       2.73498281E-05
