   0.00000000       9.99996662    
   21.2220135       9.97346401    
   66.3938980       9.91698265    
   125.000000       9.84371471    
   183.606094       9.77046490    
   228.777985       9.71402740    
   250.000000       9.68752289    
   271.222015       9.66104984    
   316.393890       9.60472965    
   375.000000       9.53170586    
   433.606110       9.45873737    
   478.777985       9.40254307    
   500.000000       9.37616539    
   521.221985       9.34984875    
   566.393921       9.29388618    
   625.000000       9.22136211    
   683.606079       9.14892673    
   728.778015       9.09317017    
   750.000000       9.06700897    
   771.221985       9.04093647    
   816.393921       8.98551750    
   875.000000       8.91373062    
   933.606079       8.84206390    
   978.778015       8.78692341    
   1000.00000       8.76106167    
   1021.22198       8.73531437    
   1066.39392       8.68060589    
   1125.00000       8.60977077    
   1183.60608       8.53908253    
   1228.77795       8.48471642    
   1250.00000       8.45922756    
   1271.22205       8.43387318    
   1316.39392       8.38002014    
   1375.00000       8.31031799    
   1433.60608       8.24078560    
   1478.77795       8.18732738    
   1500.00000       8.16227055    
   1521.22205       8.08131313    
   1566.39392       7.79723263    
   1625.00000       7.46784258    
   1683.60608       7.11917210    
   1728.77795       6.86116266    
   1750.00000       6.73740196    
   1771.22205       6.61579561    
   1816.39392       6.35783195    
   1875.00000       6.02443647    
   1933.60608       5.69236088    
   1978.77795       5.43744802    
   2000.00000       5.31813860    
   2021.22205       5.19999027    
   2066.39380       4.94946909    
   2125.00000       4.62581015    
   2183.60620       4.30349874    
   2228.77808       4.05609560    
   2250.00000       3.94029427    
   2271.22192       3.82558393    
   2316.39380       3.58230615    
   2375.00000       3.26790094    
   2433.60620       2.95465398    
   2478.77808       2.71405292    
   2500.00000       2.60135818    
   2521.22192       2.48950696    
   2566.39380       2.25209498    
   2625.00000       1.94495869    
   2683.60620       1.63860202    
   2728.77808       1.40299213    
   2750.00000       1.29249752    
   2771.22192       1.18246162    
   2816.39380      0.948586762    
   2875.00000      0.645554900    
   2933.60620      0.342797697    
   2978.77808      0.109557837    
   3000.00000       2.75326056E-05
