   0.00000000       9.99996662    
   21.2220135       9.97357750    
   66.3938980       9.91734028    
   125.000000       9.84438705    
   183.606094       9.77145100    
   228.777985       9.71525478    
   250.000000       9.68886375    
   271.222015       9.66250229    
   316.393890       9.60641861    
   375.000000       9.53369999    
   433.606110       9.46103382    
   478.777985       9.40507126    
   500.000000       9.37880135    
   521.221985       9.35259056    
   566.393921       9.29685020    
   625.000000       9.22461128    
   683.606079       9.15245724    
   728.778015       9.09691525    
   750.000000       9.07085323    
   771.221985       9.04487705    
   816.393921       8.98965836    
   875.000000       8.91812706    
   933.606079       8.84671211    
   978.778015       8.79176140    
   1000.00000       8.76598644    
   1021.22198       8.74032211    
   1066.39392       8.68578625    
   1125.00000       8.61516857    
   1183.60608       8.54469299    
   1228.77795       8.49048615    
   1250.00000       8.46506977    
   1271.22205       8.43978214    
   1316.39392       8.38606834    
   1375.00000       8.31653881    
   1433.60608       8.24717236    
   1478.77795       8.19383717    
   1500.00000       8.16883564    
   1521.22205       8.08803749    
   1566.39392       7.80449629    
   1625.00000       7.47568941    
   1683.60608       7.12760019    
   1728.77795       6.86998367    
   1750.00000       6.74639797    
   1771.22205       6.62492275    
   1816.39392       6.36720467    
   1875.00000       6.03407669    
   1933.60608       5.70221615    
   1978.77795       5.44742775    
   2000.00000       5.32815933    
   2021.22205       5.21000624    
   2066.39380       4.95943689    
   2125.00000       4.63566113    
   2183.60620       4.31318045    
   2228.77808       4.06560612    
   2250.00000       3.94970775    
   2271.22192       3.83485746    
   2316.39380       3.59124637    
   2375.00000       3.27636099    
   2433.60620       2.96258807    
   2478.77808       2.72154880    
   2500.00000       2.60863471    
   2521.22192       2.49653101    
   2566.39380       2.25855565    
   2625.00000       1.95065379    
   2683.60620       1.64350080    
   2728.77808       1.40725684    
   2750.00000       1.29645658    
   2771.22192       1.18609703    
   2816.39380      0.951520026    
   2875.00000      0.647561610    
   2933.60620      0.343867064    
   2978.77808      0.109900177    
   3000.00000       2.76186602E-05
