   0.00000000       9.99996662    
   21.2220135       9.97363377    
   66.3938980       9.91751385    
   125.000000       9.84471321    
   183.606094       9.77192974    
   228.777985       9.71584988    
   250.000000       9.68951321    
   271.222015       9.66320610    
   316.393890       9.60723686    
   375.000000       9.53466702    
   433.606110       9.46214771    
   478.777985       9.40629768    
   500.000000       9.38008022    
   521.221985       9.35391998    
   566.393921       9.29828739    
   625.000000       9.22618675    
   683.606079       9.15417004    
   728.778015       9.09873104    
   750.000000       9.07271767    
   771.221985       9.04678726    
   816.393921       8.99166679    
   875.000000       8.92025948    
   933.606079       8.84896564    
   978.778015       8.79410744    
   1000.00000       8.76837540    
   1021.22198       8.74275112    
   1066.39392       8.68829918    
   1125.00000       8.61778736    
   1183.60608       8.54741383    
   1228.77795       8.49328423    
   1250.00000       8.46790314    
   1271.22205       8.44264889    
   1316.39392       8.38900185    
   1375.00000       8.31955624    
   1433.60608       8.25027084    
   1478.77795       8.19699478    
   1500.00000       8.17202091    
   1521.22205       8.09129906    
   1566.39392       7.80801916    
   1625.00000       7.47949505    
   1683.60608       7.13168812    
   1728.77795       6.87426233    
   1750.00000       6.75076151    
   1771.22205       6.62935066    
   1816.39392       6.37175131    
   1875.00000       6.03875303    
   1933.60608       5.70699692    
   1978.77795       5.45226955    
   2000.00000       5.33302069    
   2021.22205       5.21486521    
   2066.39380       4.96427250    
   2125.00000       4.64044046    
   2183.60620       4.31787777    
   2228.77808       4.07022047    
   2250.00000       3.95427489    
   2271.22192       3.83935642    
   2316.39380       3.59558392    
   2375.00000       3.28046536    
   2433.60620       2.96643734    
   2478.77808       2.72518563    
   2500.00000       2.61216521    
   2521.22192       2.49993896    
   2566.39380       2.26169014    
   2625.00000       1.95341694    
   2683.60620       1.64587772    
   2728.77808       1.40932608    
   2750.00000       1.29837739    
   2771.22192       1.18786097    
   2816.39380      0.952943265    
   2875.00000      0.648535311    
   2933.60620      0.344385922    
   2978.77808      0.110066280    
   3000.00000       2.76604133E-05
