   0.00000000       9.99996662    
   21.2220135       9.97352123    
   66.3938980       9.91716385    
   125.000000       9.84405422    
   183.606094       9.77096367    
   228.777985       9.71464729    
   250.000000       9.68820000    
   271.222015       9.66178322    
   316.393890       9.60558224    
   375.000000       9.53271294    
   433.606110       9.45989704    
   478.777985       9.40382004    
   500.000000       9.37749672    
   521.221985       9.35123348    
   566.393921       9.29538345    
   625.000000       9.22300243    
   683.606079       9.15071011    
   728.778015       9.09506130    
   750.000000       9.06895065    
   771.221985       9.04292679    
   816.393921       8.98760891    
   875.000000       8.91595078    
   933.606079       8.84441185    
   978.778015       8.78936672    
   1000.00000       8.76354885    
   1021.22198       8.73784351    
   1066.39392       8.68322277    
   1125.00000       8.61249733    
   1183.60608       8.54191589    
   1228.77795       8.48763084    
   1250.00000       8.46217823    
   1271.22205       8.43685818    
   1316.39392       8.38307476    
   1375.00000       8.31345940    
   1433.60608       8.24401093    
   1478.77795       8.19061470    
   1500.00000       8.16558647    
   1521.22205       8.08471012    
   1566.39392       7.80090094    
   1625.00000       7.47180557    
   1683.60608       7.12342882    
   1728.77795       6.86561775    
   1750.00000       6.74194527    
   1771.22205       6.62040520    
   1816.39392       6.36256552    
   1875.00000       6.02930498    
   1933.60608       5.69733810    
   1978.77795       5.44248819    
   2000.00000       5.32319927    
   2021.22205       5.20504856    
   2066.39380       4.95450306    
   2125.00000       4.63078499    
   2183.60620       4.30838823    
   2228.77808       4.06089830    
   2250.00000       3.94504809    
   2271.22192       3.83026719    
   2316.39380       3.58682108    
   2375.00000       3.27217340    
   2433.60620       2.95866060    
   2478.77808       2.71783853    
   2500.00000       2.60503292    
   2521.22192       2.49305415    
   2566.39380       2.25535750    
   2625.00000       1.94783473    
   2683.60620       1.64107597    
   2728.77808       1.40514588    
   2750.00000       1.29449677    
   2771.22192       1.18429744    
   2816.39380      0.950068057    
   2875.00000      0.646568298    
   2933.60620      0.343337715    
   2978.77808      0.109730713    
   3000.00000       2.75760631E-05
