   0.00000000       9.99996662    
   21.2220135       9.97340488    
   66.3938980       9.91679859    
   125.000000       9.84336853    
   183.606094       9.76995754    
   228.777985       9.71339512    
   250.000000       9.68683243    
   271.222015       9.66030216    
   316.393890       9.60385895    
   375.000000       9.53067875    
   433.606110       9.45755386    
   478.777985       9.40124035    
   500.000000       9.37480640    
   521.221985       9.34843540    
   566.393921       9.29235840    
   625.000000       9.21968746    
   683.606079       9.14710712    
   728.778015       9.09123993    
   750.000000       9.06502724    
   771.221985       9.03890610    
   816.393921       8.98338318    
   875.000000       8.91146469    
   933.606079       8.83966827    
   978.778015       8.78443050    
   1000.00000       8.75852394    
   1021.22198       8.73273373    
   1066.39392       8.67793655    
   1125.00000       8.60698795    
   1183.60608       8.53619099    
   1228.77795       8.48174286    
   1250.00000       8.45621586    
   1271.22205       8.43082809    
   1316.39392       8.37690353    
   1375.00000       8.30711174    
   1433.60608       8.23749352    
   1478.77795       8.18397141    
   1500.00000       8.15888691    
   1521.22205       8.07784748    
   1566.39392       7.79348898    
   1625.00000       7.46379900    
   1683.60608       7.11482906    
   1728.77795       6.85661697    
   1750.00000       6.73276615    
   1771.22205       6.61109161    
   1816.39392       6.35300207    
   1875.00000       6.01946926    
   1933.60608       5.68728256    
   1978.77795       5.43230581    
   2000.00000       5.31297493    
   2021.22205       5.19482946    
   2066.39380       4.94433308    
   2125.00000       4.62073421    
   2183.60620       4.29851055    
   2228.77808       4.05119514    
   2250.00000       3.93544388    
   2271.22192       3.82080603    
   2316.39380       3.57769990    
   2375.00000       3.26354218    
   2433.60620       2.95056605    
   2478.77808       2.71019101    
   2500.00000       2.59760928    
   2521.22192       2.48588800    
   2566.39380       2.24876642    
   2625.00000       1.94202459    
   2683.60620       1.63607812    
   2728.77808       1.40079498    
   2750.00000       1.29045784    
   2771.22192       1.18058860    
   2816.39380      0.947075546    
   2875.00000      0.644521058    
   2933.60620      0.342246741    
   2978.77808      0.109381467    
   3000.00000       2.74882714E-05
