   0.00000000       9.99996662    
   21.2220135       9.97374058    
   66.3938980       9.91784954    
   125.000000       9.84534550    
   183.606094       9.77285767    
   228.777985       9.71700478    
   250.000000       9.69077492    
   271.222015       9.66457272    
   316.393890       9.60882568    
   375.000000       9.53654289    
   433.606110       9.46430874    
   478.777985       9.40867615    
   500.000000       9.38256073    
   521.221985       9.35649967    
   566.393921       9.30107594    
   625.000000       9.22924423    
   683.606079       9.15749168    
   728.778015       9.10225487    
   750.000000       9.07633495    
   771.221985       9.05049515    
   816.393921       8.99556255    
   875.000000       8.92439651    
   933.606079       8.85333920    
   978.778015       8.79865932    
   1000.00000       8.77300930    
   1021.22198       8.74746323    
   1066.39392       8.69317341    
   1125.00000       8.62286663    
   1183.60608       8.55269432    
   1228.77795       8.49871349    
   1250.00000       8.47340012    
   1271.22205       8.44820976    
   1316.39392       8.39469242    
   1375.00000       8.32540989    
   1433.60608       8.25628185    
   1478.77795       8.20312119    
   1500.00000       8.17819977    
   1521.22205       8.09762764    
   1566.39392       7.81485558    
   1625.00000       7.48688030    
   1683.60608       7.13962126    
   1728.77795       6.88256598    
   1750.00000       6.75922966    
   1771.22205       6.63794279    
   1816.39392       6.38057423    
   1875.00000       6.04782820    
   1933.60608       5.71627474    
   1978.77795       5.46166515    
   2000.00000       5.34245491    
   2021.22205       5.22429514    
   2066.39380       4.97365713    
   2125.00000       4.64971590    
   2183.60620       4.32699394    
   2228.77808       4.07917547    
   2250.00000       3.96313858    
   2271.22192       3.84808850    
   2316.39380       3.60400224    
   2375.00000       3.28843164    
   2433.60620       2.97390866    
   2478.77808       2.73224449    
   2500.00000       2.61901760    
   2521.22192       2.50655365    
   2566.39380       2.26777434    
   2625.00000       1.95878005    
   2683.60620       1.65049112    
   2728.77808       1.41334236    
   2750.00000       1.30210590    
   2771.22192       1.19128466    
   2816.39380      0.955705762    
   2875.00000      0.650425136    
   2933.60620      0.345393032    
   2978.77808      0.110388681    
   3000.00000       2.77414565E-05
