   0.00000000       9.99996662    
   21.2220135       9.97368717    
   66.3938980       9.91768360    
   125.000000       9.84503269    
   183.606094       9.77239799    
   228.777985       9.71643353    
   250.000000       9.69015026    
   271.222015       9.66389656    
   316.393890       9.60803986    
   375.000000       9.53561401    
   433.606110       9.46323872    
   478.777985       9.40749931    
   500.000000       9.38133240    
   521.221985       9.35522270    
   566.393921       9.29969597    
   625.000000       9.22773075    
   683.606079       9.15584755    
   728.778015       9.10051060    
   750.000000       9.07454395    
   771.221985       9.04866028    
   816.393921       8.99363422    
   875.000000       8.92234898    
   933.606079       8.85117531    
   978.778015       8.79640675    
   1000.00000       8.77071571    
   1021.22198       8.74513054    
   1066.39392       8.69076061    
   1125.00000       8.62035275    
   1183.60608       8.55008030    
   1228.77795       8.49602699    
   1250.00000       8.47067928    
   1271.22205       8.44545746    
   1316.39392       8.39187622    
   1375.00000       8.32251263    
   1433.60608       8.25330639    
   1478.77795       8.20008945    
   1500.00000       8.17514133    
   1521.22205       8.09449577    
   1566.39392       7.81147194    
   1625.00000       7.48322487    
   1683.60608       7.13569450    
   1728.77795       6.87845612    
   1750.00000       6.75503826    
   1771.22205       6.63368988    
   1816.39392       6.37620687    
   1875.00000       6.04333591    
   1933.60608       5.71168280    
   1978.77795       5.45701456    
   2000.00000       5.33778524    
   2021.22205       5.21962738    
   2066.39380       4.96901226    
   2125.00000       4.64512444    
   2183.60620       4.32248163    
   2228.77808       4.07474279    
   2250.00000       3.95875120    
   2271.22192       3.84376621    
   2316.39380       3.59983516    
   2375.00000       3.28448844    
   2433.60620       2.97021055    
   2478.77808       2.72875047    
   2500.00000       2.61562562    
   2521.22192       2.50327945    
   2566.39380       2.26476264    
   2625.00000       1.95612538    
   2683.60620       1.64820743    
   2728.77808       1.41135430    
   2750.00000       1.30026031    
   2771.22192       1.18958998    
   2816.39380      0.954338312    
   2875.00000      0.649489641    
   2933.60620      0.344894528    
   2978.77808      0.110229090    
   3000.00000       2.77013405E-05
