   0.00000000       9.99996662    
   21.2220135       9.97379303    
   66.3938980       9.91801262    
   125.000000       9.84565163    
   183.606094       9.77330780    
   228.777985       9.71756458    
   250.000000       9.69138622    
   271.222015       9.66523552    
   316.393890       9.60959625    
   375.000000       9.53745270    
   433.606110       9.46535683    
   478.777985       9.40983009    
   500.000000       9.38376331    
   521.221985       9.35775089    
   566.393921       9.30242920    
   625.000000       9.23072720    
   683.606079       9.15910339    
   728.778015       9.10396385    
   750.000000       9.07808876    
   771.221985       9.05229282    
   816.393921       8.99745274    
   875.000000       8.92640305    
   933.606079       8.85546112    
   978.778015       8.80086708    
   1000.00000       8.77525711    
   1021.22198       8.74974823    
   1066.39392       8.69553757    
   1125.00000       8.62533092    
   1183.60608       8.55525494    
   1228.77795       8.50134754    
   1250.00000       8.47606659    
   1271.22205       8.45090675    
   1316.39392       8.39745331    
   1375.00000       8.32824993    
   1433.60608       8.25919724    
   1478.77795       8.20609283    
   1500.00000       8.18119621    
   1521.22205       8.10069752    
   1566.39392       7.81817150    
   1625.00000       7.49046278    
   1683.60608       7.14346933    
   1728.77795       6.88659334    
   1750.00000       6.76333761    
   1771.22205       6.64211035    
   1816.39392       6.38485432    
   1875.00000       6.05223036    
   1933.60608       5.72077560    
   1978.77795       5.46622324    
   2000.00000       5.34703159    
   2021.22205       5.22886992    
   2066.39380       4.97820997    
   2125.00000       4.65421581    
   2183.60620       4.33141613    
   2228.77808       4.08352041    
   2250.00000       3.96743894    
   2271.22192       3.85232472    
   2316.39380       3.60808659    
   2375.00000       3.29229665    
   2433.60620       2.97753358    
   2478.77808       2.73566914    
   2500.00000       2.62234211    
   2521.22192       2.50976276    
   2566.39380       2.27072620    
   2625.00000       1.96138215    
   2683.60620       1.65272939    
   2728.77808       1.41529095    
   2750.00000       1.30391490    
   2771.22192       1.19294584    
   2816.39380      0.957046092    
   2875.00000      0.651342094    
   2933.60620      0.345881701    
   2978.77808      0.110545106    
   3000.00000       2.77807776E-05
