   0.00000000       9.99996758    
   21.2220135       9.97384357    
   66.3938980       9.91817188    
   125.000000       9.84595203    
   183.606094       9.77374840    
   228.777985       9.71811390    
   250.000000       9.69198513    
   271.222015       9.66588402    
   316.393890       9.61035156    
   375.000000       9.53834438    
   433.606110       9.46638393    
   478.777985       9.41096020    
   500.000000       9.38494205    
   521.221985       9.35897636    
   566.393921       9.30375481    
   625.000000       9.23217964    
   683.606079       9.16068268    
   728.778015       9.10563946    
   750.000000       9.07980824    
   771.221985       9.05405521    
   816.393921       8.99930477    
   875.000000       8.92836952    
   933.606079       8.85753918    
   978.778015       8.80303097    
   1000.00000       8.77746010    
   1021.22198       8.75198841    
   1066.39392       8.69785500    
   1125.00000       8.62774563    
   1183.60608       8.55776405    
   1228.77795       8.50392818    
   1250.00000       8.47867966    
   1271.22205       8.45355034    
   1316.39392       8.40015888    
   1375.00000       8.33103275    
   1433.60608       8.26205444    
   1478.77795       8.20900536    
   1500.00000       8.18413353    
   1521.22205       8.10370541    
   1566.39392       7.82142115    
   1625.00000       7.49397326    
   1683.60608       7.14724064    
   1728.77795       6.89054108    
   1750.00000       6.76736307    
   1771.22205       6.64619541    
   1816.39392       6.38904905    
   1875.00000       6.05654478    
   1933.60608       5.72518682    
   1978.77795       5.47069073    
   2000.00000       5.35151768    
   2021.22205       5.23335361    
   2066.39380       4.98267221    
   2125.00000       4.65862608    
   2183.60620       4.33575106    
   2228.77808       4.08777857    
   2250.00000       3.97165370    
   2271.22192       3.85647702    
   2316.39380       3.61208963    
   2375.00000       3.29608488    
   2433.60620       2.98108649    
   2478.77808       2.73902583    
   2500.00000       2.62560058    
   2521.22192       2.51290846    
   2566.39380       2.27361941    
   2625.00000       1.96393275    
   2683.60620       1.65492344    
   2728.77808       1.41720092    
   2750.00000       1.30568802    
   2771.22192       1.19457400    
   2816.39380      0.958359838    
   2875.00000      0.652240872    
   2933.60620      0.346360654    
   2978.77808      0.110698439    
   3000.00000       2.78193202E-05
