   0.00000000       9.99996758    
   21.2220135       9.97389412    
   66.3938980       9.91832829    
   125.000000       9.84624672    
   183.606094       9.77418041    
   228.777985       9.71865177    
   250.000000       9.69257259    
   271.222015       9.66652107    
   316.393890       9.61109161    
   375.000000       9.53921795    
   433.606110       9.46739006    
   478.777985       9.41206837    
   500.000000       9.38609695    
   521.221985       9.36017799    
   566.393921       9.30505371    
   625.000000       9.23360348    
   683.606079       9.16222954    
   728.778015       9.10728073    
   750.000000       9.08149338    
   771.221985       9.05578232    
   816.393921       9.00111961    
   875.000000       8.93029690    
   933.606079       8.85957623    
   978.778015       8.80515099    
   1000.00000       8.77961826    
   1021.22198       8.75418282    
   1066.39392       8.70012569    
   1125.00000       8.63011169    
   1183.60608       8.56022358    
   1228.77795       8.50645638    
   1250.00000       8.48124123    
   1271.22205       8.45614052    
   1316.39392       8.40280914    
   1375.00000       8.33375931    
   1433.60608       8.26485443    
   1478.77795       8.21185970    
   1500.00000       8.18701172    
   1521.22205       8.10665321    
   1566.39392       7.82460594    
   1625.00000       7.49741411    
   1683.60608       7.15093613    
   1728.77795       6.89440966    
   1750.00000       6.77130842    
   1771.22205       6.65019846    
   1816.39392       6.39315987    
   1875.00000       6.06077337    
   1933.60608       5.72951031    
   1978.77795       5.47506905    
   2000.00000       5.35591412    
   2021.22205       5.23774767    
   2066.39380       4.98704576    
   2125.00000       4.66294861    
   2183.60620       4.33999968    
   2228.77808       4.09195232    
   2250.00000       3.97578478    
   2271.22192       3.86054659    
   2316.39380       3.61601329    
   2375.00000       3.29979801    
   2433.60620       2.98456883    
   2478.77808       2.74231601    
   2500.00000       2.62879467    
   2521.22192       2.51599169    
   2566.39380       2.27645540    
   2625.00000       1.96643257    
   2683.60620       1.65707386    
   2728.77808       1.41907310    
   2750.00000       1.30742610    
   2771.22192       1.19616997    
   2816.39380      0.959647536    
   2875.00000      0.653121829    
   2933.60620      0.346830100    
   2978.77808      0.110848725    
   3000.00000       2.78570988E-05
