   0.00000000       9.99996758    
   21.2220135       9.97403812    
   66.3938980       9.91877937    
   125.000000       9.84709549    
   183.606094       9.77542591    
   228.777985       9.72020149    
   250.000000       9.69426537    
   271.222015       9.66835403    
   316.393890       9.61322403    
   375.000000       9.54173470    
   433.606110       9.47029018    
   478.777985       9.41526031    
   500.000000       9.38942623    
   521.221985       9.36363983    
   566.393921       9.30879593    
   625.000000       9.23770618    
   683.606079       9.16668892    
   728.778015       9.11200905    
   750.000000       9.08634758    
   771.221985       9.06075764    
   816.393921       9.00634861    
   875.000000       8.93584919    
   933.606079       8.86544609    
   978.778015       8.81126022    
   1000.00000       8.78583813    
   1021.22198       8.76050758    
   1066.39392       8.70666790    
   1125.00000       8.63692951    
   1183.60608       8.56730938    
   1228.77795       8.51374340    
   1250.00000       8.48861980    
   1271.22205       8.46360397    
   1316.39392       8.41044807    
   1375.00000       8.34161758    
   1433.60608       8.27292252    
   1478.77795       8.22008324    
   1500.00000       8.19530582    
   1521.22205       8.11514854    
   1566.39392       7.83378267    
   1625.00000       7.50732899    
   1683.60608       7.16158724    
   1728.77795       6.90555811    
   1750.00000       6.78267908    
   1771.22205       6.66173553    
   1816.39392       6.40500784    
   1875.00000       6.07296038    
   1933.60608       5.74197054    
   1978.77795       5.48768806    
   2000.00000       5.36858511    
   2021.22205       5.25041294    
   2066.39380       4.99965096    
   2125.00000       4.67540741    
   2183.60620       4.35224485    
   2228.77808       4.10398245    
   2250.00000       3.98769212    
   2271.22192       3.87227702    
   2316.39380       3.62732267    
   2375.00000       3.31050038    
   2433.60620       2.99460673    
   2478.77808       2.75179982    
   2500.00000       2.63800097    
   2521.22192       2.52487898    
   2566.39380       2.28463006    
   2625.00000       1.97363877    
   2683.60620       1.66327274    
   2728.77808       1.42446971    
   2750.00000       1.31243598    
   2771.22192       1.20077050    
   2816.39380      0.963359475    
   2875.00000      0.655661225    
   2933.60620      0.348183393    
   2978.77808      0.111281946    
   3000.00000       2.79659980E-05
