   0.00000000       9.99996758    
   21.2220135       9.97412968    
   66.3938980       9.91906548    
   125.000000       9.84763336    
   183.606094       9.77621460    
   228.777985       9.72118378    
   250.000000       9.69533730    
   271.222015       9.66951561    
   316.393890       9.61457443    
   375.000000       9.54333019    
   433.606110       9.47212791    
   478.777985       9.41728401    
   500.000000       9.39153481    
   521.221985       9.36583328    
   566.393921       9.31116772    
   625.000000       9.24030685    
   683.606079       9.16951370    
   728.778015       9.11500645    
   750.000000       9.08942413    
   771.221985       9.06391048    
   816.393921       9.00966167    
   875.000000       8.93936729    
   933.606079       8.86916637    
   978.778015       8.81513214    
   1000.00000       8.78977966    
   1021.22198       8.76451492    
   1066.39392       8.71081352    
   1125.00000       8.64125061    
   1183.60608       8.57180023    
   1228.77795       8.51836205    
   1250.00000       8.49329567    
   1271.22205       8.46833420    
   1316.39392       8.41528988    
   1375.00000       8.34659767    
   1433.60608       8.27803612    
   1478.77795       8.22529507    
   1500.00000       8.20056152    
   1521.22205       8.12053204    
   1566.39392       7.83959913    
   1625.00000       7.51361322    
   1683.60608       7.16833830    
   1728.77795       6.91262484    
   1750.00000       6.78988600    
   1771.22205       6.66904831    
   1816.39392       6.41251802    
   1875.00000       6.08068562    
   1933.60608       5.74986935    
   1978.77795       5.49568748    
   2000.00000       5.37661743    
   2021.22205       5.25844193    
   2066.39380       5.00764179    
   2125.00000       4.68330574    
   2183.60620       4.36000824    
   2228.77808       4.11160898    
   2250.00000       3.99524117    
   2271.22192       3.87971377    
   2316.39380       3.63449264    
   2375.00000       3.31728578    
   2433.60620       3.00097084    
   2478.77808       2.75781250    
   2500.00000       2.64383817    
   2521.22192       2.53051353    
   2566.39380       2.28981304    
   2625.00000       1.97820759    
   2683.60620       1.66720295    
   2728.77808       1.42789125    
   2750.00000       1.31561244    
   2771.22192       1.20368731    
   2816.39380      0.965713024    
   2875.00000      0.657271385    
   2933.60620      0.349041432    
   2978.77808      0.111556627    
   3000.00000       2.80350450E-05
