   0.00000000       9.99996758    
   21.2220135       9.97399139    
   66.3938980       9.91863251    
   125.000000       9.84681797    
   183.606094       9.77501869    
   228.777985       9.71969509    
   250.000000       9.69371223    
   271.222015       9.66775513    
   316.393890       9.61252785    
   375.000000       9.54091263    
   433.606110       9.46934319    
   478.777985       9.41421795    
   500.000000       9.38833904    
   521.221985       9.36250877    
   566.393921       9.30757332    
   625.000000       9.23636627    
   683.606079       9.16523266    
   728.778015       9.11046505    
   750.000000       9.08476257    
   771.221985       9.05913258    
   816.393921       9.00464058    
   875.000000       8.93403530    
   933.606079       8.86352921    
   978.778015       8.80926514    
   1000.00000       8.78380680    
   1021.22198       8.75844193    
   1066.39392       8.70453072    
   1125.00000       8.63470268    
   1183.60608       8.56499481    
   1228.77795       8.51136398    
   1250.00000       8.48620987    
   1271.22205       8.46116638    
   1316.39392       8.40795326    
   1375.00000       8.33905125    
   1433.60608       8.27028751    
   1478.77795       8.21739674    
   1500.00000       8.19259644    
   1521.22205       8.11237335    
   1566.39392       7.83078527    
   1625.00000       7.50409031    
   1683.60608       7.15810823    
   1728.77795       6.90191650    
   1750.00000       6.77896500    
   1771.22205       6.65796709    
   1816.39392       6.40113783    
   1875.00000       6.06897974    
   1933.60608       5.73790073    
   1978.77795       5.48356581    
   2000.00000       5.36444616    
   2021.22205       5.24627590    
   2066.39380       4.99553347    
   2125.00000       4.67133760    
   2183.60620       4.34824467    
   2228.77808       4.10005236    
   2250.00000       3.98380256    
   2271.22192       3.86844516    
   2316.39380       3.62362838    
   2375.00000       3.30700421    
   2433.60620       2.99132776    
   2478.77808       2.74870157    
   2500.00000       2.63499355    
   2521.22192       2.52197576    
   2566.39380       2.28195953    
   2625.00000       1.97128463    
   2683.60620       1.66124773    
   2728.77808       1.42270672    
   2750.00000       1.31079936    
   2771.22192       1.19926763    
   2816.39380      0.962146878    
   2875.00000      0.654831648    
   2933.60620      0.347741306    
   2978.77808      0.111140423    
   3000.00000       2.79304222E-05
