   0.00000000       9.99996758    
   21.2220135       9.97408390    
   66.3938980       9.91892433    
   125.000000       9.84736729    
   183.606094       9.77582455    
   228.777985       9.72069740    
   250.000000       9.69480705    
   271.222015       9.66894054    
   316.393890       9.61390591    
   375.000000       9.54254055    
   433.606110       9.47121811    
   478.777985       9.41628265    
   500.000000       9.39049149    
   521.221985       9.36474800    
   566.393921       9.30999374    
   625.000000       9.23901939    
   683.606079       9.16811562    
   728.778015       9.11352253    
   750.000000       9.08790112    
   771.221985       9.06235027    
   816.393921       9.00802231    
   875.000000       8.93762589    
   933.606079       8.86732483    
   978.778015       8.81321526    
   1000.00000       8.78782845    
   1021.22198       8.76253128    
   1066.39392       8.70876122    
   1125.00000       8.63911152    
   1183.60608       8.56957817    
   1228.77795       8.51607609    
   1250.00000       8.49098110    
   1271.22205       8.46599293    
   1316.39392       8.41289330    
   1375.00000       8.34413242    
   1433.60608       8.27550507    
   1478.77795       8.22271538    
   1500.00000       8.19795990    
   1521.22205       8.11786747    
   1566.39392       7.83672047    
   1625.00000       7.51050282    
   1683.60608       7.16499662    
   1728.77795       6.90912724    
   1750.00000       6.78631878    
   1771.22205       6.66542864    
   1816.39392       6.40880060    
   1875.00000       6.07686186    
   1933.60608       5.74595976    
   1978.77795       5.49172783    
   2000.00000       5.37264156    
   2021.22205       5.25446796    
   2066.39380       5.00368643    
   2125.00000       4.67939615    
   2183.60620       4.35616541    
   2228.77808       4.10783386    
   2250.00000       3.99150443    
   2271.22192       3.87603259    
   2316.39380       3.63094378    
   2375.00000       3.31392717    
   2433.60620       2.99782062    
   2478.77808       2.75483632    
   2500.00000       2.64094877    
   2521.22192       2.52772450    
   2566.39380       2.28724742    
   2625.00000       1.97594607    
   2683.60620       1.66525757    
   2728.77808       1.42619765    
   2750.00000       1.31404018    
   2771.22192       1.20224345    
   2816.39380      0.964548051    
   2875.00000      0.656474352    
   2933.60620      0.348616719    
   2978.77808      0.111420661    
   3000.00000       2.80008662E-05
