   0.00000000       9.99996758    
   21.2220135       9.97394276    
   66.3938980       9.91848183    
   125.000000       9.84653568    
   183.606094       9.77460384    
   228.777985       9.71917820    
   250.000000       9.69314861    
   271.222015       9.66714382    
   316.393890       9.61181641    
   375.000000       9.54007339    
   433.606110       9.46837616    
   478.777985       9.41315460    
   500.000000       9.38722897    
   521.221985       9.36135578    
   566.393921       9.30632591    
   625.000000       9.23499870    
   683.606079       9.16374588    
   728.778015       9.10888863    
   750.000000       9.08314419    
   771.221985       9.05747414    
   816.393921       9.00289726    
   875.000000       8.93218517    
   933.606079       8.86157322    
   978.778015       8.80722904    
   1000.00000       8.78173351    
   1021.22198       8.75633430    
   1066.39392       8.70235062    
   1125.00000       8.63243008    
   1183.60608       8.56263351    
   1228.77795       8.50893497    
   1250.00000       8.48375034    
   1271.22205       8.45867825    
   1316.39392       8.40540791    
   1375.00000       8.33643150    
   1433.60608       8.26759815    
   1478.77795       8.21465588    
   1500.00000       8.18983269    
   1521.22205       8.10954285    
   1566.39392       7.82772684    
   1625.00000       7.50078583    
   1683.60608       7.15455866    
   1728.77795       6.89820099    
   1750.00000       6.77517557    
   1771.22205       6.65412188    
   1816.39392       6.39718914    
   1875.00000       6.06491804    
   1933.60608       5.73374748    
   1978.77795       5.47936010    
   2000.00000       5.36022282    
   2021.22205       5.24205494    
   2066.39380       4.99133205    
   2125.00000       4.66718531    
   2183.60620       4.34416342    
   2228.77808       4.09604311    
   2250.00000       3.97983384    
   2271.22192       3.86453557    
   2316.39380       3.61985898    
   2375.00000       3.30343723    
   2433.60620       2.98798227    
   2478.77808       2.74554086    
   2500.00000       2.63192511    
   2521.22192       2.51901364    
   2566.39380       2.27923512    
   2625.00000       1.96888292    
   2683.60620       1.65918171    
   2728.77808       1.42090809    
   2750.00000       1.30912960    
   2771.22192       1.19773424    
   2816.39380      0.960909724    
   2875.00000      0.653985322    
   2933.60620      0.347290277    
   2978.77808      0.110996030    
   3000.00000       2.78941279E-05
