   0.00000000       9.99996758    
   21.2220135       9.97426033    
   66.3938980       9.91947269    
   125.000000       9.84840012    
   183.606094       9.77733994    
   228.777985       9.72258377    
   250.000000       9.69686699    
   271.222015       9.67117310    
   316.393890       9.61650181    
   375.000000       9.54560566    
   433.606110       9.47474861    
   478.777985       9.42016888    
   500.000000       9.39454365    
   521.221985       9.36896229    
   566.393921       9.31455040    
   625.000000       9.24401474    
   683.606079       9.17354393    
   728.778015       9.11927986    
   750.000000       9.09381104    
   771.221985       9.06840706    
   816.393921       9.01438808    
   875.000000       8.94438553    
   933.606079       8.87447071    
   978.778015       8.82065296    
   1000.00000       8.79540157    
   1021.22198       8.77023125    
   1066.39392       8.71672630    
   1125.00000       8.64741230    
   1183.60608       8.57820511    
   1228.77795       8.52494812    
   1250.00000       8.49996567    
   1271.22205       8.47508049    
   1316.39392       8.42219448    
   1375.00000       8.35369968    
   1433.60608       8.28532887    
   1478.77795       8.23272800    
   1500.00000       8.20805836    
   1521.22205       8.12821007    
   1566.39392       7.84789515    
   1625.00000       7.52257633    
   1683.60608       7.17796755    
   1728.77795       6.92270470    
   1750.00000       6.80016661    
   1771.22205       6.67947960    
   1816.39392       6.42323112    
   1875.00000       6.09170580    
   1933.60608       5.76113701    
   1978.77795       5.50709867    
   2000.00000       5.38807631    
   2021.22205       5.26989603    
   2066.39380       5.01904154    
   2125.00000       4.69457340    
   2183.60620       4.37108326    
   2228.77808       4.12248945    
   2250.00000       4.00601101    
   2271.22192       3.89032364    
   2316.39380       3.64472222    
   2375.00000       3.32696629    
   2433.60620       3.01005054    
   2478.77808       2.76639128    
   2500.00000       2.65216613    
   2521.22192       2.53855300    
   2566.39380       2.29720759    
   2625.00000       1.98472631    
   2683.60620       1.67281067    
   2728.77808       1.43277323    
   2750.00000       1.32014465    
   2771.22192       1.20784914    
   2816.39380      0.969071090    
   2875.00000      0.659568667    
   2933.60620      0.350265682    
   2978.77808      0.111948550    
   3000.00000       2.81335615E-05
