   0.00000000       9.99996758    
   21.2220135       9.97417355    
   66.3938980       9.91920376    
   125.000000       9.84789371    
   183.606094       9.77659702    
   228.777985       9.72165966    
   250.000000       9.69585800    
   271.222015       9.67007923    
   316.393890       9.61523056    
   375.000000       9.54410362    
   433.606110       9.47301865    
   478.777985       9.41826534    
   500.000000       9.39255810    
   521.221985       9.36689758    
   566.393921       9.31231785    
   625.000000       9.24156761    
   683.606079       9.17088413    
   728.778015       9.11645985    
   750.000000       9.09091663    
   771.221985       9.06543922    
   816.393921       9.01126957    
   875.000000       8.94107437    
   933.606079       8.87096977    
   978.778015       8.81700993    
   1000.00000       8.79169178    
   1021.22198       8.76645947    
   1066.39392       8.71282482    
   1125.00000       8.64334583    
   1183.60608       8.57397842    
   1228.77795       8.52060223    
   1250.00000       8.49556446    
   1271.22205       8.47062874    
   1316.39392       8.41763783    
   1375.00000       8.34901333    
   1433.60608       8.28051662    
   1478.77795       8.22782326    
   1500.00000       8.20311165    
   1521.22205       8.12314320    
   1566.39392       7.84242058    
   1625.00000       7.51666117    
   1683.60608       7.17161274    
   1728.77795       6.91605282    
   1750.00000       6.79338217    
   1771.22205       6.67259598    
   1816.39392       6.41616106    
   1875.00000       6.08443356    
   1933.60608       5.75370121    
   1978.77795       5.49956799    
   2000.00000       5.38051414    
   2021.22205       5.26233721    
   2066.39380       5.01151848    
   2125.00000       4.68713760    
   2183.60620       4.36377430    
   2228.77808       4.11530876    
   2250.00000       3.99890327    
   2271.22192       3.88332152    
   2316.39380       3.63797116    
   2375.00000       3.32057762    
   2433.60620       3.00405836    
   2478.77808       2.76072979    
   2500.00000       2.64667010    
   2521.22192       2.53324723    
   2566.39380       2.29232740    
   2625.00000       1.98042428    
   2683.60620       1.66910982    
   2728.77808       1.42955136    
   2750.00000       1.31715357    
   2771.22192       1.20510244    
   2816.39380      0.966854870    
   2875.00000      0.658052564    
   2933.60620      0.349457711    
   2978.77808      0.111689895    
   3000.00000       2.80685435E-05
