   0.00000000       9.99996758    
   21.2220135       9.97421741    
   66.3938980       9.91934013    
   125.000000       9.84814930    
   183.606094       9.77697277    
   228.777985       9.72212696    
   250.000000       9.69636726    
   271.222015       9.67063141    
   316.393890       9.61587238    
   375.000000       9.54486179    
   433.606110       9.47389221    
   478.777985       9.41922665    
   500.000000       9.39356041    
   521.221985       9.36793995    
   566.393921       9.31344509    
   625.000000       9.24280357    
   683.606079       9.17222786    
   728.778015       9.11788464    
   750.000000       9.09237862    
   771.221985       9.06693840    
   816.393921       9.01284409    
   875.000000       8.94274712    
   933.606079       8.87273788    
   978.778015       8.81884956    
   1000.00000       8.79356480    
   1021.22198       8.76836491    
   1066.39392       8.71479511    
   1125.00000       8.64540005    
   1183.60608       8.57611370    
   1228.77795       8.52279663    
   1250.00000       8.49778652    
   1271.22205       8.47287655    
   1316.39392       8.41993904    
   1375.00000       8.35138035    
   1433.60608       8.28294659    
   1478.77795       8.23029995    
   1500.00000       8.20561028    
   1521.22205       8.12570286    
   1566.39392       7.84518528    
   1625.00000       7.51964855    
   1683.60608       7.17482233    
   1728.77795       6.91941214    
   1750.00000       6.79680872    
   1771.22205       6.67607260    
   1816.39392       6.41973162    
   1875.00000       6.08810616    
   1933.60608       5.75745630    
   1978.77795       5.50337124    
   2000.00000       5.38433361    
   2021.22205       5.26615429    
   2066.39380       5.01531792    
   2125.00000       4.69089270    
   2183.60620       4.36746550    
   2228.77808       4.11893511    
   2250.00000       4.00249290    
   2271.22192       3.88685775    
   2316.39380       3.64138055    
   2375.00000       3.32380390    
   2433.60620       3.00708461    
   2478.77808       2.76358891    
   2500.00000       2.64944577    
   2521.22192       2.53592682    
   2566.39380       2.29479194    
   2625.00000       1.98259687    
   2683.60620       1.67097878    
   2728.77808       1.43117845    
   2750.00000       1.31866407    
   2771.22192       1.20648956    
   2816.39380      0.967974067    
   2875.00000      0.658818245    
   2933.60620      0.349865764    
   2978.77808      0.111820519    
   3000.00000       2.81013799E-05
