   0.00000000       9.99996758    
   21.2220135       9.97434235    
   66.3938980       9.91973114    
   125.000000       9.84888554    
   183.606094       9.77805328    
   228.777985       9.72347164    
   250.000000       9.69783592    
   271.222015       9.67222309    
   316.393890       9.61772251    
   375.000000       9.54704666    
   433.606110       9.47640896    
   478.777985       9.42199707    
   500.000000       9.39645004    
   521.221985       9.37094498    
   566.393921       9.31669331    
   625.000000       9.24636459    
   683.606079       9.17609692    
   728.778015       9.12198925    
   750.000000       9.09659195    
   771.221985       9.07125664    
   816.393921       9.01738262    
   875.000000       8.94756603    
   933.606079       8.87783337    
   978.778015       8.82415295    
   1000.00000       8.79896355    
   1021.22198       8.77385426    
   1066.39392       8.72047424    
   1125.00000       8.65131760    
   1183.60608       8.58226490    
   1228.77795       8.52912235    
   1250.00000       8.50419235    
   1271.22205       8.47935581    
   1316.39392       8.42656994    
   1375.00000       8.35820198    
   1433.60608       8.28995132    
   1478.77795       8.23743916    
   1500.00000       8.21281052    
   1521.22205       8.13307762    
   1566.39392       7.85315323    
   1625.00000       7.52825785    
   1683.60608       7.18407154    
   1728.77795       6.92909384    
   1750.00000       6.80668306    
   1771.22205       6.68609190    
   1816.39392       6.43002176    
   1875.00000       6.09869146    
   1933.60608       5.76827955    
   1978.77795       5.51433277    
   2000.00000       5.39534044    
   2021.22205       5.27715683    
   2066.39380       5.02626801    
   2125.00000       4.70171690    
   2183.60620       4.37810469    
   2228.77808       4.12938738    
   2250.00000       4.01283836    
   2271.22192       3.89704990    
   2316.39380       3.65120721    
   2375.00000       3.33310366    
   2433.60620       3.01580715    
   2478.77808       2.77183008    
   2500.00000       2.65744615    
   2521.22192       2.54364991    
   2566.39380       2.30189586    
   2625.00000       1.98885930    
   2683.60620       1.67636597    
   2728.77808       1.43586850    
   2750.00000       1.32301819    
   2771.22192       1.21048772    
   2816.39380      0.971200109    
   2875.00000      0.661025226    
   2933.60620      0.351041883    
   2978.77808      0.112197034    
   3000.00000       2.81960238E-05
