   0.00000000       9.99996758    
   21.2220135       9.97430134    
   66.3938980       9.91960335    
   125.000000       9.84864521    
   183.606094       9.77770042    
   228.777985       9.72303200    
   250.000000       9.69735622    
   271.222015       9.67170334    
   316.393890       9.61711884    
   375.000000       9.54633331    
   433.606110       9.47558689    
   478.777985       9.42109203    
   500.000000       9.39550591    
   521.221985       9.36996365    
   566.393921       9.31563282    
   625.000000       9.24520111    
   683.606079       9.17483330    
   728.778015       9.12064838    
   750.000000       9.09521580    
   771.221985       9.06984615    
   816.393921       9.01590061    
   875.000000       8.94599247    
   933.606079       8.87616920    
   978.778015       8.82242107    
   1000.00000       8.79720020    
   1021.22198       8.77206135    
   1066.39392       8.71861935    
   1125.00000       8.64938545    
   1183.60608       8.58025551    
   1228.77795       8.52705669    
   1250.00000       8.50209999    
   1271.22205       8.47723961    
   1316.39392       8.42440414    
   1375.00000       8.35597324    
   1433.60608       8.28766346    
   1478.77795       8.23510742    
   1500.00000       8.21045876    
   1521.22205       8.13066864    
   1566.39392       7.85055065    
   1625.00000       7.52544594    
   1683.60608       7.18105030    
   1728.77795       6.92593145    
   1750.00000       6.80345774    
   1771.22205       6.68281937    
   1816.39392       6.42666054    
   1875.00000       6.09523392    
   1933.60608       5.76474428    
   1978.77795       5.51075220    
   2000.00000       5.39174509    
   2021.22205       5.27356291    
   2066.39380       5.02269125    
   2125.00000       4.69818115    
   2183.60620       4.37462950    
   2228.77808       4.12597322    
   2250.00000       4.00945902    
   2271.22192       3.89372063    
   2316.39380       3.64799738    
   2375.00000       3.33006573    
   2433.60620       3.01295781    
   2478.77808       2.76913810    
   2500.00000       2.65483260    
   2521.22192       2.54112697    
   2566.39380       2.29957533    
   2625.00000       1.98681355    
   2683.60620       1.67460620    
   2728.77808       1.43433642    
   2750.00000       1.32159579    
   2771.22192       1.20918167    
   2816.39380      0.970146239    
   2875.00000      0.660304248    
   2933.60620      0.350657672    
   2978.77808      0.112074032    
   3000.00000       2.81651064E-05
