   0.00000000       9.99996758    
   21.2220135       9.97442150    
   66.3938980       9.91997910    
   125.000000       9.84935284    
   183.606094       9.77873802    
   228.777985       9.72432423    
   250.000000       9.69876671    
   271.222015       9.67323112    
   316.393890       9.61889553    
   375.000000       9.54843140    
   433.606110       9.47800446    
   478.777985       9.42375278    
   500.000000       9.39828110    
   521.221985       9.37284946    
   566.393921       9.31875229    
   625.000000       9.24862099    
   683.606079       9.17854977    
   728.778015       9.12458992    
   750.000000       9.09926224    
   771.221985       9.07399368    
   816.393921       9.02025986    
   875.000000       8.95062065    
   933.606079       8.88106155    
   978.778015       8.82751369    
   1000.00000       8.80238533    
   1021.22198       8.77733326    
   1066.39392       8.72407341    
   1125.00000       8.65506840    
   1183.60608       8.58616352    
   1228.77795       8.53313160    
   1250.00000       8.50825214    
   1271.22205       8.48346233    
   1316.39392       8.43077278    
   1375.00000       8.36252499    
   1433.60608       8.29439068    
   1478.77795       8.24196434    
   1500.00000       8.21737385    
   1521.22205       8.13775158    
   1566.39392       7.85820341    
   1625.00000       7.53371477    
   1683.60608       7.18993378    
   1728.77795       6.93523073    
   1750.00000       6.81294203    
   1771.22205       6.69244289    
   1816.39392       6.43654442    
   1875.00000       6.10540152    
   1933.60608       5.77514076    
   1978.77795       5.52128172    
   2000.00000       5.40231800    
   2021.22205       5.28413153    
   2066.39380       5.03320980    
   2125.00000       4.70857859    
   2183.60620       4.38484907    
   2228.77808       4.13601351    
   2250.00000       4.01939726    
   2271.22192       3.90351129    
   2316.39380       3.65743709    
   2375.00000       3.33899951    
   2433.60620       3.02133703    
   2478.77808       2.77705503    
   2500.00000       2.66251826    
   2521.22192       2.54854631    
   2566.39380       2.30639982    
   2625.00000       1.99282956    
   2683.60620       1.67978144    
   2728.77808       1.43884194    
   2750.00000       1.32577860    
   2771.22192       1.21302259    
   2816.39380      0.973245442    
   2875.00000      0.662424505    
   2933.60620      0.351787567    
   2978.77808      0.112435743    
   3000.00000       2.82560304E-05
