   0.00000000       9.99996758    
   21.2220135       9.97449780    
   66.3938980       9.92021751    
   125.000000       9.84980106    
   183.606094       9.77939606    
   228.777985       9.72514248    
   250.000000       9.69966125    
   271.222015       9.67419910    
   316.393890       9.62002182    
   375.000000       9.54976177    
   433.606110       9.47953606    
   478.777985       9.42543983    
   500.000000       9.40003872    
   521.221985       9.37467766    
   566.393921       9.32072926    
   625.000000       9.25078869    
   683.606079       9.18090534    
   728.778015       9.12708855    
   750.000000       9.10182667    
   771.221985       9.07662201    
   816.393921       9.02302170    
   875.000000       8.95355415    
   933.606079       8.88416290    
   978.778015       8.83074093    
   1000.00000       8.80567169    
   1021.22198       8.78067493    
   1066.39392       8.72752953    
   1125.00000       8.65867138    
   1183.60608       8.58990765    
   1228.77795       8.53698158    
   1250.00000       8.51215076    
   1271.22205       8.48740578    
   1316.39392       8.43480968    
   1375.00000       8.36667728    
   1433.60608       8.29865360    
   1478.77795       8.24631023    
   1500.00000       8.22175598    
   1521.22205       8.14224052    
   1566.39392       7.86305380    
   1625.00000       7.53895569    
   1683.60608       7.19556475    
   1728.77795       6.94112539    
   1750.00000       6.81895399    
   1771.22205       6.69854355    
   1816.39392       6.44280958    
   1875.00000       6.11184645    
   1933.60608       5.78173065    
   1978.77795       5.52795601    
   2000.00000       5.40902042    
   2021.22205       5.29083109    
   2066.39380       5.03987789    
   2125.00000       4.71516991    
   2183.60620       4.39132833    
   2228.77808       4.14237881    
   2250.00000       4.02569771    
   2271.22192       3.90971828    
   2316.39380       3.66342163    
   2375.00000       3.34466290    
   2433.60620       3.02664924    
   2478.77808       2.78207421    
   2500.00000       2.66739082    
   2521.22192       2.55324984    
   2566.39380       2.31072640    
   2625.00000       1.99664366    
   2683.60620       1.68306255    
   2728.77808       1.44169855    
   2750.00000       1.32843053    
   2771.22192       1.21545780    
   2816.39380      0.975210309    
   2875.00000      0.663768768    
   2933.60620      0.352503926    
   2978.77808      0.112665065    
   3000.00000       2.83136760E-05
