   0.00000000       9.99996758    
   21.2220135       9.97438240    
   66.3938980       9.91985703    
   125.000000       9.84912109    
   183.606094       9.77839851    
   228.777985       9.72390175    
   250.000000       9.69830608    
   271.222015       9.67273235    
   316.393890       9.61831474    
   375.000000       9.54774666    
   433.606110       9.47721481    
   478.777985       9.42288399    
   500.000000       9.39737415    
   521.221985       9.37190628    
   566.393921       9.31773281    
   625.000000       9.24750423    
   683.606079       9.17733574    
   728.778015       9.12330246    
   750.000000       9.09794044    
   771.221985       9.07263947    
   816.393921       9.01883602    
   875.000000       8.94910908    
   933.606079       8.87946415    
   978.778015       8.82585049    
   1000.00000       8.80069160    
   1021.22198       8.77561092    
   1066.39392       8.72229195    
   1125.00000       8.65321255    
   1183.60608       8.58423328    
   1228.77795       8.53114700    
   1250.00000       8.50624275    
   1271.22205       8.48143005    
   1316.39392       8.42869282    
   1375.00000       8.36038494    
   1433.60608       8.29219341    
   1478.77795       8.23972511    
   1500.00000       8.21511459    
   1521.22205       8.13543797    
   1566.39392       7.85570383    
   1625.00000       7.53101349    
   1683.60608       7.18703222    
   1728.77795       6.93219328    
   1750.00000       6.80984402    
   1771.22205       6.68929958    
   1816.39392       6.43331575    
   1875.00000       6.10208035    
   1933.60608       5.77174473    
   1978.77795       5.51784229    
   2000.00000       5.39886427    
   2021.22205       5.28067923    
   2066.39380       5.02977419    
   2125.00000       4.70518208    
   2183.60620       4.38151073    
   2228.77808       4.13273382    
   2250.00000       4.01615095    
   2271.22192       3.90031314    
   2316.39380       3.65435338    
   2375.00000       3.33608103    
   2433.60620       3.01859975    
   2478.77808       2.77446890    
   2500.00000       2.66000772    
   2521.22192       2.54612255    
   2566.39380       2.30417037    
   2625.00000       1.99086428    
   2683.60620       1.67809081    
   2728.77808       1.43737018    
   2750.00000       1.32441223    
   2771.22192       1.21176791    
   2816.39380      0.972233057    
   2875.00000      0.661731899    
   2933.60620      0.351418465    
   2978.77808      0.112317584    
   3000.00000       2.82263281E-05
