   0.00000000       9.99996758    
   21.2220135       9.97453499    
   66.3938980       9.92033291    
   125.000000       9.85001850    
   183.606094       9.77971458    
   228.777985       9.72553921    
   250.000000       9.70009518    
   271.222015       9.67466927    
   316.393890       9.62056828    
   375.000000       9.55040646    
   433.606110       9.48027897    
   478.777985       9.42625713    
   500.000000       9.40089226    
   521.221985       9.37556458    
   566.393921       9.32168865    
   625.000000       9.25183964    
   683.606079       9.18204784    
   728.778015       9.12830067    
   750.000000       9.10307121    
   771.221985       9.07789707    
   816.393921       9.02436161    
   875.000000       8.95497704    
   933.606079       8.88566685    
   978.778015       8.83230686    
   1000.00000       8.80726528    
   1021.22198       8.78229523    
   1066.39392       8.72920704    
   1125.00000       8.66041851    
   1183.60608       8.59172344    
   1228.77795       8.53884983    
   1250.00000       8.51404190    
   1271.22205       8.48931885    
   1316.39392       8.43676758    
   1375.00000       8.36869144    
   1433.60608       8.30072212    
   1478.77795       8.24841785    
   1500.00000       8.22388268    
   1521.22205       8.14441776    
   1566.39392       7.86540651    
   1625.00000       7.54149818    
   1683.60608       7.19829607    
   1728.77795       6.94398499    
   1750.00000       6.82187033    
   1771.22205       6.70150280    
   1816.39392       6.44584894    
   1875.00000       6.11497307    
   1933.60608       5.78492785    
   1978.77795       5.53119421    
   2000.00000       5.41227198    
   2021.22205       5.29408121    
   2066.39380       5.04311275    
   2125.00000       4.71836710    
   2183.60620       4.39447117    
   2228.77808       4.14546680    
   2250.00000       4.02875423    
   2271.22192       3.91272926    
   2316.39380       3.66632485    
   2375.00000       3.34741068    
   2433.60620       3.02922630    
   2478.77808       2.78450918    
   2500.00000       2.66975474    
   2521.22192       2.55553174    
   2566.39380       2.31282544    
   2625.00000       1.99849415    
   2683.60620       1.68465436    
   2728.77808       1.44308436    
   2750.00000       1.32971704    
   2771.22192       1.21663928    
   2816.39380      0.976163566    
   2875.00000      0.664420903    
   2933.60620      0.352851450    
   2978.77808      0.112776324    
   3000.00000       2.83416430E-05
