   0.00000000       9.99996758    
   21.2220135       9.97446060    
   66.3938980       9.92009926    
   125.000000       9.84957886    
   183.606094       9.77906990    
   228.777985       9.72473717    
   250.000000       9.69921875    
   271.222015       9.67372036    
   316.393890       9.61946487    
   375.000000       9.54910374    
   433.606110       9.47877789    
   478.777985       9.42460442    
   500.000000       9.39916897    
   521.221985       9.37377262    
   566.393921       9.31975079    
   625.000000       9.24971581    
   683.606079       9.17973900    
   728.778015       9.12585258    
   750.000000       9.10055733    
   771.221985       9.07532120    
   816.393921       9.02165508    
   875.000000       8.95210171    
   933.606079       8.88262844    
   978.778015       8.82914352    
   1000.00000       8.80404472    
   1021.22198       8.77902031    
   1066.39392       8.72581863    
   1125.00000       8.65688801    
   1183.60608       8.58805370    
   1228.77795       8.53507614    
   1250.00000       8.51022053    
   1271.22205       8.48545456    
   1316.39392       8.43281174    
   1375.00000       8.36462212    
   1433.60608       8.29654408    
   1478.77795       8.24415970    
   1500.00000       8.21958733    
   1521.22205       8.14001846    
   1566.39392       7.86065292    
   1625.00000       7.53636169    
   1683.60608       7.19277763    
   1728.77795       6.93820810    
   1750.00000       6.81597853    
   1771.22205       6.69552374    
   1816.39392       6.43970823    
   1875.00000       6.10865641    
   1933.60608       5.77846909    
   1978.77795       5.52465248    
   2000.00000       5.40570307    
   2021.22205       5.28751469    
   2066.39380       5.03657770    
   2125.00000       4.71190739    
   2183.60620       4.38812113    
   2228.77808       4.13922834    
   2250.00000       4.02257919    
   2271.22192       3.90664601    
   2316.39380       3.66045928    
   2375.00000       3.34185958    
   2433.60620       3.02401972    
   2478.77808       2.77958989    
   2500.00000       2.66497898    
   2521.22192       2.55092168    
   2566.39380       2.30858469    
   2625.00000       1.99475574    
   2683.60620       1.68143845    
   2728.77808       1.44028461    
   2750.00000       1.32711792    
   2771.22192       1.21425247    
   2816.39380      0.974237740    
   2875.00000      0.663103342    
   2933.60620      0.352149338    
   2978.77808      0.112551555    
   3000.00000       2.82851415E-05
