           1
       20001
       40001
       60001
       80001
      100001
      120001
      140001
      160001
      180001
      200001
      220001
      240001
      260001
      280001
      300001
      320001
      340001
      360001
      380001
      400001
      420001
      440001
      460001
      480001
      500001
      520001
      540001
      560001
      580001
      600001
      620001
      640001
      660001
      680001
      700001
      720001
      740001
      760001
      780001
      800001
      820001
      840001
      860001
      880001
      900001
      920001
      940001
      960001
      980001
     1000001
     1020001
     1040001
     1060001
     1080001
     1100001
     1120001
     1140001
     1160001
     1180001
     1200001
     1220001
     1240001
     1260001
     1280001
     1300001
     1320001
     1340001
     1360001
     1380001
     1400001
     1420001
     1440001
     1460001
     1480001
     1500001
     1520001
     1540001
     1560001
     1580001
     1600001
     1620001
     1640001
     1660001
     1680001
     1700001
     1720001
     1740001
     1760001
     1780001
     1800001
     1820001
     1840001
     1860001
     1880001
     1900001
     1920001
     1940001
     1960001
     1980001
     2000001
     2020001
     2040001
     2060001
     2080001
     2100001
     2120001
     2140001
     2160001
     2180001
     2200001
     2220001
     2240001
     2260001
     2280001
     2300001
     2320001
     2340001
     2360001
     2380001
     2400001
     2420001
     2440001
     2460001
     2480001
     2500001
     2520001
     2540001
     2560001
     2580001
     2600001
     2620001
     2640001
     2660001
     2680001
     2700001
     2720001
     2740001
     2760001
     2780001
     2800001
     2820001
     2840001
     2860001
     2880001
     2900001
     2920001
     2940001
     2960001
     2980001
     3000001
     3020001
     3040001
     3060001
     3080001
     3100001
     3120001
     3140001
     3160001
     3180001
     3200001
     3220001
     3240001
     3260001
     3280001
     3300001
     3320001
     3340001
     3360001
     3380001
     3400001
     3420001
     3440001
     3460001
     3480001
     3500001
     3520001
     3540001
     3560001
     3580001
     3600001
     3620001
     3640001
     3660001
     3680001
     3700001
     3720001
     3740001
     3760001
     3780001
     3800001
     3820001
     3840001
     3860001
     3880001
     3900001
     3920001
     3940001
     3960001
     3980001
